1 0 0 0 0 0 0 0 0 0 0 0 0 0 0 0 0 0 0 0 0
2 0 0 0 0 0 0 0 0 0 0 0 0 0 0 0 0 0 0 0 0
3 0 0 0 0 0 0 0 0 0 0 0 0 0 0 0 0 0 0 0 0
4 0 0 0 0 0 0 0 0 0 0 0 0 0 0 0 0 0 0 0 0
5 0 0 0 0 0 0 0 0 0 0 0 0 0 0 0 0 0 0 0 0
6 0 0 0 0 0 0 0 0 0 0 0 0 0 0 0 0 0 0 0 0
7 0 0 0 0 0 0 0 0 0 0 0 0 0 0 0 0 0 0 0 0
8 0 0 0 0 0 0 0 0 0 0 0 0 0 0 0 0 0 0 0 0
9 0 0 0 0 0 0 0 0 0 0 0 0 0 0 0 0 0 0 0 0
10 0 0 0 0 0 0 0 0 0 0 0 0 0 0 0 0 0 0 0 0
11 0 0 0 0 0 0 0 0 0 0 0 0 0 0 0 0 0 0 0 0
12 0 0 0 0 0 0 0 0 0 0 0 0 0 0 0 0 0 0 0 0
13 0 0 0 0 0 0 0 0 0 0 0 0 0 0 0 0 0 0 0 0
14 0 0 0 0 0 0 0 0 0 0 0 0 0 0 0 0 0 0 0 0
15 0 0 0 0 0 0 0 0 0 0 0 0 0 0 0 0 0 0 0 0
16 0 0 0 0 0 0 0 0 0 0 0 0 0 0 0 0 0 0 0 0
17 0 0 0 0 0 0 0 0 0 0 0 0 0 0 0 0 0 0 0 0
18 0 0 0 0 0 0 0 0 0 0 0 0 0 0 0 0 0 0 0 0
19 0 0 0 0 0 0 0 0 0 0 0 0 0 0 0 0 0 0 0 0
20 0.043211 0.046451 0.053406 0.055038 0.052673 0.053542 0.057646 0.061019 0.056834 0.05265 0.052251 0.055635 0.059019 0.055263 0.050816 0.045642 0.03974 0.036454 0.036649 0.036061
21 0.058094 0.064336 0.066211 0.066386 0.065285 0.063157 0.060004 0.056894 0.054225 0.051557 0.049448 0.0479 0.046351 0.043659 0.040856 0.037746 0.034329 0.031903 0.030794 0.030863
22 0.066204 0.068623 0.068379 0.067195 0.065306 0.062556 0.058946 0.055457 0.053223 0.050989 0.048669 0.046262 0.043856 0.041584 0.039325 0.037127 0.034989 0.03254 0.029675 0.029094
23 0.069624 0.071766 0.069808 0.066933 0.063367 0.060449 0.058177 0.055875 0.053262 0.05065 0.048207 0.045933 0.043658 0.041381 0.039103 0.036856 0.034639 0.032404 0.030146 0.027763
24 0.073104 0.073867 0.069917 0.066589 0.063729 0.060995 0.05839 0.055789 0.05324 0.050692 0.048183 0.045715 0.043246 0.040911 0.03859 0.036224 0.033813 0.031376 0.028903 0.026726
25 0.074591 0.074153 0.070397 0.067219 0.064476 0.061717 0.058943 0.056186 0.053605 0.051025 0.048416 0.045777 0.043138 0.040531 0.037926 0.035343 0.032782 0.030292 0.027896 0.025588
26 0.077112 0.074086 0.071063 0.068105 0.065197 0.062295 0.059401 0.056522 0.05381 0.051097 0.048359 0.045594 0.04283 0.040067 0.037305 0.034592 0.03193 0.029342 0.026854 0.024439
27 0.077942 0.07505 0.072024 0.068995 0.065962 0.062958 0.059984 0.057012 0.054059 0.051107 0.048201 0.045339 0.042478 0.03957 0.036658 0.033856 0.031165 0.028488 0.02583 0.023323
28 0.078945 0.075793 0.072757 0.069702 0.066632 0.063563 0.060493 0.057421 0.054316 0.051212 0.048146 0.045119 0.042093 0.039129 0.036172 0.033276 0.030443 0.027639 0.024871 0.022275
29 0.079899 0.076722 0.073557 0.070366 0.067155 0.063974 0.060824 0.057672 0.054501 0.05133 0.048154 0.044974 0.041794 0.038745 0.035709 0.032723 0.029788 0.026874 0.023987 0.021252
30 0.080655 0.077455 0.074185 0.07093 0.067688 0.064417 0.061117 0.057824 0.054598 0.051371 0.048138 0.044897 0.041655 0.038512 0.035378 0.032265 0.029173 0.026148 0.023213 0.02038
31 0.081441 0.078099 0.074766 0.071431 0.068094 0.064758 0.061424 0.05809 0.054768 0.051446 0.048135 0.044835 0.041536 0.038285 0.035038 0.031813 0.028609 0.025473 0.022426 0.019532
32 0.082168 0.078668 0.075222 0.071838 0.0685 0.065119 0.061694 0.058273 0.054898 0.051523 0.04816 0.044811 0.041462 0.038092 0.034721 0.031389 0.028096 0.024873 0.021742 0.018749
33 0.082627 0.079147 0.07571 0.072286 0.068872 0.065442 0.061996 0.058548 0.055093 0.051638 0.04819 0.044748 0.041306 0.037866 0.034428 0.031028 0.027666 0.024347 0.021084 0.017978
34 0.083111 0.079619 0.076121 0.072656 0.069216 0.065748 0.062254 0.058757 0.055245 0.051732 0.048222 0.044713 0.041204 0.037691 0.034177 0.030693 0.027238 0.02383 0.020485 0.017286
35 0.083412 0.079911 0.076509 0.073036 0.069508 0.065996 0.062499 0.058994 0.055418 0.051841 0.048268 0.044697 0.041126 0.037549 0.033971 0.030411 0.02687 0.023378 0.019949 0.016655
36 0.083726 0.080267 0.076784 0.073295 0.069801 0.066275 0.062715 0.059153 0.055555 0.051957 0.048343 0.044714 0.041085 0.037435 0.033782 0.030142 0.026514 0.022944 0.019451 0.016061
37 0.08398 0.080476 0.077024 0.073539 0.070032 0.066496 0.062933 0.059363 0.055714 0.052066 0.048405 0.044733 0.041061 0.037356 0.033649 0.02994 0.026229 0.022567 0.018968 0.01547
38 0.0842 0.080736 0.077309 0.073815 0.070271 0.066689 0.063067 0.059443 0.055792 0.052141 0.048464 0.04476 0.041057 0.037283 0.033503 0.029736 0.025983 0.022258 0.018571 0.014925
39 0.085313 0.082028 0.078792 0.075559 0.072329 0.068985 0.065529 0.062057 0.058421 0.054784 0.048664 0.040059 0.031454 0.031481 0.032344 0.030727 0.026632 0.022493 0.018295 0.014055
40 0.084962 0.082081 0.07875 0.075443 0.072155 0.068797 0.065368 0.061925 0.058324 0.054723 0.048856 0.040723 0.03259 0.03216 0.032476 0.030553 0.026391 0.022182 0.017912 0.01363
41 0.08465 0.081728 0.07847 0.075248 0.072054 0.068745 0.065321 0.061878 0.05825 0.054621 0.04899 0.041358 0.033726 0.032882 0.032695 0.030472 0.026214 0.021919 0.017573 0.013207
42 0.084051 0.081376 0.078265 0.075131 0.07198 0.068709 0.065319 0.061904 0.058243 0.054582 0.04913 0.041885 0.034641 0.033464 0.032875 0.030427 0.026121 0.021753 0.017305 0.012841
43 0.083714 0.081082 0.07801 0.074924 0.071827 0.068608 0.065268 0.061897 0.058212 0.054527 0.049261 0.042413 0.035565 0.034063 0.033078 0.030393 0.026008 0.021563 0.017037 0.012549
44 0.08324 0.080687 0.077714 0.074667 0.071564 0.068387 0.065136 0.061853 0.05824 0.054626 0.049558 0.043034 0.03651 0.034675 0.033293 0.03038 0.025937 0.021421 0.016808 0.012269
45 0.082744 0.080051 0.0774 0.074484 0.071369 0.068244 0.065107 0.061929 0.058311 0.054693 0.049785 0.043586 0.037388 0.035243 0.03349 0.030363 0.025861 0.021293 0.016636 0.012024
46 0.082241 0.07956 0.076904 0.074107 0.071204 0.068187 0.065054 0.061886 0.058344 0.054803 0.050081 0.044179 0.038278 0.035833 0.033723 0.030382 0.025808 0.021183 0.01649 0.011753
47 0.081684 0.07918 0.076565 0.073833 0.071013 0.068037 0.064905 0.061746 0.058307 0.054867 0.050352 0.044761 0.039169 0.036446 0.033999 0.030454 0.025812 0.021106 0.016317 0.011446
48 0.081053 0.078695 0.076171 0.073535 0.070813 0.067919 0.064854 0.061758 0.058347 0.054935 0.050572 0.045257 0.039942 0.036994 0.034275 0.030565 0.025862 0.021072 0.016165 0.011215
49 0.080454 0.078214 0.075794 0.073257 0.070632 0.067805 0.064776 0.061716 0.058333 0.05495 0.05076 0.045763 0.040766 0.037553 0.034513 0.030634 0.025918 0.021079 0.016078 0.011006
50 0.079885 0.077749 0.075433 0.072948 0.070337 0.06758 0.064676 0.061732 0.058369 0.055005 0.050964 0.046245 0.041526 0.038105 0.034809 0.03077 0.025988 0.021072 0.015979 0.010827
51 0.079262 0.077228 0.075017 0.07263 0.070109 0.067428 0.064585 0.061704 0.058428 0.055151 0.051262 0.046758 0.042255 0.038606 0.03504 0.030852 0.026041 0.021073 0.015894 0.010677
52 0.078594 0.076672 0.074567 0.072278 0.069849 0.067257 0.0645 0.061703 0.058476 0.05525 0.051513 0.047264 0.043016 0.039143 0.035306 0.03097 0.026134 0.021119 0.015866 0.010523
53 0.077967 0.076157 0.074126 0.071941 0.069642 0.067142 0.064442 0.0617 0.058518 0.055336 0.051731 0.047703 0.043676 0.039639 0.035602 0.031128 0.026217 0.021141 0.015842 0.01035
54 0.077353 0.075576 0.073697 0.07161 0.069368 0.066938 0.06432 0.061658 0.058541 0.055423 0.051966 0.04817 0.044373 0.040171 0.035929 0.031327 0.026363 0.021211 0.015809 0.010198
55 0.076686 0.074993 0.073178 0.071188 0.069065 0.066748 0.064238 0.061679 0.058617 0.055556 0.05223 0.04864 0.04505 0.040689 0.036253 0.031529 0.026517 0.021294 0.015788 0.010061
56 0.076011 0.074391 0.072734 0.070864 0.068834 0.066599 0.064158 0.061667 0.058655 0.055642 0.052444 0.049061 0.045677 0.041171 0.036556 0.031722 0.026669 0.021386 0.015798 0.0099629
57 0.075288 0.073776 0.072241 0.070476 0.068538 0.066392 0.064038 0.061633 0.058693 0.055754 0.052695 0.049517 0.046339 0.041684 0.036887 0.031945 0.026858 0.021517 0.015837 0.0098911
58 0.074584 0.073261 0.071835 0.070124 0.068198 0.066129 0.063916 0.061644 0.05876 0.055875 0.052941 0.049956 0.046972 0.042163 0.037177 0.032134 0.027034 0.021644 0.015868 0.0097838
59 0.073881 0.072748 0.071364 0.06971 0.067852 0.065871 0.063768 0.061603 0.0588 0.055997 0.05319 0.05038 0.04757 0.042657 0.037539 0.032394 0.027222 0.021776 0.015968 0.0097094
60 0.073194 0.071945 0.070793 0.069307 0.067572 0.065698 0.063686 0.061613 0.058897 0.05618 0.053492 0.050831 0.04817 0.043142 0.037884 0.03264 0.027407 0.021896 0.016011 0.0096436
61 0.072292 0.071233 0.070213 0.068866 0.067274 0.065521 0.063607 0.061629 0.058994 0.056358 0.053785 0.051274 0.048763 0.043645 0.038275 0.032942 0.027646 0.022051 0.016058 0.0095735
62 0.071572 0.070553 0.069742 0.068543 0.067051 0.06537 0.0635 0.06157 0.059021 0.056473 0.054022 0.051668 0.049314 0.044107 0.038623 0.033206 0.027856 0.022192 0.016108 0.0095105
63 0.070603 0.069973 0.069163 0.068065 0.066749 0.065177 0.063348 0.061466 0.059026 0.056585 0.054281 0.052113 0.049945 0.04464 0.039032 0.033538 0.028158 0.022423 0.016214 0.0094998
64 0.069745 0.069363 0.06864 0.067619 0.066372 0.064914 0.063244 0.061509 0.059094 0.056678 0.054482 0.052505 0.050528 0.04514 0.039422 0.033853 0.028435 0.022635 0.016326 0.0094953
65 0.06895 0.068772 0.068063 0.067126 0.066019 0.064695 0.063156 0.061541 0.059156 0.05677 0.054673 0.052863 0.051053 0.045609 0.039814 0.034184 0.02872 0.022851 0.016442 0.0095428
66 0.068022 0.067863 0.067532 0.066809 0.065792 0.064552 0.06309 0.06155 0.0592 0.05685 0.054855 0.053214 0.051573 0.046083 0.040221 0.034543 0.029049 0.023106 0.016564 0.009529
67 0.067203 0.067082 0.066875 0.066298 0.065444 0.064359 0.063042 0.061639 0.059339 0.057039 0.055122 0.053587 0.052053 0.046517 0.040594 0.03488 0.029374 0.023368 0.016697 0.0094894
68 0.066462 0.066567 0.066348 0.065852 0.065149 0.064171 0.062918 0.06158 0.059368 0.057155 0.05534 0.053921 0.052502 0.046922 0.040939 0.035194 0.029686 0.023634 0.016857 0.0094374
69 0.065801 0.066008 0.065778 0.065355 0.064787 0.063917 0.062745 0.061491 0.05939 0.057289 0.055588 0.054285 0.052982 0.047377 0.041356 0.035568 0.030012 0.023888 0.017006 0.0093786
70 0.064997 0.065517 0.065227 0.064842 0.064385 0.06365 0.062637 0.061533 0.059484 0.057434 0.055826 0.054658 0.05349 0.047806 0.041684 0.035841 0.030277 0.024117 0.017166 0.0094295
71 0.06448 0.06494 0.064597 0.064273 0.063964 0.063333 0.062382 0.061348 0.059443 0.057538 0.056063 0.055016 0.05397 0.048284 0.042149 0.036274 0.03066 0.024422 0.017355 0.0095095
72 0.063602 0.064389 0.06402 0.063787 0.063654 0.063109 0.062151 0.061126 0.059399 0.057672 0.056334 0.055386 0.054438 0.048751 0.042604 0.036706 0.031055 0.024741 0.017544 0.0095319
73 0.062844 0.063929 0.06346 0.063289 0.063341 0.062858 0.06184 0.060779 0.059261 0.057744 0.056571 0.055743 0.054916 0.049258 0.043133 0.037205 0.031475 0.025059 0.017731 0.0095642
74 0.062116 0.06321 0.062667 0.062574 0.062821 0.062548 0.061756 0.060904 0.05943 0.057956 0.056841 0.056083 0.055325 0.049716 0.043636 0.037686 0.031865 0.025344 0.017894 0.0096285
75 0.06131 0.062235 0.061774 0.061813 0.062228 0.062208 0.061755 0.061211 0.059718 0.058225 0.057136 0.05645 0.055765 0.05019 0.044141 0.038178 0.032299 0.025681 0.018079 0.0096031
76 0.060516 0.061139 0.061008 0.061193 0.061615 0.061766 0.061647 0.061408 0.059942 0.058475 0.057464 0.056907 0.056351 0.050736 0.044631 0.038626 0.032721 0.026024 0.018274 0.0095549
77 0.059414 0.060143 0.060507 0.060843 0.061158 0.061365 0.061464 0.061439 0.060128 0.058816 0.057874 0.0573 0.056726 0.051129 0.045045 0.03904 0.033112 0.026359 0.01851 0.0096255
78 0.058484 0.059421 0.059968 0.0604 0.060748 0.06104 0.061279 0.061394 0.06024 0.059087 0.058217 0.057631 0.057045 0.051506 0.045489 0.039482 0.033483 0.026659 0.018736 0.0096903
79 0.057669 0.058749 0.059522 0.060075 0.060463 0.060782 0.061031 0.061172 0.060199 0.059226 0.058477 0.057952 0.057427 0.051918 0.045927 0.039904 0.033848 0.026954 0.018945 0.00976
80 0.057011 0.058044 0.05903 0.05975 0.060268 0.060635 0.060849 0.060969 0.060121 0.059273 0.058618 0.058155 0.057693 0.052295 0.046419 0.040404 0.034251 0.027253 0.019131 0.0098306
81 0.056261 0.057454 0.058639 0.059421 0.059902 0.060275 0.060542 0.060724 0.060034 0.059345 0.058827 0.058481 0.058135 0.052714 0.046802 0.040803 0.034716 0.027672 0.019353 0.0099007
82 0.055485 0.056706 0.058084 0.058999 0.059566 0.059967 0.060204 0.060374 0.059857 0.05934 0.059009 0.058862 0.058715 0.053271 0.047315 0.041304 0.035238 0.028121 0.019607 0.0099742
83 0.054567 0.055772 0.057351 0.058446 0.059177 0.059653 0.059874 0.060045 0.059693 0.059341 0.059196 0.059258 0.059321 0.053915 0.04798 0.041946 0.035814 0.028604 0.019961 0.010085
84 0.053429 0.054932 0.056269 0.057516 0.058696 0.05946 0.05981 0.060102 0.05979 0.059478 0.059455 0.059722 0.059989 0.054535 0.048528 0.042452 0.036308 0.029059 0.02034 0.010131
85 0.052535 0.053982 0.055407 0.056755 0.058047 0.058984 0.059568 0.060088 0.059944 0.059799 0.059887 0.060206 0.060526 0.055065 0.049046 0.042966 0.036825 0.029524 0.020677 0.010169
86 0.051866 0.053258 0.054772 0.056186 0.057525 0.058558 0.059284 0.059957 0.060072 0.060187 0.06035 0.060562 0.060774 0.055443 0.049575 0.043508 0.037244 0.029827 0.020878 0.010174
87 0.051293 0.052953 0.054446 0.055796 0.057039 0.058135 0.059085 0.059962 0.060096 0.06023 0.060459 0.060781 0.061104 0.055806 0.049965 0.043865 0.037506 0.030056 0.021152 0.010272
88 0.050583 0.052548 0.053944 0.055299 0.056623 0.05783 0.058919 0.059926 0.06009 0.060254 0.060554 0.060989 0.061425 0.056106 0.050231 0.044212 0.038048 0.030609 0.021475 0.010336
89 0.049656 0.051908 0.053211 0.05467 0.056247 0.057581 0.058672 0.059701 0.060082 0.060463 0.060842 0.06122 0.061597 0.056468 0.050806 0.044873 0.038669 0.03111 0.021748 0.010479
90 0.048747 0.051159 0.052315 0.053843 0.055651 0.057201 0.058495 0.059721 0.060244 0.060766 0.061164 0.061436 0.061708 0.056839 0.051473 0.045645 0.039355 0.031641 0.02203 0.010567
91 0.047895 0.05013 0.051457 0.053081 0.054928 0.056707 0.058416 0.060012 0.060435 0.060857 0.061241 0.061584 0.061928 0.057326 0.052246 0.046481 0.040032 0.032181 0.022464 0.010599
92 0.047022 0.049343 0.05096 0.052592 0.054235 0.056149 0.058333 0.060338 0.0605 0.060662 0.061001 0.061518 0.062035 0.057773 0.053048 0.047375 0.040751 0.032745 0.022899 0.010721
93 0.046023 0.048768 0.050609 0.052205 0.053616 0.055582 0.058104 0.060401 0.060373 0.060345 0.060723 0.061507 0.062291 0.058312 0.053871 0.048216 0.041347 0.03323 0.023451 0.011023
94 0.04517 0.047733 0.050076 0.051882 0.053284 0.055344 0.058063 0.060536 0.060462 0.060389 0.0607 0.061396 0.062091 0.058495 0.054484 0.048923 0.041812 0.03367 0.024153 0.011335
95 0.044149 0.046931 0.049489 0.051383 0.05278 0.055002 0.05805 0.060807 0.060557 0.060307 0.060564 0.061328 0.062091 0.058803 0.055123 0.049679 0.042472 0.034284 0.024789 0.011412
96 0.042834 0.045948 0.048314 0.050533 0.052641 0.055173 0.058128 0.060792 0.060437 0.060081 0.060311 0.061126 0.061942 0.059138 0.055985 0.050761 0.043465 0.035089 0.025274 0.012028
97 0.041812 0.044884 0.047332 0.049838 0.052387 0.055155 0.058143 0.060835 0.060478 0.060122 0.060277 0.060944 0.061611 0.05937 0.056849 0.051824 0.044295 0.035769 0.025915 0.012161
98 0.041236 0.044207 0.04681 0.049485 0.052215 0.055243 0.058569 0.061509 0.060458 0.059406 0.059391 0.060412 0.061434 0.059527 0.057337 0.052488 0.04498 0.036446 0.026544 0.012305
99 0.040478 0.043911 0.046422 0.04915 0.05204 0.055304 0.058941 0.062112 0.060466 0.058819 0.058609 0.059835 0.061061 0.059526 0.057723 0.053071 0.045569 0.037068 0.027238 0.012656
100 0.040143 0.043405 0.046016 0.048933 0.052079 0.055279 0.058532 0.061367 0.059874 0.058381 0.058317 0.059681 0.061044 0.059794 0.058291 0.053781 0.046262 0.037744 0.027894 0.013182
101 0.039955 0.043425 0.045375 0.048206 0.051698 0.055274 0.058936 0.06209 0.059986 0.057883 0.057653 0.059296 0.060939 0.060003 0.058817 0.054333 0.04655 0.037937 0.028219 0.013425
102 0.039055 0.042514 0.044467 0.047546 0.05147 0.055367 0.059236 0.062545 0.060067 0.057589 0.057259 0.059077 0.060895 0.060309 0.05949 0.055156 0.047308 0.038534 0.028528 0.013589
103 0.038065 0.041488 0.043603 0.046893 0.051064 0.055378 0.059832 0.06362 0.060511 0.057401 0.056738 0.058521 0.060304 0.060263 0.060045 0.056007 0.048147 0.039265 0.029019 0.013838
104 0.037614 0.041146 0.043329 0.046595 0.050675 0.055163 0.060061 0.064191 0.060381 0.05657 0.055739 0.057888 0.060037 0.060369 0.060527 0.056751 0.049043 0.0402 0.029846 0.013875
105 0.037172 0.040879 0.043222 0.046273 0.049853 0.054364 0.059806 0.064387 0.06008 0.055772 0.054916 0.057511 0.060106 0.060814 0.061339 0.057681 0.04984 0.040939 0.030628 0.014421
106 0.036636 0.040502 0.043193 0.046185 0.049402 0.053977 0.05991 0.064902 0.060175 0.055447 0.054385 0.05699 0.059595 0.060864 0.062003 0.058465 0.05025 0.041289 0.031336 0.014493
107 0.036022 0.03998 0.042856 0.045929 0.049151 0.053843 0.060006 0.065209 0.060484 0.055759 0.054615 0.057053 0.059491 0.060919 0.062248 0.058552 0.04983 0.040881 0.031628 0.015542
108 0.03608 0.040069 0.043478 0.046312 0.048713 0.053304 0.060084 0.065801 0.06053 0.055259 0.053948 0.056596 0.059245 0.060946 0.062554 0.058838 0.049795 0.040807 0.031892 0.015749
109 0.035747 0.04103 0.044474 0.046897 0.048555 0.052984 0.060184 0.066217 0.060169 0.054122 0.052688 0.055867 0.059046 0.06086 0.062542 0.058909 0.049961 0.041025 0.032104 0.016619
110 0.036085 0.041451 0.044985 0.047048 0.048005 0.052173 0.05955 0.065701 0.059171 0.052641 0.051382 0.055395 0.059408 0.061064 0.062492 0.059174 0.051109 0.042544 0.033312 0.017308
111 0.036297 0.042021 0.045779 0.047442 0.047533 0.051668 0.059847 0.066671 0.059474 0.052278 0.050763 0.05493 0.059096 0.060609 0.061865 0.05868 0.051053 0.04271 0.033415 0.017869
112 0.036311 0.043529 0.046935 0.048354 0.048281 0.052282 0.060359 0.067058 0.059523 0.051987 0.049915 0.053305 0.056696 0.059373 0.06198 0.059377 0.051564 0.042701 0.032442 0.018027
113 0.035888 0.044248 0.047754 0.049029 0.04863 0.052408 0.060364 0.066986 0.059812 0.052638 0.050297 0.052788 0.05528 0.058367 0.061511 0.059386 0.051991 0.043009 0.031915 0.0177
114 0.034703 0.04404 0.048108 0.049402 0.048611 0.052301 0.060472 0.067295 0.060186 0.053077 0.050643 0.052885 0.055127 0.058171 0.061294 0.059205 0.051906 0.043054 0.032134 0.017387
115 0.033357 0.043764 0.048126 0.050191 0.050531 0.054417 0.061851 0.067968 0.060482 0.052996 0.050184 0.052047 0.053909 0.057477 0.061209 0.059189 0.051418 0.042523 0.032129 0.016232
