1 0 0 0 0 0 0 0 0 0 0 0 0 0 0 0 0 0 0 0 0
2 0 0 0 0 0 0 0 0 0 0 0 0 0 0 0 0 0 0 0 0
3 0 0 0 0 0 0 0 0 0 0 0 0 0 0 0 0 0 0 0 0
4 0 0 0 0 0 0 0 0 0 0 0 0 0 0 0 0 0 0 0 0
5 0 0 0 0 0 0 0 0 0 0 0 0 0 0 0 0 0 0 0 0
6 0 0 0 0 0 0 0 0 0 0 0 0 0 0 0 0 0 0 0 0
7 0 0 0 0 0 0 0 0 0 0 0 0 0 0 0 0 0 0 0 0
8 0 0 0 0 0 0 0 0 0 0 0 0 0 0 0 0 0 0 0 0
9 0 0 0 0 0 0 0 0 0 0 0 0 0 0 0 0 0 0 0 0
10 0 0 0 0 0 0 0 0 0 0 0 0 0 0 0 0 0 0 0 0
11 0 0 0 0 0 0 0 0 0 0 0 0 0 0 0 0 0 0 0 0
12 0 0 0 0 0 0 0 0 0 0 0 0 0 0 0 0 0 0 0 0
13 0 0 0 0 0 0 0 0 0 0 0 0 0 0 0 0 0 0 0 0
14 0 0 0 0 0 0 0 0 0 0 0 0 0 0 0 0 0 0 0 0
15 0 0 0 0 0 0 0 0 0 0 0 0 0 0 0 0 0 0 0 0
16 0 0 0 0 0 0 0 0 0 0 0 0 0 0 0 0 0 0 0 0
17 0 0 0 0 0 0 0 0 0 0 0 0 0 0 0 0 0 0 0 0
18 0 0 0 0 0 0 0 0 0 0 0 0 0 0 0 0 0 0 0 0
19 0 0 0 0 0 0 0 0 0 0 0 0 0 0 0 0 0 0 0 0
20 0 0 0 0 0 0 0 0 0 0 0 0 0 0 0 0 0 0 0 0
21 0 0 0 0 0 0 0 0 0 0 0 0 0 0 0 0 0 0 0 0
22 0 0 0 0 0 0 0 0 0 0 0 0 0 0 0 0 0 0 0 0
23 0 0 0 0 0 0 0 0 0 0 0 0 0 0 0 0 0 0 0 0
24 0.042597 0.04588 0.052851 0.054558 0.052311 0.053083 0.056873 0.060001 0.056293 0.052585 0.052484 0.05599 0.059496 0.055787 0.051381 0.046231 0.040338 0.037086 0.037353 0.036821
25 0.043051 0.046632 0.053252 0.054794 0.052523 0.05364 0.058144 0.061852 0.057341 0.052829 0.052211 0.055486 0.058761 0.05504 0.050642 0.045492 0.039589 0.036303 0.036501 0.035918
26 0.058431 0.065338 0.066698 0.066535 0.065228 0.063004 0.059862 0.056768 0.054162 0.051556 0.049373 0.047613 0.045853 0.043264 0.040594 0.037677 0.034513 0.032119 0.030751 0.030661
27 0.066303 0.068794 0.068559 0.067222 0.065056 0.06225 0.058803 0.055462 0.053215 0.050969 0.048666 0.046308 0.04395 0.041637 0.039328 0.037119 0.035011 0.032584 0.029732 0.029031
28 0.070003 0.071809 0.069788 0.066907 0.06338 0.060446 0.058103 0.055743 0.05319 0.050637 0.048221 0.045941 0.043662 0.041386 0.03911 0.036855 0.034621 0.032364 0.030078 0.027757
29 0.073213 0.073834 0.069805 0.066539 0.063845 0.061158 0.058476 0.055807 0.05326 0.050713 0.048203 0.045727 0.043252 0.040886 0.03853 0.036151 0.033748 0.031324 0.028872 0.026656
30 0.074682 0.074011 0.070425 0.067285 0.06448 0.061718 0.058996 0.056284 0.053663 0.051042 0.048416 0.045785 0.043153 0.04053 0.037908 0.03531 0.032737 0.030233 0.027821 0.025522
31 0.077048 0.074056 0.071108 0.068175 0.065253 0.062341 0.059438 0.056551 0.053834 0.051117 0.048374 0.045604 0.042835 0.040055 0.037274 0.034554 0.031894 0.029305 0.026813 0.024372
32 0.077982 0.075047 0.072036 0.069019 0.065996 0.062994 0.060014 0.057037 0.054079 0.051122 0.048211 0.045347 0.042484 0.039563 0.036637 0.033824 0.031123 0.028439 0.025778 0.023269
33 0.078979 0.07583 0.072789 0.069729 0.066654 0.063581 0.060508 0.057432 0.05433 0.051227 0.048157 0.04512 0.042083 0.039117 0.036159 0.033257 0.030412 0.027598 0.024825 0.022216
34 0.079933 0.076755 0.0736 0.070415 0.067207 0.064018 0.060847 0.057677 0.054501 0.051325 0.048147 0.044968 0.041789 0.038733 0.035689 0.032693 0.029744 0.026823 0.023937 0.021198
35 0.080694 0.077487 0.074206 0.07095 0.067712 0.064443 0.061142 0.057846 0.05461 0.051374 0.048135 0.044893 0.041651 0.038505 0.035368 0.032249 0.029146 0.026109 0.023161 0.020321
36 0.08146 0.078117 0.074782 0.071446 0.06811 0.064774 0.061438 0.058104 0.054782 0.051459 0.048146 0.044842 0.041538 0.03828 0.035026 0.031795 0.028585 0.025443 0.022388 0.019486
37 0.082155 0.078714 0.07526 0.071863 0.068509 0.065125 0.061712 0.0583 0.054911 0.051523 0.048156 0.044811 0.041466 0.038094 0.034719 0.031379 0.028073 0.024838 0.021698 0.018693
38 0.082646 0.079162 0.07572 0.072299 0.068894 0.065465 0.062012 0.058558 0.055105 0.051652 0.048202 0.044755 0.041308 0.037862 0.034417 0.031009 0.027639 0.024314 0.021049 0.017935
39 0.086322 0.083041 0.079676 0.076224 0.072709 0.069176 0.065627 0.062052 0.058206 0.05436 0.047282 0.036971 0.026659 0.028702 0.03194 0.031693 0.02796 0.024217 0.02046 0.016721
40 0.086482 0.083351 0.079839 0.076356 0.072897 0.069396 0.065856 0.062287 0.058426 0.054565 0.047404 0.036941 0.026479 0.028578 0.031892 0.031609 0.02773 0.023843 0.019944 0.016124
41 0.086284 0.082865 0.079439 0.076034 0.072644 0.069219 0.065759 0.062281 0.058616 0.054952 0.048042 0.037885 0.027728 0.029282 0.031968 0.031324 0.02735 0.023373 0.019392 0.015565
42 0.085953 0.082595 0.079294 0.075933 0.072526 0.069066 0.065551 0.062029 0.058437 0.054845 0.048261 0.038684 0.029108 0.030135 0.032187 0.031178 0.027107 0.023063 0.019053 0.014995
43 0.085555 0.082001 0.07899 0.075828 0.072552 0.069139 0.065587 0.062031 0.058433 0.054835 0.048494 0.039411 0.030329 0.03084 0.032279 0.030951 0.026853 0.022755 0.018656 0.014481
44 0.085229 0.081983 0.078784 0.075553 0.072297 0.068949 0.065507 0.062048 0.05842 0.054792 0.048693 0.040124 0.031555 0.031546 0.032365 0.030725 0.026625 0.022483 0.018284 0.014037
45 0.084902 0.082059 0.078699 0.075391 0.072123 0.068778 0.065356 0.061918 0.058324 0.05473 0.048882 0.04078 0.032679 0.032223 0.032507 0.030563 0.026393 0.022178 0.017903 0.013613
46 0.084579 0.081666 0.07842 0.075218 0.072051 0.068753 0.065324 0.061878 0.058248 0.054619 0.049002 0.0414 0.033797 0.032935 0.032726 0.030488 0.026223 0.02192 0.017565 0.013187
47 0.083982 0.081317 0.078222 0.075095 0.071943 0.068683 0.065312 0.061916 0.058255 0.054593 0.049153 0.041933 0.034714 0.033517 0.032903 0.030441 0.026132 0.021759 0.017301 0.012829
48 0.083666 0.081041 0.077979 0.074893 0.07179 0.068575 0.065248 0.061891 0.058214 0.054538 0.049287 0.042461 0.035635 0.034115 0.033108 0.030409 0.026018 0.021565 0.017029 0.012536
49 0.083169 0.08062 0.07767 0.074638 0.071543 0.068374 0.06513 0.061853 0.058242 0.054631 0.049578 0.043083 0.036587 0.03473 0.033321 0.030393 0.025947 0.021426 0.016806 0.012259
50 0.082686 0.07999 0.077362 0.074458 0.071348 0.068226 0.065094 0.061921 0.058313 0.054705 0.049812 0.043634 0.037457 0.035293 0.033517 0.030375 0.025868 0.021296 0.016635 0.01201
51 0.082175 0.079518 0.076863 0.074072 0.071179 0.068168 0.065037 0.061871 0.058343 0.054815 0.050111 0.044229 0.038348 0.035885 0.033753 0.030397 0.025819 0.021188 0.016486 0.011742
52 0.081612 0.07914 0.076533 0.073805 0.070987 0.068015 0.06489 0.061738 0.058306 0.054875 0.050376 0.044807 0.039239 0.036497 0.034029 0.030471 0.025824 0.021111 0.016313 0.011432
53 0.080989 0.078648 0.076135 0.073505 0.070788 0.067903 0.064849 0.061764 0.058353 0.054942 0.050589 0.045295 0.040001 0.037037 0.034298 0.030577 0.025874 0.02108 0.016165 0.011207
54 0.080408 0.078174 0.075761 0.073227 0.070601 0.067781 0.064767 0.06172 0.058337 0.054955 0.050775 0.045797 0.04082 0.037595 0.034539 0.03065 0.025929 0.021087 0.016081 0.010997
55 0.079833 0.077702 0.075394 0.072917 0.070312 0.067563 0.06467 0.061735 0.058375 0.055014 0.050982 0.046278 0.041575 0.038145 0.034839 0.03079 0.026 0.021077 0.015979 0.01082
56 0.079206 0.077178 0.074974 0.072598 0.070092 0.067419 0.064579 0.061701 0.058428 0.055155 0.051277 0.046794 0.04231 0.038648 0.035066 0.030869 0.026056 0.021082 0.015895 0.010671
57 0.07854 0.076624 0.074524 0.072243 0.069828 0.067245 0.064495 0.061704 0.058478 0.055253 0.051526 0.047298 0.04307 0.039185 0.035333 0.030987 0.02615 0.021131 0.015871 0.010513
58 0.077915 0.076107 0.074091 0.071917 0.069625 0.06713 0.064431 0.061691 0.058518 0.055344 0.051751 0.047739 0.043727 0.039679 0.035629 0.031145 0.026229 0.021147 0.015843 0.010341
59 0.077302 0.075529 0.073664 0.071584 0.069342 0.066916 0.064307 0.061653 0.058542 0.055431 0.051985 0.048205 0.044425 0.040211 0.035956 0.031346 0.02638 0.021222 0.015809 0.01019
60 0.076634 0.074949 0.073143 0.071161 0.069046 0.066735 0.064228 0.061673 0.058619 0.055565 0.05225 0.048675 0.045099 0.040726 0.036276 0.031544 0.02653 0.021302 0.01579 0.010055
61 0.075975 0.074353 0.072699 0.070834 0.068811 0.066582 0.064146 0.06166 0.058654 0.055648 0.05246 0.049091 0.045722 0.041206 0.03658 0.031739 0.026684 0.021397 0.015801 0.0099585
62 0.075248 0.073738 0.072214 0.070454 0.068517 0.066374 0.064027 0.061628 0.058694 0.055761 0.052712 0.049547 0.046383 0.041717 0.036905 0.031957 0.026871 0.021527 0.015839 0.009887
63 0.074541 0.073228 0.071806 0.070098 0.068175 0.066111 0.063908 0.061644 0.058762 0.055881 0.052954 0.049983 0.047012 0.042195 0.0372 0.03215 0.027046 0.021653 0.015874 0.009777
64 0.073847 0.072722 0.071339 0.069687 0.067832 0.065856 0.063758 0.061598 0.0588 0.056002 0.053204 0.050405 0.047606 0.042684 0.037558 0.032407 0.027231 0.021784 0.015976 0.0097046
65 0.073158 0.071908 0.070759 0.06928 0.067552 0.065685 0.06368 0.061612 0.058899 0.056187 0.053506 0.050856 0.048206 0.043172 0.037907 0.032657 0.02742 0.021904 0.016013 0.0096386
66 0.072251 0.071199 0.070187 0.068846 0.067259 0.06551 0.063599 0.061624 0.058993 0.056363 0.053797 0.051296 0.048795 0.043673 0.038298 0.032961 0.027662 0.022061 0.01606 0.0095664
67 0.071552 0.070524 0.06971 0.068517 0.067038 0.065364 0.063495 0.061566 0.05902 0.056474 0.054029 0.051687 0.049344 0.044132 0.038642 0.033221 0.027869 0.0222 0.01611 0.009507
68 0.070569 0.069954 0.069142 0.068043 0.066727 0.065158 0.063333 0.061455 0.059021 0.056586 0.054291 0.052135 0.049979 0.044669 0.039054 0.033556 0.028175 0.022436 0.01622 0.009497
69 0.06972 0.069339 0.068624 0.067604 0.066354 0.064898 0.063236 0.061508 0.059094 0.056679 0.054488 0.05252 0.050552 0.045161 0.039438 0.033867 0.028447 0.022643 0.01633 0.0094957
70 0.068915 0.068755 0.068046 0.067112 0.066009 0.064689 0.063151 0.061538 0.059154 0.056769 0.054676 0.052876 0.051076 0.04563 0.039831 0.034199 0.028733 0.02286 0.016444 0.0095383
71 0.067997 0.067821 0.067509 0.066797 0.065785 0.064549 0.063088 0.06155 0.0592 0.05685 0.05486 0.053227 0.051595 0.046103 0.040238 0.034558 0.029064 0.023118 0.016568 0.0095243
72 0.067187 0.067061 0.066856 0.066283 0.065434 0.064352 0.063036 0.061633 0.059338 0.057043 0.05513 0.0536 0.05207 0.046532 0.040606 0.03489 0.029385 0.023378 0.016702 0.0094831
73 0.066457 0.066555 0.066332 0.065838 0.06514 0.064165 0.062913 0.061577 0.059365 0.057154 0.055342 0.053929 0.052517 0.046936 0.040951 0.035205 0.029695 0.023641 0.016859 0.0094278
74 0.065781 0.066004 0.065766 0.065341 0.064777 0.063908 0.062735 0.061481 0.059387 0.057293 0.055597 0.054298 0.052999 0.047393 0.04137 0.035579 0.03002 0.023892 0.017008 0.0093693
75 0.065004 0.065512 0.065218 0.06483 0.064372 0.063639 0.062629 0.061528 0.059479 0.05743 0.055826 0.054665 0.053504 0.047816 0.04169 0.035846 0.030285 0.024125 0.017169 0.0094329
76 0.064477 0.064934 0.064591 0.064267 0.063959 0.063325 0.062367 0.061326 0.059431 0.057536 0.056067 0.055024 0.053981 0.048296 0.042163 0.036289 0.030672 0.024431 0.017358 0.0095055
77 0.063601 0.064392 0.064011 0.063776 0.063651 0.063105 0.062139 0.061106 0.059387 0.057668 0.056337 0.055394 0.054451 0.048763 0.042616 0.036717 0.031066 0.024749 0.017546 0.0095259
78 0.062829 0.063932 0.063452 0.063276 0.06333 0.06285 0.061836 0.060779 0.059262 0.057745 0.056574 0.055748 0.054922 0.049267 0.043146 0.037217 0.031482 0.025061 0.017729 0.0095627
79 0.062124 0.063199 0.062653 0.06256 0.062807 0.062539 0.061756 0.060912 0.059436 0.05796 0.056844 0.056087 0.05533 0.049723 0.043646 0.037695 0.03187 0.025346 0.017892 0.0096189
80 0.061303 0.062213 0.061751 0.061795 0.062219 0.062208 0.061763 0.061224 0.059725 0.058227 0.057137 0.056458 0.055778 0.050201 0.04415 0.038186 0.032307 0.025687 0.018077 0.0095917
81 0.060514 0.061128 0.061014 0.061193 0.061591 0.06174 0.061639 0.061417 0.05995 0.058484 0.057472 0.056916 0.056359 0.050742 0.044635 0.03863 0.032726 0.026029 0.018276 0.0095455
82 0.0594 0.06013 0.060507 0.060847 0.061157 0.061363 0.061465 0.061441 0.060134 0.058826 0.057882 0.057301 0.056721 0.051127 0.045049 0.039045 0.033114 0.02636 0.01851 0.0096211
83 0.058492 0.059432 0.059975 0.060403 0.060745 0.061035 0.061271 0.061386 0.060237 0.059088 0.058219 0.05763 0.05704 0.051505 0.045492 0.039485 0.033485 0.026659 0.018735 0.0096853
84 0.057683 0.058757 0.059533 0.060086 0.060474 0.060788 0.061029 0.061163 0.060192 0.059221 0.058472 0.057946 0.057421 0.051914 0.045926 0.039903 0.033846 0.026951 0.01894 0.0097544
85 0.057028 0.058051 0.05904 0.059757 0.06027 0.060632 0.060845 0.060963 0.060115 0.059267 0.058611 0.058147 0.057684 0.052292 0.046423 0.040411 0.034257 0.027255 0.019126 0.0098258
86 0.056274 0.057475 0.058656 0.059435 0.059913 0.06028 0.060536 0.060709 0.060024 0.059338 0.058823 0.058479 0.058134 0.052708 0.046791 0.040794 0.034717 0.027675 0.019347 0.0098924
87 0.055506 0.056713 0.058096 0.059009 0.059571 0.059966 0.060195 0.060358 0.059842 0.059327 0.058999 0.05886 0.058721 0.053276 0.047317 0.041306 0.035241 0.028123 0.019604 0.0099701
88 0.054576 0.055775 0.057347 0.058446 0.05919 0.059664 0.05987 0.060026 0.05968 0.059334 0.059193 0.059257 0.05932 0.053918 0.047986 0.041952 0.035816 0.028606 0.019966 0.010076
89 0.053433 0.054942 0.056272 0.057514 0.058691 0.059456 0.059809 0.060103 0.059792 0.05948 0.05946 0.05973 0.06 0.054537 0.048519 0.04244 0.036302 0.029058 0.020341 0.010121
90 0.052551 0.053988 0.055418 0.056767 0.058054 0.058987 0.059567 0.060084 0.059947 0.05981 0.059895 0.0602 0.060505 0.055053 0.049044 0.042968 0.036824 0.029518 0.020666 0.010156
91 0.051899 0.053285 0.054802 0.056211 0.05754 0.058565 0.059288 0.059956 0.06007 0.060183 0.060344 0.060553 0.060761 0.05543 0.049564 0.043493 0.037219 0.029804 0.02087 0.010163
92 0.051326 0.052991 0.054473 0.055811 0.057042 0.058135 0.05909 0.059972 0.060095 0.060218 0.060442 0.060765 0.061087 0.055787 0.049943 0.043849 0.037504 0.030059 0.021148 0.010264
93 0.050613 0.052578 0.053963 0.05531 0.05663 0.057833 0.058919 0.059924 0.060081 0.060238 0.060535 0.060973 0.06141 0.056099 0.050231 0.044215 0.03805 0.030608 0.021467 0.010324
94 0.049683 0.051937 0.053227 0.054682 0.056261 0.057594 0.05868 0.059704 0.060086 0.060467 0.060838 0.061198 0.061558 0.056441 0.050794 0.044869 0.038666 0.031105 0.021735 0.010476
95 0.048783 0.051181 0.052322 0.053843 0.055649 0.057205 0.058511 0.059746 0.060256 0.060766 0.061155 0.061423 0.061691 0.056826 0.051465 0.045639 0.039347 0.031629 0.022012 0.010549
96 0.047929 0.050159 0.051482 0.053098 0.054933 0.05671 0.05843 0.060034 0.060439 0.060844 0.061216 0.061555 0.061894 0.057307 0.052243 0.046482 0.040024 0.032172 0.022464 0.010584
97 0.047058 0.049382 0.050997 0.052617 0.054241 0.056149 0.058343 0.060355 0.060491 0.060628 0.060959 0.061486 0.062013 0.057762 0.053049 0.047377 0.040746 0.032736 0.02289 0.01072
98 0.046053 0.048803 0.050647 0.052238 0.053641 0.0556 0.058116 0.060406 0.060372 0.060337 0.060704 0.061474 0.062244 0.05828 0.053859 0.048206 0.041323 0.033209 0.023459 0.011028
99 0.045209 0.047758 0.050113 0.051918 0.053309 0.055364 0.05808 0.060549 0.060464 0.060379 0.060682 0.061371 0.06206 0.058469 0.054465 0.048902 0.041781 0.033646 0.024162 0.01132
100 0.044176 0.046959 0.049505 0.051402 0.052811 0.055035 0.058073 0.06082 0.060553 0.060287 0.060531 0.061285 0.06204 0.05877 0.055111 0.049679 0.042475 0.034283 0.024774 0.011431
101 0.042863 0.045978 0.048328 0.050548 0.052672 0.055204 0.058144 0.060793 0.06043 0.060067 0.060285 0.061083 0.06188 0.059106 0.055986 0.050772 0.043463 0.035083 0.025276 0.012037
102 0.041866 0.044918 0.047357 0.049862 0.052416 0.055189 0.058181 0.060875 0.060495 0.060115 0.060248 0.060895 0.061542 0.059319 0.056819 0.051806 0.044281 0.03576 0.025913 0.012144
103 0.041287 0.044268 0.046861 0.049529 0.052254 0.055284 0.05862 0.061565 0.06046 0.059354 0.059317 0.060349 0.06138 0.059484 0.057305 0.052463 0.044957 0.03643 0.026542 0.012291
104 0.040547 0.04397 0.046478 0.049203 0.052092 0.055344 0.058958 0.062108 0.060449 0.058789 0.058567 0.059784 0.061001 0.059477 0.057688 0.053044 0.045545 0.037053 0.027239 0.012663
105 0.040218 0.043481 0.046069 0.048975 0.052121 0.055326 0.058591 0.061432 0.059897 0.058361 0.058269 0.059623 0.060976 0.05973 0.058232 0.053726 0.046212 0.037703 0.02787 0.013189
106 0.040012 0.043474 0.045416 0.048246 0.051742 0.055321 0.058981 0.06213 0.059998 0.057867 0.057621 0.059259 0.060898 0.059971 0.058796 0.054305 0.046497 0.03788 0.028185 0.013401
107 0.039098 0.042552 0.044499 0.047577 0.051505 0.055402 0.059269 0.062575 0.060075 0.057576 0.05723 0.059037 0.060843 0.060269 0.059464 0.055139 0.047295 0.038516 0.028493 0.013586
108 0.03812 0.041535 0.043645 0.046933 0.051105 0.055427 0.059899 0.063697 0.060535 0.057372 0.056676 0.058446 0.060216 0.0602 0.060012 0.055988 0.04813 0.039251 0.029012 0.013802
109 0.037679 0.041211 0.043393 0.046648 0.050708 0.055186 0.060081 0.064206 0.060372 0.056537 0.055697 0.057852 0.060007 0.060329 0.060473 0.0567 0.049011 0.040184 0.029841 0.013885
110 0.037241 0.040948 0.043287 0.046322 0.049879 0.054387 0.059846 0.064439 0.060085 0.055731 0.054852 0.057448 0.060045 0.060774 0.061323 0.057667 0.049806 0.040904 0.030618 0.014395
111 0.036714 0.04058 0.043275 0.046258 0.049456 0.054025 0.059964 0.064959 0.060199 0.055438 0.054351 0.056938 0.059526 0.060802 0.061951 0.058403 0.050156 0.041202 0.031306 0.014497
112 0.036093 0.040043 0.042904 0.045968 0.049184 0.053878 0.06005 0.065259 0.060521 0.055783 0.054613 0.057013 0.059413 0.060852 0.062198 0.058499 0.049754 0.040805 0.031584 0.015584
113 0.03616 0.04017 0.043579 0.046394 0.048761 0.053342 0.060137 0.065864 0.06054 0.055217 0.053884 0.056541 0.059198 0.06089 0.062489 0.058771 0.049738 0.040758 0.03185 0.015718
114 0.035817 0.041123 0.044566 0.046979 0.048617 0.053034 0.060229 0.066252 0.060159 0.054066 0.052612 0.055795 0.058979 0.060798 0.062486 0.058862 0.049927 0.040989 0.032045 0.016664
115 0.03617 0.04154 0.045073 0.047113 0.048031 0.052181 0.059563 0.065715 0.059155 0.052595 0.051332 0.055365 0.059398 0.061005 0.062376 0.059074 0.051096 0.042579 0.033344 0.017296
