1 0 0 0 0 0 0 0 0 0 0 0 0 0 0 0 0 0 0 0 0
2 0 0 0 0 0 0 0 0 0 0 0 0 0 0 0 0 0 0 0 0
3 0 0 0 0 0 0 0 0 0 0 0 0 0 0 0 0 0 0 0 0
4 0 0 0 0 0 0 0 0 0 0 0 0 0 0 0 0 0 0 0 0
5 0 0 0 0 0 0 0 0 0 0 0 0 0 0 0 0 0 0 0 0
6 0 0 0 0 0 0 0 0 0 0 0 0 0 0 0 0 0 0 0 0
7 0 0 0 0 0 0 0 0 0 0 0 0 0 0 0 0 0 0 0 0
8 0 0 0 0 0 0 0 0 0 0 0 0 0 0 0 0 0 0 0 0
9 0 0 0 0 0 0 0 0 0 0 0 0 0 0 0 0 0 0 0 0
10 0 0 0 0 0 0 0 0 0 0 0 0 0 0 0 0 0 0 0 0
11 0 0 0 0 0 0 0 0 0 0 0 0 0 0 0 0 0 0 0 0
12 0 0 0 0 0 0 0 0 0 0 0 0 0 0 0 0 0 0 0 0
13 0.050443 0.058904 0.062438 0.064239 0.064738 0.063623 0.060894 0.058057 0.054117 0.050176 0.048579 0.049326 0.050073 0.047211 0.044001 0.040111 0.035541 0.032799 0.032489 0.032241
14 0.061938 0.06718 0.067541 0.066916 0.065551 0.063268 0.060067 0.056901 0.054101 0.051301 0.048715 0.046343 0.043971 0.041769 0.039584 0.037372 0.035132 0.032716 0.030064 0.029567
15 0.068676 0.071363 0.069765 0.067147 0.063762 0.060703 0.057971 0.055285 0.05308 0.050876 0.048475 0.045877 0.043279 0.041186 0.039143 0.037072 0.034973 0.032707 0.030217 0.028446
16 0.072521 0.073547 0.07002 0.066784 0.063767 0.06091 0.058215 0.055533 0.052989 0.050445 0.047992 0.045628 0.043264 0.040972 0.038687 0.036392 0.034087 0.03172 0.02927 0.027257
17 0.073313 0.073899 0.070242 0.067107 0.064364 0.06163 0.058907 0.056192 0.053573 0.050954 0.048362 0.045796 0.043231 0.040658 0.038085 0.035572 0.033118 0.030689 0.028293 0.026014
18 0.076498 0.074191 0.070934 0.06782 0.064814 0.061936 0.059184 0.056438 0.053743 0.051047 0.04834 0.045621 0.042903 0.040219 0.037539 0.034879 0.03224 0.02966 0.027158 0.024836
19 0.077596 0.074681 0.071694 0.06869 0.065675 0.062696 0.059754 0.05682 0.053964 0.051108 0.048265 0.045435 0.042605 0.039748 0.036888 0.034125 0.031458 0.028822 0.026228 0.023746
20 0.078606 0.075661 0.07254 0.069465 0.066423 0.063377 0.060327 0.057275 0.054196 0.051118 0.048102 0.045149 0.042197 0.039265 0.036335 0.033477 0.030691 0.027933 0.025212 0.022649
21 0.079515 0.076333 0.073215 0.070078 0.066926 0.063795 0.060684 0.057571 0.054431 0.051291 0.048161 0.04504 0.04192 0.038911 0.035913 0.032954 0.030032 0.027165 0.024369 0.021695
22 0.080447 0.077207 0.073984 0.070748 0.067504 0.064245 0.060973 0.057707 0.054518 0.051329 0.048129 0.044918 0.041707 0.038599 0.035502 0.032435 0.029399 0.026418 0.02351 0.020722
23 0.081234 0.077904 0.074585 0.071267 0.067949 0.064623 0.061289 0.05796 0.054697 0.051434 0.048152 0.044853 0.041553 0.038339 0.035132 0.031952 0.028798 0.025709 0.022706 0.019863
24 0.08188 0.078465 0.07508 0.071698 0.068318 0.064948 0.061589 0.058229 0.054863 0.051497 0.048143 0.044798 0.041454 0.03814 0.034828 0.031554 0.028318 0.025131 0.02201 0.019057
25 0.082464 0.078982 0.075551 0.072131 0.068719 0.065301 0.061878 0.058455 0.055026 0.051596 0.048174 0.04476 0.041345 0.03794 0.034535 0.031164 0.027827 0.024543 0.021332 0.018277
26 0.082897 0.079449 0.075997 0.072541 0.069082 0.065629 0.062184 0.058731 0.055199 0.051667 0.048166 0.044694 0.041223 0.037748 0.034272 0.030823 0.027401 0.024027 0.020718 0.017552
27 0.083295 0.079824 0.076357 0.072884 0.069406 0.065908 0.062391 0.058872 0.05533 0.051787 0.048247 0.044709 0.041171 0.037613 0.034053 0.030516 0.027003 0.023547 0.020166 0.01692
28 0.083631 0.080124 0.076664 0.073185 0.069691 0.066173 0.062629 0.059082 0.055496 0.051911 0.048313 0.044703 0.041093 0.037474 0.033855 0.030248 0.026653 0.023116 0.019654 0.016306
29 0.08389 0.080419 0.07695 0.073468 0.069979 0.06644 0.062853 0.059264 0.055643 0.052023 0.048381 0.044716 0.041052 0.037369 0.033684 0.030003 0.026327 0.022701 0.019143 0.015694
30 0.084137 0.08062 0.077164 0.073675 0.070161 0.066607 0.063012 0.059413 0.055764 0.052115 0.048444 0.044752 0.041059 0.037317 0.03357 0.029827 0.026088 0.022387 0.018735 0.015154
31 0.084342 0.080882 0.077443 0.073932 0.070366 0.066763 0.063122 0.059482 0.055844 0.052206 0.048522 0.044792 0.041061 0.037251 0.033433 0.029634 0.025854 0.022083 0.018323 0.014664
32 0.084401 0.081044 0.077578 0.074079 0.070556 0.066973 0.06333 0.059683 0.056002 0.052321 0.048597 0.044829 0.041061 0.037206 0.033342 0.029479 0.025617 0.021772 0.01795 0.014182
33 0.08437 0.081034 0.077637 0.074187 0.070697 0.067118 0.063448 0.059779 0.056108 0.052438 0.048709 0.044922 0.041134 0.037232 0.033318 0.029409 0.025504 0.02158 0.017628 0.013749
34 0.084359 0.081034 0.077674 0.074235 0.070737 0.0672 0.063624 0.060033 0.056292 0.052551 0.048768 0.044943 0.041117 0.03721 0.033295 0.029359 0.025404 0.021412 0.017371 0.01338
35 0.084279 0.080994 0.077688 0.074304 0.070862 0.067339 0.063735 0.06012 0.056408 0.052696 0.048905 0.045034 0.041163 0.037242 0.033316 0.029326 0.025274 0.021197 0.017089 0.01303
36 0.08417 0.081061 0.07769 0.074311 0.070927 0.067419 0.063786 0.06015 0.056473 0.052796 0.049016 0.045132 0.041248 0.037328 0.033404 0.029363 0.025205 0.021031 0.016836 0.012655
37 0.084061 0.080955 0.077638 0.0743 0.070945 0.067468 0.063867 0.06026 0.056579 0.052898 0.04912 0.045247 0.041373 0.037415 0.033448 0.029366 0.02517 0.020929 0.016628 0.012332
38 0.08392 0.080907 0.077556 0.074209 0.070864 0.067416 0.063865 0.060305 0.056659 0.053014 0.049265 0.045413 0.04156 0.037574 0.033575 0.029443 0.025178 0.020836 0.01639 0.012052
39 0.081937 0.079353 0.076711 0.073958 0.071122 0.068126 0.06497 0.061786 0.058319 0.054852 0.050252 0.04452 0.038788 0.036177 0.033868 0.030407 0.025793 0.021122 0.016375 0.011563
40 0.081319 0.078918 0.07635 0.073672 0.070912 0.067978 0.06487 0.061735 0.058332 0.054929 0.050504 0.045058 0.039612 0.036756 0.034149 0.030506 0.025826 0.021069 0.016211 0.011294
41 0.080705 0.078439 0.075981 0.073398 0.070722 0.067857 0.064804 0.061722 0.058345 0.054967 0.050704 0.045555 0.040407 0.037299 0.034388 0.030581 0.025879 0.021063 0.016097 0.011086
42 0.080154 0.078002 0.075645 0.073118 0.070464 0.067662 0.064713 0.061726 0.05835 0.054973 0.050866 0.04603 0.041193 0.037856 0.034663 0.03069 0.025938 0.021059 0.016009 0.010889
43 0.079577 0.077508 0.075261 0.072808 0.0702 0.067471 0.064621 0.061729 0.058406 0.055083 0.051121 0.046522 0.041922 0.03837 0.034918 0.030793 0.025994 0.02105 0.015915 0.010733
44 0.07892 0.076949 0.074782 0.07244 0.069966 0.067334 0.064543 0.06171 0.058452 0.055194 0.051388 0.047035 0.042682 0.038903 0.03518 0.030905 0.026079 0.021083 0.015861 0.010595
45 0.078253 0.076393 0.074299 0.072063 0.069721 0.067201 0.064503 0.061758 0.058524 0.05529 0.051615 0.047499 0.043383 0.039415 0.035462 0.031048 0.026172 0.021127 0.015857 0.010416
46 0.07764 0.07581 0.073863 0.071752 0.069516 0.067063 0.06439 0.061676 0.058529 0.055382 0.05186 0.047964 0.044068 0.039938 0.035785 0.031234 0.026286 0.021167 0.015821 0.010257
47 0.077005 0.075233 0.073384 0.07135 0.069178 0.066819 0.064273 0.061679 0.058588 0.055496 0.052113 0.048437 0.044761 0.040474 0.036128 0.031457 0.026461 0.021261 0.015789 0.010112
48 0.076256 0.074634 0.072902 0.070994 0.068955 0.06669 0.0642 0.061663 0.058639 0.055615 0.052367 0.048895 0.045424 0.040974 0.03643 0.031638 0.0266 0.02134 0.015786 0.0099982
49 0.075589 0.074044 0.072427 0.070618 0.068666 0.066488 0.064085 0.061633 0.05867 0.055706 0.052595 0.049334 0.046074 0.04148 0.036757 0.031858 0.026782 0.021462 0.015816 0.0099169
50 0.074893 0.073437 0.072015 0.070298 0.068358 0.066244 0.063953 0.06161 0.058723 0.055836 0.052858 0.049789 0.046719 0.041962 0.037042 0.03204 0.026957 0.02159 0.015847 0.0098277
51 0.074143 0.072941 0.071551 0.069877 0.067989 0.065973 0.063827 0.061621 0.058786 0.055952 0.053097 0.050222 0.047348 0.042467 0.037392 0.032285 0.027145 0.021722 0.015925 0.0097375
52 0.073466 0.072254 0.071028 0.069478 0.067686 0.065765 0.063717 0.061607 0.058859 0.056112 0.053378 0.050656 0.047934 0.042947 0.03774 0.032534 0.027326 0.021845 0.015997 0.0096713
53 0.072699 0.071497 0.070415 0.069017 0.067379 0.06559 0.063648 0.061642 0.058965 0.056289 0.053668 0.051103 0.048539 0.043449 0.038114 0.032812 0.027543 0.021984 0.016038 0.0096092
54 0.071774 0.070802 0.069945 0.068691 0.067137 0.065421 0.063541 0.061599 0.059019 0.056439 0.053941 0.051526 0.049111 0.043935 0.038492 0.033104 0.027773 0.022134 0.016088 0.0095275
55 0.070933 0.070181 0.06936 0.06824 0.066897 0.065298 0.063442 0.06153 0.05904 0.056549 0.054181 0.051936 0.049691 0.044426 0.038867 0.033402 0.02803 0.022322 0.016167 0.0095056
56 0.070008 0.069608 0.068808 0.067749 0.066494 0.065005 0.06328 0.061493 0.059073 0.056652 0.054421 0.05238 0.050339 0.044974 0.039287 0.033742 0.028339 0.022563 0.01629 0.009497
57 0.069281 0.068979 0.068266 0.06729 0.066118 0.06475 0.063186 0.061549 0.059151 0.056754 0.054616 0.052737 0.050859 0.045434 0.039666 0.034058 0.02861 0.022768 0.016402 0.0095276
58 0.068334 0.068277 0.067743 0.066914 0.065866 0.064597 0.063109 0.061544 0.059183 0.056822 0.054788 0.053082 0.051377 0.045906 0.040072 0.034409 0.028919 0.023002 0.016518 0.0095393
59 0.067485 0.067368 0.067125 0.066499 0.065585 0.064438 0.06306 0.061598 0.059276 0.056954 0.05501 0.053444 0.051877 0.04636 0.040461 0.034762 0.029261 0.023277 0.016648 0.0095114
60 0.066703 0.066745 0.066538 0.066011 0.065243 0.064222 0.062948 0.061589 0.059357 0.057125 0.055276 0.053811 0.052345 0.046781 0.040821 0.035087 0.029579 0.023543 0.016804 0.0094706
61 0.066122 0.066192 0.065972 0.065528 0.064916 0.064015 0.062824 0.061548 0.059387 0.057225 0.055474 0.054134 0.052794 0.0472 0.041195 0.035425 0.029892 0.023796 0.016952 0.0094088
62 0.065204 0.065685 0.065414 0.065021 0.064536 0.063756 0.06268 0.061519 0.059467 0.057415 0.055772 0.054538 0.053303 0.047651 0.041572 0.03575 0.030185 0.024036 0.01711 0.009386
63 0.064677 0.065131 0.064829 0.064474 0.06408 0.063423 0.062501 0.061484 0.059493 0.057502 0.055963 0.054876 0.053789 0.048099 0.041965 0.036103 0.030513 0.024308 0.017286 0.0095043
64 0.063858 0.064548 0.064249 0.063995 0.063774 0.063182 0.062219 0.061183 0.059405 0.057627 0.056245 0.05526 0.054274 0.048591 0.042454 0.036563 0.030918 0.02463 0.017486 0.0095384
65 0.063124 0.064054 0.063645 0.063473 0.063478 0.06296 0.061919 0.060832 0.059273 0.057715 0.056504 0.055639 0.054774 0.049095 0.042949 0.03703 0.031338 0.024964 0.017681 0.0095525
66 0.062256 0.063491 0.062959 0.062834 0.063015 0.06266 0.061771 0.060829 0.059353 0.057876 0.056751 0.055976 0.055201 0.049571 0.043472 0.037528 0.031737 0.025253 0.017844 0.0096242
67 0.061592 0.062603 0.062112 0.062094 0.062433 0.062311 0.061731 0.061072 0.059602 0.058132 0.05704 0.056326 0.055612 0.050026 0.043969 0.038007 0.032139 0.025555 0.018017 0.0096274
68 0.060746 0.061472 0.061169 0.061359 0.06192 0.062049 0.061746 0.061339 0.05985 0.05836 0.057321 0.056731 0.05614 0.050548 0.044471 0.038484 0.032586 0.025913 0.018207 0.009588
69 0.059818 0.060489 0.060679 0.060938 0.06125 0.061441 0.061511 0.061453 0.060069 0.058685 0.057721 0.057176 0.056631 0.051018 0.044915 0.038906 0.032991 0.026259 0.018439 0.0096097
70 0.058719 0.059578 0.060109 0.060537 0.060887 0.061161 0.061361 0.061436 0.060227 0.059017 0.058121 0.057538 0.056955 0.051392 0.045348 0.039339 0.033365 0.026565 0.018667 0.0096776
71 0.057889 0.058949 0.059621 0.060142 0.060548 0.06087 0.061107 0.061234 0.060213 0.059192 0.05841 0.057867 0.057324 0.051803 0.045802 0.039782 0.033743 0.02687 0.018889 0.0097461
72 0.057196 0.05827 0.05918 0.059847 0.060332 0.060684 0.060905 0.061028 0.060148 0.059268 0.058587 0.058104 0.057622 0.052177 0.046252 0.040232 0.034118 0.02716 0.019078 0.0098125
73 0.056503 0.05756 0.058726 0.059505 0.059995 0.060379 0.060658 0.060846 0.060085 0.059325 0.058753 0.05837 0.057986 0.052591 0.04671 0.040705 0.034576 0.027539 0.019292 0.0098968
74 0.055666 0.056972 0.058267 0.059134 0.059679 0.060078 0.06033 0.060509 0.059941 0.059372 0.058972 0.058741 0.05851 0.05307 0.047127 0.041125 0.035062 0.027976 0.019525 0.0099452
75 0.054886 0.056084 0.057626 0.058636 0.059246 0.059694 0.05998 0.060201 0.05976 0.059319 0.059109 0.059129 0.059149 0.053717 0.047758 0.04173 0.035632 0.028451 0.019827 0.010066
76 0.053795 0.055171 0.056576 0.057798 0.058882 0.059569 0.059858 0.060091 0.059748 0.059405 0.059333 0.059531 0.059729 0.054333 0.048396 0.042342 0.036171 0.028917 0.02022 0.010134
77 0.052775 0.054288 0.055633 0.056944 0.05823 0.059133 0.059653 0.060108 0.059891 0.059674 0.059745 0.060103 0.060461 0.05494 0.048852 0.042752 0.036642 0.029387 0.020606 0.010182
78 0.052004 0.053412 0.054923 0.056339 0.057683 0.058695 0.059374 0.059995 0.060026 0.060057 0.060195 0.06044 0.060686 0.055331 0.049434 0.043388 0.037194 0.029805 0.020827 0.010192
79 0.051428 0.052968 0.054522 0.055926 0.057219 0.058284 0.059123 0.059902 0.060075 0.060248 0.06047 0.060742 0.061014 0.055718 0.049883 0.04378 0.037409 0.02996 0.021075 0.010256
80 0.050747 0.052637 0.054084 0.055448 0.056749 0.057925 0.058974 0.059946 0.06011 0.060274 0.060543 0.060919 0.061295 0.056007 0.050171 0.04413 0.037884 0.030436 0.021386 0.010336
81 0.049907 0.052058 0.053425 0.05486 0.056345 0.05763 0.058715 0.059732 0.060049 0.060365 0.060748 0.061198 0.061648 0.056427 0.050657 0.044676 0.038483 0.030966 0.021684 0.010426
82 0.048908 0.051389 0.052614 0.054136 0.055881 0.057345 0.058531 0.059657 0.060169 0.060681 0.061078 0.06136 0.061643 0.056707 0.051267 0.045417 0.039158 0.031498 0.021971 0.010588
83 0.048123 0.050381 0.051601 0.053212 0.055116 0.056859 0.058442 0.059926 0.060402 0.060878 0.061281 0.061611 0.061941 0.05722 0.05201 0.046216 0.039837 0.032027 0.022313 0.010604
84 0.047265 0.049539 0.051015 0.052658 0.054425 0.056321 0.058347 0.06022 0.060522 0.060825 0.061186 0.061607 0.062028 0.057639 0.052786 0.047081 0.040525 0.03258 0.022785 0.010646
85 0.046346 0.048942 0.050683 0.052254 0.053698 0.055664 0.058153 0.060421 0.0604 0.060378 0.060759 0.061543 0.062327 0.058234 0.053669 0.048005 0.041241 0.033134 0.023237 0.010913
86 0.045376 0.048039 0.050186 0.051919 0.053342 0.055381 0.058034 0.060451 0.060416 0.06038 0.060739 0.061492 0.062246 0.058508 0.054336 0.048734 0.041703 0.033551 0.023908 0.01126
87 0.044452 0.047128 0.049668 0.051551 0.052942 0.055099 0.058023 0.060676 0.060531 0.060386 0.060695 0.061456 0.062218 0.058759 0.054891 0.04935 0.042135 0.033998 0.024634 0.011407
88 0.043195 0.0462 0.048668 0.050785 0.052638 0.055075 0.058096 0.060824 0.060513 0.060202 0.060453 0.061265 0.062078 0.059064 0.055679 0.050376 0.043154 0.034848 0.025101 0.011786
89 0.041874 0.045159 0.04763 0.050066 0.052475 0.055118 0.057993 0.060595 0.060363 0.060131 0.060386 0.061129 0.061872 0.059421 0.056663 0.05155 0.044084 0.035592 0.025734 0.012164
90 0.041376 0.044137 0.046808 0.049503 0.052215 0.055159 0.058334 0.061168 0.06047 0.059773 0.059854 0.060715 0.061576 0.059558 0.057261 0.052349 0.044823 0.036274 0.026364 0.012284
91 0.040553 0.043978 0.046481 0.04917 0.051998 0.055227 0.058855 0.06203 0.060519 0.059008 0.058856 0.060063 0.06127 0.059599 0.057649 0.052921 0.045414 0.036889 0.027009 0.012508
92 0.040155 0.043394 0.046026 0.048906 0.051972 0.055211 0.058625 0.061602 0.060067 0.058531 0.058439 0.05979 0.061142 0.059807 0.058213 0.053655 0.046132 0.037603 0.027735 0.012996
93 0.039996 0.043389 0.045518 0.048338 0.051678 0.055154 0.058767 0.061889 0.059942 0.057994 0.05782 0.05942 0.06102 0.05997 0.058664 0.0542 0.046576 0.038013 0.028199 0.013453
94 0.039321 0.042782 0.044748 0.047747 0.05152 0.055311 0.059119 0.062384 0.060031 0.057679 0.057401 0.059197 0.060994 0.060267 0.059297 0.054885 0.047033 0.038326 0.02848 0.01348
95 0.03827 0.041742 0.043818 0.047045 0.051137 0.055287 0.059497 0.06309 0.060306 0.057522 0.057042 0.058867 0.060693 0.060411 0.059925 0.055757 0.047906 0.039035 0.028806 0.013847
96 0.03761 0.041087 0.043194 0.046518 0.050754 0.055285 0.060109 0.06419 0.060589 0.056988 0.05614 0.058044 0.059949 0.060278 0.060455 0.056637 0.048823 0.039924 0.02958 0.013846
97 0.037206 0.040863 0.043185 0.04634 0.050123 0.054598 0.059766 0.064125 0.060113 0.056102 0.055319 0.057765 0.06021 0.060726 0.061054 0.057367 0.049663 0.040805 0.030409 0.014262
98 0.036659 0.040493 0.043048 0.046062 0.04942 0.05399 0.059773 0.064644 0.06009 0.055535 0.054574 0.057207 0.05984 0.060962 0.061937 0.058397 0.050342 0.041362 0.031153 0.014512
99 0.036007 0.039936 0.042931 0.046038 0.04923 0.053845 0.059881 0.064968 0.060234 0.0555 0.054455 0.057098 0.05974 0.061073 0.062279 0.058631 0.050129 0.041192 0.031675 0.015158
100 0.03593 0.039751 0.043032 0.046013 0.04877 0.053418 0.059959 0.065488 0.06056 0.055631 0.054404 0.056878 0.059352 0.060993 0.062554 0.058855 0.049896 0.040899 0.03185 0.015765
101 0.035783 0.040612 0.044045 0.046553 0.048367 0.052863 0.060041 0.066078 0.060319 0.05456 0.053194 0.05622 0.059247 0.061005 0.062641 0.058987 0.050042 0.041098 0.032155 0.016188
102 0.035826 0.041189 0.044695 0.046971 0.048323 0.05261 0.059833 0.065854 0.059455 0.053057 0.051734 0.055487 0.059239 0.061056 0.062686 0.059249 0.050747 0.041966 0.032816 0.017206
103 0.036177 0.041717 0.045398 0.047093 0.047296 0.051428 0.059488 0.06622 0.05922 0.052221 0.050883 0.055207 0.059532 0.061049 0.062294 0.059064 0.051357 0.042988 0.033738 0.017632
104 0.036121 0.042738 0.046361 0.047926 0.047946 0.052012 0.060123 0.066859 0.059382 0.051905 0.050104 0.05398 0.057855 0.06006 0.062103 0.059208 0.051377 0.042725 0.03298 0.018236
105 0.036039 0.044135 0.047456 0.04873 0.048467 0.05235 0.060382 0.06706 0.059751 0.052443 0.050124 0.052793 0.055462 0.058611 0.061807 0.059602 0.051998 0.042952 0.031987 0.017851
106 0.035062 0.043997 0.047895 0.049208 0.04858 0.052247 0.060208 0.066853 0.059891 0.05293 0.050592 0.052878 0.055165 0.058296 0.06151 0.059494 0.052249 0.043279 0.032011 0.017654
107 0.033341 0.043504 0.047919 0.049717 0.049549 0.053368 0.061176 0.067649 0.060334 0.053018 0.050476 0.052707 0.054938 0.058094 0.061339 0.059173 0.051596 0.042818 0.032442 0.016842
108 0.03311 0.043893 0.048629 0.051175 0.052076 0.055938 0.062761 0.068301 0.060577 0.052852 0.049631 0.050913 0.052195 0.056452 0.060997 0.059299 0.051359 0.042276 0.03167 0.015895
109 0.031703 0.043585 0.049172 0.052317 0.053628 0.057296 0.063319 0.068105 0.060092 0.052079 0.049002 0.050861 0.05272 0.0561 0.059626 0.058093 0.051501 0.043095 0.032273 0.015436
110 0.030066 0.04327 0.051336 0.05472 0.054588 0.057517 0.063509 0.068255 0.060135 0.052015 0.048898 0.050782 0.052667 0.054687 0.056719 0.055508 0.051051 0.044328 0.034587 0.015364
111 0.029722 0.044152 0.053352 0.057095 0.056739 0.058922 0.063644 0.067237 0.059155 0.051073 0.047706 0.049052 0.050398 0.05293 0.055578 0.05486 0.050777 0.045115 0.037349 0.015144
112 0.029803 0.044832 0.053911 0.058502 0.059723 0.061631 0.064226 0.065893 0.057958 0.050023 0.046386 0.047045 0.047704 0.050984 0.054517 0.054403 0.050644 0.046165 0.04073 0.014921
113 0.028015 0.04442 0.054368 0.06045 0.063628 0.065211 0.065198 0.064499 0.056715 0.04893 0.04495 0.044775 0.044601 0.048801 0.053424 0.054045 0.050665 0.047611 0.044991 0.014703
114 0.025788 0.043909 0.054939 0.06288 0.068499 0.069676 0.06641 0.062762 0.055164 0.047565 0.043159 0.041944 0.040729 0.046077 0.05206 0.053597 0.05069 0.049414 0.050307 0.014431
115 0.022933 0.043255 0.055675 0.065998 0.074746 0.075402 0.067965 0.060536 0.053176 0.045816 0.040862 0.038313 0.035764 0.042583 0.050308 0.053021 0.050721 0.051724 0.057124 0.014081
