1 0 0 0 0 0 0 0 0 0 0 0 0 0 0 0 0 0 0 0 0
2 0 0 0 0 0 0 0 0 0 0 0 0 0 0 0 0 0 0 0 0
3 0 0 0 0 0 0 0 0 0 0 0 0 0 0 0 0 0 0 0 0
4 0 0 0 0 0 0 0 0 0 0 0 0 0 0 0 0 0 0 0 0
5 0 0 0 0 0 0 0 0 0 0 0 0 0 0 0 0 0 0 0 0
6 0 0 0 0 0 0 0 0 0 0 0 0 0 0 0 0 0 0 0 0
7 0 0 0 0 0 0 0 0 0 0 0 0 0 0 0 0 0 0 0 0
8 0 0 0 0 0 0 0 0 0 0 0 0 0 0 0 0 0 0 0 0
9 0 0 0 0 0 0 0 0 0 0 0 0 0 0 0 0 0 0 0 0
10 0 0 0 0 0 0 0 0 0 0 0 0 0 0 0 0 0 0 0 0
11 0 0 0 0 0 0 0 0 0 0 0 0 0 0 0 0 0 0 0 0
12 0 0 0 0 0 0 0 0 0 0 0 0 0 0 0 0 0 0 0 0
13 0 0 0 0 0 0 0 0 0 0 0 0 0 0 0 0 0 0 0 0
14 0 0 0 0 0 0 0 0 0 0 0 0 0 0 0 0 0 0 0 0
15 0 0 0 0 0 0 0 0 0 0 0 0 0 0 0 0 0 0 0 0
16 0 0 0 0 0 0 0 0 0 0 0 0 0 0 0 0 0 0 0 0
17 0 0 0 0 0 0 0 0 0 0 0 0 0 0 0 0 0 0 0 0
18 0 0 0 0 0 0 0 0 0 0 0 0 0 0 0 0 0 0 0 0
19 0 0 0 0 0 0 0 0 0 0 0 0 0 0 0 0 0 0 0 0
20 0.043319 0.046568 0.053541 0.055178 0.052807 0.053476 0.057185 0.060231 0.056414 0.052598 0.052386 0.055779 0.059173 0.055395 0.050923 0.045737 0.039836 0.03655 0.036746 0.036157
21 0.056646 0.062836 0.065441 0.066098 0.065293 0.063311 0.060152 0.057029 0.054282 0.051534 0.049536 0.048287 0.047037 0.044315 0.04145 0.038153 0.034425 0.031924 0.031059 0.031191
22 0.065892 0.068744 0.068131 0.067018 0.065529 0.062917 0.05918 0.055571 0.053286 0.051 0.048625 0.046161 0.043698 0.041488 0.039302 0.037123 0.034951 0.032508 0.029702 0.029174
23 0.069368 0.071553 0.069929 0.067117 0.063413 0.060431 0.058172 0.055879 0.053243 0.050607 0.048159 0.045898 0.043637 0.041367 0.039096 0.036868 0.034681 0.032476 0.030244 0.027864
24 0.072969 0.07392 0.070047 0.066629 0.063552 0.060765 0.058267 0.055765 0.053219 0.050673 0.048174 0.045723 0.043271 0.04094 0.038621 0.036275 0.033901 0.031474 0.028975 0.026839
25 0.07436 0.074276 0.070319 0.067099 0.064434 0.061706 0.058914 0.056143 0.053579 0.051016 0.048412 0.045769 0.043125 0.04054 0.037961 0.0354 0.032856 0.030386 0.028012 0.025692
26 0.077155 0.074076 0.070967 0.067985 0.065097 0.062215 0.059338 0.056477 0.053785 0.051093 0.048369 0.045613 0.042857 0.040109 0.03736 0.034659 0.032006 0.029414 0.026905 0.02452
27 0.077839 0.074974 0.071967 0.068943 0.065905 0.062904 0.05994 0.056979 0.05404 0.051102 0.048204 0.045349 0.042493 0.039603 0.036709 0.033919 0.031231 0.028563 0.02592 0.023417
28 0.078857 0.075707 0.072682 0.06964 0.066587 0.06353 0.060469 0.057404 0.054302 0.051201 0.048145 0.045134 0.042123 0.039164 0.036209 0.033323 0.030505 0.027711 0.024946 0.022361
29 0.079793 0.076627 0.073465 0.070284 0.067089 0.06392 0.060778 0.057635 0.054494 0.051352 0.048192 0.045012 0.041832 0.038791 0.035764 0.03278 0.029839 0.026933 0.024072 0.021346
30 0.080567 0.077384 0.074136 0.07089 0.067646 0.064377 0.061084 0.057798 0.054586 0.051374 0.048148 0.044909 0.041671 0.038535 0.035409 0.032306 0.029227 0.026211 0.02328 0.020461
31 0.081385 0.078041 0.074714 0.071387 0.068061 0.064733 0.061403 0.058074 0.054755 0.051436 0.048131 0.04484 0.041548 0.038307 0.03507 0.031851 0.028651 0.025522 0.022488 0.019603
32 0.082134 0.078604 0.075173 0.071791 0.068446 0.065069 0.06166 0.058255 0.054899 0.051544 0.048184 0.044821 0.041458 0.038099 0.034741 0.031424 0.028147 0.024932 0.021799 0.018821
33 0.082578 0.079108 0.075683 0.07226 0.068837 0.065408 0.061973 0.058535 0.055081 0.051626 0.048182 0.044748 0.041314 0.037884 0.034454 0.03106 0.027701 0.024389 0.021137 0.018042
34 0.08306 0.079571 0.076085 0.072623 0.069181 0.065717 0.062234 0.058748 0.055241 0.051733 0.048225 0.044717 0.041208 0.037703 0.034198 0.030722 0.027277 0.023876 0.020536 0.017344
35 0.083361 0.07989 0.076498 0.073022 0.069483 0.065971 0.062484 0.058988 0.055404 0.051821 0.04825 0.044691 0.041133 0.037564 0.033993 0.030438 0.026897 0.02341 0.019994 0.016709
36 0.0837 0.08023 0.076753 0.073267 0.069773 0.066249 0.062694 0.059136 0.055546 0.051956 0.048346 0.044717 0.041087 0.037443 0.033798 0.030165 0.026546 0.022983 0.019495 0.016116
37 0.083955 0.080453 0.077007 0.073526 0.070019 0.066484 0.062923 0.059354 0.055704 0.052054 0.048395 0.044727 0.041059 0.037361 0.03366 0.029956 0.02625 0.022593 0.019003 0.015517
38 0.084184 0.08072 0.077274 0.073777 0.070242 0.066669 0.063057 0.059443 0.055793 0.052143 0.048466 0.04476 0.041054 0.037287 0.033515 0.029754 0.026004 0.022285 0.018605 0.01497
39 0.085373 0.082048 0.078766 0.075533 0.072338 0.069008 0.065544 0.062065 0.058426 0.054788 0.048643 0.03999 0.031337 0.031417 0.032341 0.030758 0.026667 0.02253 0.018332 0.014096
40 0.084985 0.082059 0.078782 0.075487 0.072179 0.06881 0.065381 0.061936 0.058331 0.054726 0.048836 0.040661 0.032487 0.032096 0.032458 0.030562 0.026409 0.022208 0.017942 0.013666
41 0.084652 0.081775 0.078508 0.075265 0.07204 0.068722 0.065311 0.061881 0.058259 0.054637 0.048991 0.041319 0.033648 0.032831 0.032677 0.030475 0.026226 0.021938 0.0176 0.013247
42 0.084095 0.081416 0.078288 0.075152 0.07201 0.068733 0.065321 0.061887 0.058232 0.054577 0.049111 0.041834 0.034557 0.033411 0.032858 0.03043 0.026127 0.021766 0.017327 0.012868
43 0.083729 0.081096 0.078018 0.074938 0.071855 0.068639 0.065287 0.061906 0.058218 0.054529 0.049245 0.042366 0.035486 0.03401 0.033057 0.030392 0.026014 0.021578 0.017061 0.012577
44 0.083297 0.080745 0.077744 0.074682 0.071574 0.068393 0.065138 0.061852 0.05824 0.054628 0.049542 0.042981 0.03642 0.034617 0.033273 0.030382 0.025942 0.021431 0.016826 0.012294
45 0.082781 0.080108 0.077428 0.0745 0.071385 0.068256 0.065112 0.061925 0.058305 0.054684 0.049761 0.043535 0.03731 0.035193 0.033474 0.030367 0.025871 0.021307 0.016652 0.012047
46 0.082294 0.079584 0.076934 0.074135 0.071224 0.068203 0.065073 0.061905 0.058349 0.054792 0.05005 0.044123 0.038196 0.035778 0.0337 0.030377 0.02581 0.021192 0.016507 0.011775
47 0.081743 0.079205 0.076586 0.073854 0.071036 0.068058 0.06492 0.061754 0.058308 0.054863 0.05033 0.044709 0.039088 0.03639 0.033975 0.030449 0.025811 0.021113 0.016335 0.011473
48 0.081099 0.078732 0.076201 0.073559 0.070836 0.067935 0.064857 0.06175 0.058341 0.054932 0.050556 0.045214 0.039871 0.036948 0.03426 0.030564 0.025861 0.021075 0.016177 0.011233
49 0.080494 0.078249 0.075822 0.073285 0.070665 0.067832 0.064786 0.06171 0.058331 0.054952 0.050748 0.045719 0.040691 0.0375 0.034487 0.030626 0.025916 0.021082 0.016084 0.011024
50 0.079936 0.077798 0.075473 0.07298 0.070361 0.067594 0.064682 0.061729 0.058365 0.055 0.050946 0.046202 0.041458 0.038055 0.03478 0.030756 0.025982 0.021074 0.015987 0.010842
51 0.079323 0.077282 0.075063 0.072662 0.070123 0.067432 0.064589 0.061707 0.058428 0.05515 0.051245 0.046714 0.042182 0.038555 0.035015 0.03084 0.026032 0.021069 0.015899 0.01069
52 0.078659 0.076728 0.074622 0.072321 0.069875 0.067269 0.064506 0.061701 0.058469 0.055238 0.051486 0.047214 0.042942 0.039091 0.035279 0.030957 0.026123 0.021112 0.015866 0.01054
53 0.078028 0.076219 0.074164 0.071964 0.069655 0.067152 0.064453 0.061711 0.058518 0.055325 0.051705 0.047659 0.043612 0.039591 0.035572 0.031112 0.026209 0.021139 0.015847 0.010365
54 0.077415 0.075634 0.073733 0.071638 0.069398 0.066963 0.064334 0.061662 0.058538 0.055414 0.051942 0.048124 0.044306 0.04012 0.035898 0.031308 0.026347 0.021203 0.015812 0.010212
55 0.076757 0.075052 0.073222 0.071219 0.069086 0.066762 0.064248 0.061685 0.058614 0.055542 0.052202 0.048594 0.044986 0.040641 0.036225 0.031513 0.026505 0.021287 0.015789 0.010072
56 0.076059 0.074444 0.07277 0.070891 0.06886 0.066621 0.064175 0.061678 0.058656 0.055635 0.052423 0.049021 0.045618 0.041125 0.036527 0.031703 0.026653 0.021375 0.015796 0.0099705
57 0.075348 0.073833 0.072277 0.070504 0.068566 0.066416 0.064051 0.061636 0.058689 0.055742 0.05267 0.049475 0.046279 0.04164 0.036863 0.03193 0.026844 0.021506 0.015836 0.0098971
58 0.074654 0.073308 0.07188 0.070164 0.068234 0.066153 0.063922 0.061634 0.058749 0.055864 0.05292 0.049917 0.046914 0.042117 0.037146 0.032114 0.027019 0.021635 0.015864 0.0097931
59 0.07394 0.072791 0.071406 0.069747 0.067882 0.065893 0.06378 0.061606 0.058796 0.055986 0.053169 0.050344 0.04752 0.042614 0.037506 0.032371 0.027207 0.021767 0.015959 0.0097153
60 0.073256 0.07201 0.07085 0.069352 0.067602 0.065716 0.063694 0.06161 0.058888 0.056166 0.053467 0.05079 0.048114 0.043095 0.03785 0.032614 0.027388 0.021883 0.016007 0.0096488
61 0.072387 0.071295 0.070259 0.068899 0.067297 0.065535 0.063616 0.061632 0.058989 0.056346 0.053761 0.051236 0.04871 0.043599 0.038237 0.032912 0.027622 0.022035 0.016052 0.0095806
62 0.071617 0.070611 0.069805 0.068592 0.067073 0.065377 0.063505 0.061572 0.059019 0.056466 0.054004 0.051634 0.049264 0.044064 0.03859 0.033181 0.027835 0.022177 0.016102 0.0095127
63 0.070682 0.070022 0.069209 0.068107 0.066788 0.06521 0.063371 0.061478 0.059027 0.056577 0.054258 0.052071 0.049884 0.044589 0.038992 0.033505 0.028127 0.022398 0.016202 0.0095002
64 0.069809 0.069422 0.06868 0.06765 0.066405 0.06494 0.063256 0.061507 0.059089 0.05667 0.054466 0.052475 0.050484 0.0451 0.039389 0.033826 0.028411 0.022616 0.016316 0.0094914
65 0.069043 0.068824 0.068108 0.067161 0.066041 0.064708 0.063162 0.061543 0.059153 0.056764 0.054657 0.052833 0.051008 0.045568 0.039778 0.034153 0.028693 0.022831 0.016432 0.0095412
66 0.068101 0.067967 0.067593 0.066843 0.06581 0.06456 0.063092 0.061546 0.059193 0.05684 0.054836 0.053181 0.051526 0.04604 0.040184 0.03451 0.029017 0.02308 0.016552 0.0095297
67 0.067272 0.067151 0.066934 0.066344 0.065475 0.064377 0.063051 0.061639 0.059328 0.057016 0.055091 0.053551 0.052012 0.04648 0.040563 0.034851 0.029345 0.023344 0.016683 0.009492
68 0.066507 0.066619 0.0664 0.065896 0.065175 0.064186 0.062926 0.061582 0.059364 0.057147 0.055324 0.053894 0.052464 0.046886 0.040907 0.035165 0.029659 0.023612 0.016844 0.0094433
69 0.065887 0.066059 0.065829 0.065399 0.064818 0.06394 0.062763 0.061503 0.059387 0.057271 0.055558 0.054246 0.052935 0.047332 0.041315 0.035532 0.029984 0.023867 0.016991 0.0093833
70 0.065027 0.065565 0.065276 0.064887 0.064423 0.063679 0.062654 0.061539 0.059484 0.05743 0.055811 0.054628 0.053446 0.047768 0.041655 0.035816 0.030251 0.024094 0.01715 0.0094182
71 0.064537 0.064995 0.064659 0.064326 0.063993 0.063355 0.062411 0.06138 0.059453 0.057527 0.056036 0.05498 0.053924 0.048237 0.042102 0.03623 0.030622 0.024392 0.017336 0.0095061
72 0.063672 0.064436 0.064083 0.063842 0.063686 0.063128 0.062168 0.061139 0.059399 0.057659 0.05631 0.055353 0.054395 0.048709 0.042564 0.036668 0.031018 0.024711 0.017527 0.0095311
73 0.062938 0.063972 0.063517 0.063344 0.063383 0.062886 0.061852 0.060775 0.059251 0.057727 0.056548 0.055714 0.054879 0.049217 0.043088 0.037162 0.03144 0.025034 0.017717 0.0095568
74 0.062163 0.06329 0.062739 0.062637 0.062871 0.062579 0.061762 0.060887 0.059411 0.057935 0.056815 0.056052 0.055289 0.049675 0.043593 0.037644 0.03183 0.025319 0.017879 0.0096305
75 0.061397 0.062342 0.061871 0.061887 0.062269 0.062222 0.061747 0.061182 0.059693 0.058204 0.057111 0.056413 0.055716 0.050141 0.044096 0.038135 0.032259 0.025649 0.018061 0.0096064
76 0.060596 0.061232 0.061049 0.061233 0.061692 0.061839 0.061673 0.061392 0.059919 0.058445 0.057426 0.056861 0.056295 0.050685 0.044588 0.038587 0.032684 0.025992 0.018252 0.0095587
77 0.059531 0.060242 0.060561 0.060876 0.061188 0.061388 0.061476 0.061439 0.060111 0.058783 0.057835 0.057266 0.056698 0.051094 0.045002 0.038996 0.033075 0.02633 0.018488 0.0096189
78 0.058557 0.059472 0.060012 0.060441 0.060787 0.061075 0.061304 0.06141 0.060239 0.059067 0.058188 0.057601 0.057015 0.051471 0.045447 0.039439 0.033447 0.02663 0.018715 0.0096841
79 0.057722 0.058804 0.059558 0.060102 0.060488 0.060805 0.061052 0.06119 0.060204 0.059218 0.05846 0.057929 0.057399 0.051886 0.045892 0.039868 0.033815 0.026927 0.018927 0.0097542
80 0.057071 0.058113 0.059077 0.059786 0.060304 0.060665 0.06087 0.060981 0.060124 0.059266 0.058603 0.058134 0.057665 0.052256 0.046369 0.040353 0.034209 0.027222 0.019112 0.0098226
81 0.056342 0.057498 0.058675 0.05945 0.059923 0.060296 0.060569 0.060756 0.060047 0.059338 0.058806 0.058449 0.058093 0.052677 0.046771 0.040771 0.034675 0.027634 0.019333 0.0098962
82 0.055549 0.056789 0.058142 0.059042 0.059602 0.06 0.060238 0.060408 0.059876 0.059344 0.058994 0.058825 0.058657 0.053214 0.04726 0.041251 0.035187 0.028079 0.019581 0.0099631
83 0.054667 0.055868 0.057446 0.058514 0.059197 0.059659 0.059898 0.060083 0.059707 0.05933 0.059167 0.059218 0.059269 0.053857 0.047916 0.041884 0.03576 0.028559 0.019923 0.010077
84 0.053543 0.055008 0.056347 0.057588 0.058754 0.059501 0.05983 0.060102 0.059777 0.059452 0.059415 0.059667 0.059919 0.054478 0.048487 0.042416 0.036266 0.029017 0.020306 0.010126
85 0.052623 0.054083 0.05547 0.0568 0.058086 0.059016 0.059591 0.060101 0.059931 0.05976 0.059841 0.060174 0.060506 0.05503 0.048993 0.042908 0.036775 0.029486 0.020659 0.010167
86 0.051925 0.053315 0.054804 0.056213 0.057562 0.058594 0.05931 0.059971 0.060066 0.060161 0.060315 0.06053 0.060745 0.055409 0.049537 0.043476 0.037226 0.029814 0.020853 0.010173
87 0.051352 0.052979 0.054485 0.055846 0.057098 0.058184 0.059103 0.059953 0.060094 0.060234 0.060458 0.060766 0.061074 0.055775 0.049934 0.043827 0.037453 0.030002 0.021119 0.010263
88 0.05065 0.052593 0.053999 0.055354 0.056669 0.057865 0.058941 0.059936 0.060097 0.060258 0.060547 0.060966 0.061385 0.056064 0.050188 0.044164 0.03799 0.030557 0.021446 0.010331
89 0.049744 0.051967 0.053283 0.054733 0.056284 0.057601 0.058684 0.059705 0.06007 0.060435 0.060813 0.061206 0.061598 0.056446 0.050757 0.044812 0.038612 0.031064 0.021723 0.010462
90 0.04881 0.051247 0.052417 0.053941 0.055729 0.057247 0.058495 0.05968 0.060212 0.060743 0.061141 0.061407 0.061672 0.056791 0.051412 0.045582 0.039299 0.031598 0.022008 0.010567
91 0.047965 0.050198 0.051509 0.053133 0.054992 0.056757 0.058427 0.059988 0.060424 0.060861 0.061247 0.061583 0.061919 0.057289 0.052178 0.046407 0.039974 0.032134 0.022421 0.010595
92 0.047109 0.049395 0.050991 0.05263 0.054302 0.056208 0.058349 0.060318 0.06051 0.060703 0.06104 0.061521 0.062003 0.057717 0.052971 0.047293 0.040686 0.032695 0.022863 0.010698
93 0.046135 0.048837 0.050648 0.05223 0.053641 0.055604 0.05812 0.06041 0.060376 0.060342 0.06072 0.06151 0.062301 0.058288 0.05381 0.048149 0.041305 0.033192 0.023391 0.010992
94 0.045255 0.047841 0.050123 0.051903 0.053308 0.055362 0.058065 0.060524 0.060452 0.06038 0.060696 0.061401 0.062105 0.058478 0.054432 0.048863 0.04177 0.033628 0.024086 0.011327
95 0.044264 0.047017 0.049576 0.051451 0.052813 0.055011 0.058044 0.060789 0.060552 0.060315 0.06058 0.061346 0.062112 0.05878 0.055052 0.049586 0.042381 0.034209 0.02475 0.011371
96 0.04296 0.046041 0.04843 0.05062 0.052658 0.055162 0.05813 0.060806 0.060457 0.060108 0.060339 0.061149 0.061959 0.059098 0.055883 0.050641 0.043372 0.035015 0.025207 0.011964
97 0.041853 0.044979 0.04743 0.049914 0.052423 0.055156 0.058111 0.060777 0.060447 0.060117 0.060292 0.060973 0.061653 0.059372 0.056804 0.051756 0.044227 0.035704 0.025856 0.012153
98 0.041303 0.044215 0.046834 0.049512 0.052234 0.055236 0.058517 0.061424 0.060458 0.059492 0.059498 0.060476 0.061454 0.059517 0.057299 0.052435 0.044924 0.036389 0.026488 0.012292
99 0.040498 0.043957 0.046457 0.049169 0.052039 0.055306 0.05897 0.062166 0.060517 0.058867 0.058651 0.059866 0.061082 0.059511 0.057671 0.053 0.0455 0.036998 0.027163 0.012612
100 0.040162 0.043367 0.046042 0.048973 0.052096 0.055279 0.05852 0.061347 0.059883 0.05842 0.058366 0.059722 0.061078 0.059803 0.058274 0.053749 0.046227 0.037705 0.027851 0.013137
101 0.039995 0.043442 0.045429 0.048254 0.05171 0.05526 0.058907 0.062049 0.059979 0.05791 0.057689 0.059318 0.060946 0.05998 0.058763 0.054281 0.046535 0.037935 0.028198 0.013423
102 0.039157 0.042614 0.044567 0.047621 0.051503 0.055368 0.059219 0.062513 0.060055 0.057597 0.057275 0.05909 0.060904 0.060281 0.059423 0.05507 0.047222 0.038465 0.028499 0.013555
103 0.038148 0.041582 0.043683 0.046952 0.051099 0.055367 0.059756 0.06349 0.060468 0.057445 0.056822 0.058599 0.060375 0.060272 0.059987 0.055917 0.048061 0.039185 0.028948 0.013843
104 0.037651 0.041167 0.043328 0.046606 0.050725 0.055222 0.060098 0.06421 0.060425 0.05664 0.055799 0.057903 0.060007 0.060336 0.060494 0.056706 0.048973 0.040118 0.02977 0.013822
105 0.03721 0.040902 0.043236 0.046311 0.049941 0.054439 0.059806 0.064325 0.060086 0.055847 0.055007 0.057567 0.060127 0.060778 0.061245 0.057574 0.049766 0.040878 0.030553 0.014403
106 0.036677 0.040533 0.043184 0.046178 0.04943 0.054 0.05989 0.064847 0.060156 0.055466 0.054424 0.057029 0.059634 0.060862 0.061957 0.05842 0.050252 0.041293 0.031281 0.014486
107 0.036017 0.040006 0.042918 0.046001 0.049212 0.053877 0.059994 0.065156 0.060433 0.05571 0.054591 0.057074 0.059557 0.060943 0.062222 0.058518 0.04983 0.040888 0.031605 0.015449
108 0.036094 0.039974 0.04338 0.046264 0.048758 0.053362 0.060077 0.065742 0.06055 0.055358 0.054062 0.056662 0.059262 0.060949 0.062547 0.05882 0.049767 0.040773 0.031858 0.015742
109 0.035797 0.040959 0.044395 0.046838 0.048535 0.05298 0.060172 0.066203 0.06022 0.054238 0.052815 0.05595 0.059086 0.060863 0.062509 0.058869 0.049944 0.041019 0.032095 0.016513
110 0.03604 0.041407 0.044931 0.047047 0.048105 0.0523 0.059632 0.065743 0.05924 0.052737 0.051457 0.0554 0.059343 0.061052 0.062545 0.059196 0.051006 0.042379 0.033172 0.017269
111 0.036323 0.042 0.045737 0.047378 0.047446 0.051575 0.059768 0.066606 0.059448 0.05229 0.050811 0.055013 0.059215 0.060682 0.061885 0.058687 0.051087 0.042763 0.033477 0.01781
112 0.036304 0.043358 0.046825 0.048285 0.048239 0.052256 0.060336 0.067037 0.059477 0.051917 0.049904 0.053437 0.056971 0.059532 0.061999 0.059323 0.051504 0.042688 0.032546 0.018064
113 0.035967 0.044256 0.047709 0.04898 0.048613 0.052415 0.060387 0.06702 0.059806 0.052592 0.05025 0.05278 0.05531 0.058404 0.061554 0.059407 0.051963 0.042968 0.031907 0.017712
114 0.034839 0.044065 0.048084 0.049378 0.048626 0.052307 0.060419 0.067193 0.06012 0.053047 0.050632 0.052875 0.055119 0.058177 0.061314 0.059238 0.05195 0.043073 0.032081 0.017463
115 0.033369 0.043734 0.048111 0.050101 0.0503 0.054166 0.061697 0.067907 0.060457 0.053007 0.050255 0.052201 0.054146 0.057609 0.061218 0.059158 0.051429 0.04257 0.032206 0.016359
