1 0 0 0 0 0 0 0 0 0 0 0 0 0 0 0 0 0 0 0 0
2 0 0 0 0 0 0 0 0 0 0 0 0 0 0 0 0 0 0 0 0
3 0 0 0 0 0 0 0 0 0 0 0 0 0 0 0 0 0 0 0 0
4 0 0 0 0 0 0 0 0 0 0 0 0 0 0 0 0 0 0 0 0
5 0 0 0 0 0 0 0 0 0 0 0 0 0 0 0 0 0 0 0 0
6 0 0 0 0 0 0 0 0 0 0 0 0 0 0 0 0 0 0 0 0
7 0 0 0 0 0 0 0 0 0 0 0 0 0 0 0 0 0 0 0 0
8 0 0 0 0 0 0 0 0 0 0 0 0 0 0 0 0 0 0 0 0
9 0 0 0 0 0 0 0 0 0 0 0 0 0 0 0 0 0 0 0 0
10 0 0 0 0 0 0 0 0 0 0 0 0 0 0 0 0 0 0 0 0
11 0 0 0 0 0 0 0 0 0 0 0 0 0 0 0 0 0 0 0 0
12 0 0 0 0 0 0 0 0 0 0 0 0 0 0 0 0 0 0 0 0
13 0 0 0 0 0 0 0 0 0 0 0 0 0 0 0 0 0 0 0 0
14 0 0 0 0 0 0 0 0 0 0 0 0 0 0 0 0 0 0 0 0
15 0 0 0 0 0 0 0 0 0 0 0 0 0 0 0 0 0 0 0 0
16 0 0 0 0 0 0 0 0 0 0 0 0 0 0 0 0 0 0 0 0
17 0 0 0 0 0 0 0 0 0 0 0 0 0 0 0 0 0 0 0 0
18 0 0 0 0 0 0 0 0 0 0 0 0 0 0 0 0 0 0 0 0
19 0 0 0 0 0 0 0 0 0 0 0 0 0 0 0 0 0 0 0 0
20 0 0 0 0 0 0 0 0 0 0 0 0 0 0 0 0 0 0 0 0
21 0 0 0 0 0 0 0 0 0 0 0 0 0 0 0 0 0 0 0 0
22 0 0 0 0 0 0 0 0 0 0 0 0 0 0 0 0 0 0 0 0
23 0 0 0 0 0 0 0 0 0 0 0 0 0 0 0 0 0 0 0 0
24 0.04317 0.046426 0.053399 0.05505 0.052705 0.053395 0.057121 0.060184 0.056389 0.052595 0.052406 0.055823 0.05924 0.055476 0.051018 0.045839 0.039939 0.036661 0.036871 0.036294
25 0.044456 0.051944 0.056843 0.058556 0.057874 0.058289 0.0598 0.060787 0.056344 0.051902 0.050814 0.053082 0.055349 0.051956 0.048015 0.04322 0.037569 0.034445 0.034686 0.034069
26 0.058867 0.065793 0.067209 0.067024 0.065635 0.063281 0.059961 0.056708 0.054145 0.051582 0.04923 0.04709 0.04495 0.042576 0.040179 0.037618 0.034892 0.032511 0.030591 0.030158
27 0.067523 0.070067 0.069116 0.067117 0.06433 0.061412 0.058363 0.055386 0.053137 0.050888 0.048584 0.046224 0.043864 0.04153 0.039198 0.037005 0.03495 0.03261 0.029891 0.028805
28 0.071552 0.072475 0.070044 0.066979 0.063439 0.060404 0.057875 0.055353 0.052906 0.05046 0.048092 0.045803 0.043515 0.041259 0.039007 0.036744 0.03447 0.032164 0.029817 0.027642
29 0.07327 0.073698 0.069981 0.066845 0.064144 0.061439 0.058731 0.056029 0.053387 0.050745 0.04818 0.045691 0.043202 0.040752 0.038307 0.035893 0.033512 0.031113 0.02869 0.026391
30 0.074878 0.07429 0.070586 0.067376 0.064537 0.061788 0.059129 0.056465 0.053765 0.051064 0.048389 0.04574 0.043092 0.040445 0.037798 0.035173 0.032569 0.030031 0.02758 0.025305
31 0.077212 0.074295 0.07134 0.068368 0.065384 0.062435 0.059521 0.056622 0.053871 0.051121 0.048349 0.045558 0.042767 0.039955 0.037142 0.034407 0.031752 0.029146 0.026606 0.024149
32 0.078111 0.075163 0.07214 0.06913 0.06613 0.063128 0.060126 0.057124 0.054129 0.051134 0.0482 0.045327 0.042453 0.039507 0.036553 0.033705 0.030963 0.028261 0.025614 0.023104
33 0.079165 0.075986 0.072923 0.069838 0.066735 0.063643 0.060559 0.057474 0.054364 0.051254 0.048166 0.0451 0.042034 0.039053 0.03608 0.033161 0.030295 0.027461 0.02467 0.022036
34 0.08015 0.07694 0.073726 0.07051 0.067293 0.064079 0.060868 0.05766 0.054491 0.051321 0.048144 0.04496 0.041777 0.038699 0.035633 0.032607 0.029621 0.026679 0.023795 0.021046
35 0.080882 0.077624 0.074334 0.071061 0.067802 0.064523 0.061224 0.057927 0.054658 0.051388 0.048121 0.044857 0.041593 0.038427 0.03527 0.032141 0.02904 0.025985 0.022994 0.02015
36 0.081579 0.078223 0.074867 0.071519 0.068177 0.064832 0.061485 0.05814 0.054809 0.051479 0.048155 0.044837 0.041519 0.038241 0.034968 0.03172 0.028497 0.025339 0.022267 0.019347
37 0.082207 0.078783 0.075384 0.071976 0.068563 0.065168 0.061792 0.05841 0.054978 0.051546 0.048146 0.044778 0.041409 0.038037 0.034664 0.031317 0.027996 0.024738 0.021565 0.018542
38 0.082753 0.079249 0.075783 0.072361 0.068972 0.065539 0.062061 0.058585 0.055126 0.051667 0.04821 0.044752 0.041295 0.037832 0.034368 0.03094 0.027548 0.024209 0.020941 0.017808
39 0.08651 0.083146 0.079662 0.076228 0.072833 0.069334 0.065731 0.062104 0.058224 0.054343 0.04722 0.036857 0.026494 0.028603 0.03192 0.031697 0.027936 0.024164 0.020379 0.016615
40 0.086523 0.083362 0.079816 0.076279 0.072747 0.069251 0.06579 0.062298 0.058474 0.054651 0.047534 0.037123 0.026712 0.028707 0.031902 0.031554 0.027664 0.02376 0.019836 0.016017
41 0.086198 0.082835 0.079405 0.076008 0.072634 0.06921 0.065735 0.062245 0.058593 0.054942 0.048086 0.038026 0.027966 0.029432 0.032014 0.031303 0.027299 0.023304 0.01932 0.015448
42 0.08594 0.082563 0.079237 0.075854 0.072429 0.068987 0.065527 0.062055 0.058462 0.054868 0.048326 0.038837 0.029347 0.030274 0.032209 0.031138 0.027061 0.023006 0.01898 0.0149
43 0.085513 0.082073 0.078997 0.075797 0.072504 0.069093 0.065562 0.062025 0.058416 0.054806 0.048505 0.039512 0.030518 0.030953 0.032299 0.030921 0.026819 0.022707 0.018584 0.014397
44 0.085138 0.081981 0.07887 0.075624 0.072275 0.068888 0.065462 0.062018 0.058396 0.054774 0.048722 0.040239 0.031756 0.03166 0.032374 0.030677 0.026567 0.022415 0.018205 0.01396
45 0.084827 0.082037 0.078642 0.075333 0.072087 0.068756 0.065341 0.06191 0.058319 0.054729 0.048924 0.040905 0.032886 0.032353 0.032544 0.030544 0.026354 0.022125 0.017842 0.013541
46 0.084445 0.081618 0.07838 0.075211 0.072094 0.068801 0.065333 0.06185 0.05822 0.054591 0.049012 0.041484 0.033957 0.033041 0.032765 0.030486 0.026203 0.021883 0.017514 0.013112
47 0.08391 0.081258 0.078168 0.075041 0.071886 0.068638 0.065296 0.061926 0.058266 0.054605 0.049197 0.042041 0.034886 0.033628 0.032941 0.030436 0.026114 0.021728 0.017258 0.012777
48 0.08359 0.080988 0.077947 0.074857 0.07173 0.068516 0.065214 0.06188 0.058218 0.054556 0.049339 0.042567 0.035796 0.034223 0.033154 0.030415 0.026008 0.021538 0.016983 0.012481
49 0.083066 0.080513 0.077619 0.074612 0.07152 0.068358 0.065126 0.06186 0.058247 0.054633 0.04961 0.043177 0.036743 0.034832 0.033357 0.030394 0.025941 0.021409 0.016773 0.012211
50 0.082574 0.079894 0.077292 0.074411 0.071322 0.068211 0.065079 0.061907 0.058318 0.054729 0.049871 0.043746 0.03762 0.0354 0.033556 0.030375 0.025856 0.021274 0.016607 0.011957
51 0.082066 0.079445 0.076794 0.074017 0.071145 0.068141 0.065005 0.061837 0.058339 0.054841 0.050177 0.044345 0.038514 0.035998 0.033802 0.030409 0.025818 0.021172 0.016453 0.011683
52 0.081488 0.079062 0.076467 0.073753 0.07095 0.06799 0.064873 0.06173 0.058314 0.054897 0.050427 0.044904 0.03938 0.036597 0.034079 0.03049 0.025831 0.021103 0.016282 0.011384
53 0.08087 0.078588 0.07609 0.073469 0.070755 0.067874 0.064825 0.061746 0.058347 0.054948 0.050628 0.045386 0.040144 0.037131 0.034334 0.030584 0.025882 0.02108 0.016146 0.011172
54 0.080328 0.078117 0.075719 0.073181 0.07054 0.067729 0.064748 0.061732 0.058345 0.054959 0.050802 0.045876 0.040949 0.037686 0.034584 0.030667 0.025936 0.021081 0.016061 0.010961
55 0.079751 0.077625 0.075333 0.072862 0.070257 0.067523 0.064662 0.061757 0.058397 0.055038 0.051025 0.046359 0.041694 0.038224 0.034869 0.030795 0.026001 0.021072 0.015964 0.010793
56 0.079096 0.077082 0.074892 0.072536 0.070054 0.0674 0.064572 0.061705 0.058436 0.055167 0.051313 0.046876 0.042439 0.038741 0.035115 0.030891 0.026069 0.021085 0.015885 0.010646
57 0.078429 0.076529 0.074432 0.072174 0.069795 0.067236 0.0645 0.06172 0.058491 0.055262 0.051554 0.047366 0.043178 0.039267 0.035384 0.031018 0.02617 0.021141 0.015874 0.010481
58 0.077803 0.075989 0.074001 0.071858 0.069598 0.067118 0.064417 0.061676 0.05852 0.055365 0.051798 0.047821 0.043844 0.039771 0.035688 0.031181 0.026249 0.021153 0.015837 0.010312
59 0.077188 0.075418 0.073563 0.0715 0.069279 0.066875 0.064287 0.061655 0.058557 0.055459 0.052037 0.048293 0.044549 0.040308 0.036019 0.031388 0.026415 0.021242 0.015804 0.010163
60 0.076492 0.074831 0.07305 0.071093 0.069004 0.066708 0.064208 0.061661 0.058627 0.055593 0.052307 0.048768 0.04523 0.040823 0.036332 0.031576 0.026554 0.021316 0.015789 0.010035
61 0.075883 0.074248 0.072602 0.070754 0.068754 0.066542 0.064118 0.061644 0.058655 0.055666 0.052506 0.049175 0.045844 0.041301 0.03664 0.031779 0.026717 0.021419 0.015807 0.0099438
62 0.075128 0.073625 0.072141 0.070398 0.068461 0.066328 0.063999 0.061619 0.058702 0.055785 0.052763 0.049634 0.046506 0.041806 0.036954 0.031986 0.026901 0.02155 0.015842 0.0098704
63 0.074407 0.073131 0.071721 0.070024 0.068111 0.066062 0.063878 0.061633 0.058767 0.055901 0.053002 0.050068 0.047134 0.042292 0.037266 0.032195 0.027079 0.021676 0.015891 0.0097604
64 0.073734 0.072607 0.071247 0.069615 0.067779 0.065819 0.063736 0.061592 0.058812 0.056031 0.053256 0.050486 0.047715 0.042771 0.037616 0.032446 0.02726 0.021803 0.015984 0.0096918
65 0.073025 0.071777 0.070645 0.06919 0.067492 0.065651 0.063665 0.061617 0.058917 0.056216 0.053557 0.050938 0.04832 0.043266 0.037976 0.032707 0.02746 0.02193 0.016022 0.009628
66 0.072098 0.071072 0.070103 0.068789 0.067215 0.065478 0.063578 0.061614 0.059 0.056385 0.053842 0.05137 0.048899 0.043764 0.038371 0.033017 0.027701 0.022085 0.016068 0.0095516
67 0.071426 0.070412 0.069589 0.068417 0.066983 0.065338 0.063482 0.061566 0.059029 0.056492 0.054069 0.051759 0.049449 0.044222 0.038712 0.033277 0.027916 0.022234 0.016124 0.0095034
68 0.070393 0.069855 0.069044 0.067949 0.066642 0.065094 0.063305 0.061459 0.059032 0.056605 0.054333 0.052215 0.050097 0.04477 0.039132 0.03362 0.028235 0.022483 0.016243 0.0094954
69 0.069584 0.06923 0.068547 0.067538 0.066284 0.064842 0.063212 0.061513 0.059105 0.056697 0.054523 0.052583 0.050644 0.045242 0.039506 0.033923 0.028495 0.02268 0.016349 0.0095035
70 0.068726 0.068626 0.06795 0.067044 0.065966 0.064664 0.063139 0.061539 0.059162 0.056784 0.05471 0.05294 0.05117 0.045716 0.039905 0.034264 0.02879 0.022903 0.016465 0.0095358
71 0.067844 0.067674 0.067397 0.066718 0.065737 0.064524 0.063079 0.061556 0.059215 0.056874 0.054899 0.053291 0.051683 0.046183 0.040306 0.034621 0.029125 0.023167 0.016591 0.0095169
72 0.067051 0.066946 0.066748 0.066196 0.065378 0.064317 0.063013 0.061623 0.059346 0.057069 0.055176 0.053666 0.052157 0.046609 0.040672 0.03495 0.029445 0.023429 0.016732 0.0094768
73 0.066366 0.066449 0.066225 0.065749 0.065084 0.064133 0.062896 0.061573 0.059372 0.05717 0.055375 0.053985 0.052595 0.04701 0.04102 0.035267 0.029751 0.023684 0.016884 0.0094151
74 0.065607 0.065921 0.065669 0.065252 0.064711 0.063866 0.062715 0.061483 0.059408 0.057332 0.055654 0.054372 0.053091 0.047469 0.041428 0.035627 0.030066 0.023933 0.017036 0.0093591
75 0.064941 0.065412 0.065116 0.064735 0.06429 0.063576 0.062591 0.061513 0.059475 0.057437 0.055852 0.054719 0.053586 0.047896 0.041764 0.035915 0.030349 0.024178 0.0172 0.0094553
76 0.064311 0.064826 0.064504 0.0642 0.06391 0.063279 0.062307 0.061258 0.059407 0.057557 0.056119 0.055092 0.054066 0.048386 0.042257 0.036377 0.030746 0.024489 0.017396 0.009512
77 0.063473 0.064309 0.063898 0.063679 0.063604 0.06307 0.062076 0.061023 0.059352 0.057681 0.056386 0.055466 0.054546 0.048857 0.042706 0.036802 0.031145 0.024813 0.017584 0.0095295
78 0.062637 0.063844 0.063334 0.063162 0.063243 0.062793 0.061812 0.060785 0.059282 0.057779 0.056622 0.05581 0.054999 0.049353 0.043239 0.037306 0.031552 0.025112 0.017758 0.0095777
79 0.061997 0.06304 0.062508 0.062435 0.062706 0.062476 0.061745 0.060948 0.059477 0.058006 0.056898 0.056153 0.055407 0.049807 0.043737 0.037782 0.031941 0.025399 0.017923 0.009615
80 0.061119 0.061993 0.061579 0.06167 0.06214 0.062175 0.061774 0.061276 0.059769 0.058263 0.057184 0.056533 0.055883 0.0503 0.044241 0.03827 0.032387 0.02575 0.018111 0.0095836
81 0.060345 0.060968 0.060943 0.061116 0.061439 0.061595 0.061584 0.061446 0.059997 0.058547 0.057546 0.056994 0.056442 0.050825 0.044718 0.038711 0.032803 0.026096 0.018323 0.0095622
82 0.059159 0.059924 0.060393 0.060776 0.061092 0.061316 0.061446 0.061451 0.060172 0.058892 0.05796 0.057374 0.056787 0.051203 0.045136 0.03913 0.033185 0.026417 0.018554 0.0096342
83 0.058344 0.059313 0.059873 0.060324 0.060693 0.060995 0.061228 0.061343 0.06023 0.059118 0.058272 0.057692 0.057113 0.051584 0.045576 0.039565 0.033553 0.026714 0.018775 0.009696
84 0.057567 0.058637 0.059451 0.060035 0.060445 0.060764 0.060993 0.061118 0.060173 0.059228 0.058498 0.057983 0.057468 0.051981 0.046012 0.03999 0.033916 0.027003 0.018972 0.0097645
85 0.056906 0.057914 0.058959 0.059697 0.060202 0.06057 0.060801 0.060938 0.06011 0.059281 0.058641 0.058191 0.05774 0.052361 0.046504 0.0405 0.034347 0.027331 0.019167 0.009842
86 0.056109 0.057385 0.058582 0.059378 0.059871 0.060238 0.060479 0.060642 0.059996 0.05935 0.058865 0.058542 0.058219 0.052783 0.046852 0.040859 0.034805 0.027757 0.019388 0.0099013
87 0.055371 0.056541 0.057981 0.058925 0.059495 0.059899 0.060136 0.060308 0.059814 0.059319 0.059025 0.05893 0.058836 0.05339 0.047426 0.04141 0.035341 0.028208 0.019655 0.0099919
88 0.054357 0.055574 0.057138 0.058289 0.059129 0.059659 0.059879 0.060049 0.059704 0.059359 0.059231 0.059319 0.059406 0.054018 0.0481 0.042065 0.035913 0.028689 0.020037 0.010088
89 0.05321 0.054784 0.056111 0.057368 0.058571 0.059371 0.059768 0.060105 0.059819 0.059533 0.05954 0.059841 0.060142 0.054652 0.048602 0.042514 0.036386 0.029142 0.020411 0.01013
90 0.052372 0.053783 0.055289 0.056676 0.057975 0.058923 0.059519 0.060056 0.059973 0.05989 0.059988 0.060267 0.060545 0.055124 0.049152 0.043086 0.036925 0.029594 0.020704 0.010159
91 0.051784 0.053174 0.054742 0.056164 0.057477 0.058503 0.059243 0.059929 0.060066 0.060203 0.060382 0.060603 0.060824 0.055503 0.049646 0.043564 0.037257 0.029833 0.020921 0.010184
92 0.051186 0.052921 0.05439 0.055731 0.056975 0.058087 0.059066 0.05997 0.0601 0.06023 0.060461 0.060794 0.061127 0.055829 0.049986 0.04391 0.037599 0.030156 0.021205 0.010276
93 0.050458 0.052469 0.053838 0.055198 0.056552 0.057776 0.05887 0.059883 0.060062 0.06024 0.060558 0.061015 0.061472 0.056189 0.05035 0.044343 0.03817 0.030705 0.021521 0.010331
94 0.0495 0.051813 0.053076 0.05455 0.056183 0.05755 0.058651 0.059692 0.060106 0.060521 0.060893 0.061222 0.061551 0.05649 0.050908 0.045008 0.038789 0.031201 0.021787 0.01051
95 0.048651 0.050997 0.052108 0.053638 0.055484 0.057107 0.058506 0.059826 0.060318 0.060809 0.061196 0.061478 0.061761 0.056927 0.051599 0.045781 0.039474 0.031727 0.022062 0.010549
96 0.047783 0.05002 0.051373 0.052988 0.0548 0.056609 0.058417 0.060099 0.060468 0.060838 0.0612 0.061554 0.061908 0.057379 0.052378 0.046632 0.040142 0.032268 0.022551 0.010592
97 0.046899 0.049295 0.050941 0.05254 0.054105 0.056025 0.0583 0.060382 0.060461 0.06054 0.06088 0.061479 0.062078 0.057876 0.053209 0.047543 0.040879 0.032838 0.022963 0.010767
98 0.045878 0.048637 0.05056 0.052185 0.053587 0.055555 0.058088 0.060395 0.060369 0.060343 0.060708 0.061464 0.06222 0.058325 0.05398 0.048341 0.041406 0.033284 0.023582 0.011092
99 0.045027 0.047538 0.05001 0.051862 0.053247 0.055314 0.058062 0.06056 0.060472 0.060383 0.06069 0.061393 0.062097 0.058543 0.054577 0.049015 0.041857 0.033724 0.024294 0.011335
100 0.043928 0.046769 0.049298 0.051257 0.052788 0.055069 0.058102 0.060841 0.060548 0.060254 0.060489 0.061253 0.062016 0.058824 0.055248 0.049857 0.042651 0.034427 0.024848 0.011534
101 0.042582 0.045772 0.04815 0.050434 0.052647 0.055207 0.058112 0.060733 0.060411 0.060089 0.060311 0.061076 0.061842 0.059171 0.056169 0.050988 0.043628 0.035215 0.0254 0.012063
102 0.041787 0.044727 0.047161 0.049711 0.052349 0.055196 0.058252 0.060998 0.060533 0.060068 0.060166 0.060826 0.061486 0.05934 0.056922 0.05195 0.044424 0.035897 0.026036 0.012171
103 0.041148 0.044249 0.046809 0.049471 0.052212 0.055296 0.058725 0.061738 0.060455 0.059173 0.059092 0.060213 0.061334 0.059505 0.057391 0.052581 0.045073 0.036549 0.02667 0.012319
104 0.040505 0.043874 0.046405 0.049163 0.052093 0.055337 0.058895 0.061994 0.06034 0.058686 0.058481 0.059723 0.060966 0.059517 0.057809 0.053201 0.045694 0.037194 0.027373 0.01275
105 0.040233 0.043532 0.045988 0.048864 0.052055 0.055335 0.058703 0.061627 0.059955 0.058284 0.058132 0.0595 0.060868 0.059673 0.058229 0.053761 0.046269 0.037774 0.027944 0.013275
106 0.039902 0.043337 0.045281 0.048154 0.051725 0.055359 0.059057 0.062233 0.060026 0.05782 0.057551 0.059221 0.06089 0.060025 0.058915 0.054421 0.046543 0.037898 0.028232 0.013408
107 0.038882 0.042363 0.044355 0.047477 0.051448 0.05539 0.059304 0.062648 0.060098 0.057549 0.057182 0.058995 0.060809 0.060309 0.059585 0.055302 0.047459 0.038647 0.028545 0.013653
108 0.037953 0.041345 0.043484 0.046814 0.051036 0.055452 0.060061 0.063969 0.060626 0.057284 0.056504 0.058287 0.06007 0.060174 0.060115 0.056158 0.048303 0.039416 0.029158 0.013792
109 0.037602 0.041165 0.043395 0.046623 0.050601 0.05506 0.060001 0.064165 0.06029 0.056415 0.055595 0.057829 0.060063 0.060391 0.060534 0.056788 0.04915 0.040348 0.029994 0.013993
110 0.03714 0.040878 0.043243 0.046253 0.049747 0.054278 0.059846 0.064534 0.060105 0.055676 0.054761 0.05736 0.059959 0.060803 0.061476 0.057851 0.049926 0.041003 0.030751 0.01441
111 0.036607 0.040491 0.043266 0.046242 0.049368 0.053943 0.059966 0.065032 0.060197 0.055361 0.05427 0.056924 0.059577 0.060874 0.06204 0.058454 0.050117 0.041166 0.031398 0.014705
112 0.036087 0.039993 0.042915 0.045956 0.049085 0.053781 0.060044 0.065336 0.060594 0.055853 0.054653 0.056995 0.059337 0.060829 0.062238 0.058537 0.049726 0.040767 0.031614 0.01566
113 0.036128 0.040362 0.043779 0.046488 0.048665 0.053217 0.060145 0.065979 0.060492 0.055006 0.05365 0.056424 0.059198 0.060903 0.062504 0.058801 0.049794 0.040826 0.03191 0.01573
114 0.035831 0.041204 0.044664 0.047036 0.048591 0.052966 0.060164 0.066178 0.059964 0.053749 0.052306 0.055634 0.058962 0.060801 0.062496 0.058947 0.050153 0.041253 0.032211 0.016889
115 0.036265 0.041624 0.045188 0.047122 0.047832 0.051949 0.059472 0.065744 0.059084 0.052425 0.051184 0.055361 0.059539 0.061036 0.062274 0.058983 0.051164 0.04277 0.033609 0.017377
