1 0 0 0 0 0 0 0 0 0 0 0 0 0 0 0 0 0 0 0 0
2 0 0 0 0 0 0 0 0 0 0 0 0 0 0 0 0 0 0 0 0
3 0 0 0 0 0 0 0 0 0 0 0 0 0 0 0 0 0 0 0 0
4 0 0 0 0 0 0 0 0 0 0 0 0 0 0 0 0 0 0 0 0
5 0 0 0 0 0 0 0 0 0 0 0 0 0 0 0 0 0 0 0 0
6 0 0 0 0 0 0 0 0 0 0 0 0 0 0 0 0 0 0 0 0
7 0 0 0 0 0 0 0 0 0 0 0 0 0 0 0 0 0 0 0 0
8 0 0 0 0 0 0 0 0 0 0 0 0 0 0 0 0 0 0 0 0
9 0 0 0 0 0 0 0 0 0 0 0 0 0 0 0 0 0 0 0 0
10 0 0 0 0 0 0 0 0 0 0 0 0 0 0 0 0 0 0 0 0
11 0 0 0 0 0 0 0 0 0 0 0 0 0 0 0 0 0 0 0 0
12 0 0 0 0 0 0 0 0 0 0 0 0 0 0 0 0 0 0 0 0
13 0 0 0 0 0 0 0 0 0 0 0 0 0 0 0 0 0 0 0 0
14 0 0 0 0 0 0 0 0 0 0 0 0 0 0 0 0 0 0 0 0
15 0 0 0 0 0 0 0 0 0 0 0 0 0 0 0 0 0 0 0 0
16 0 0 0 0 0 0 0 0 0 0 0 0 0 0 0 0 0 0 0 0
17 0 0 0 0 0 0 0 0 0 0 0 0 0 0 0 0 0 0 0 0
18 0 0 0 0 0 0 0 0 0 0 0 0 0 0 0 0 0 0 0 0
19 0 0 0 0 0 0 0 0 0 0 0 0 0 0 0 0 0 0 0 0
20 0 0 0 0 0 0 0 0 0 0 0 0 0 0 0 0 0 0 0 0
21 0 0 0 0 0 0 0 0 0 0 0 0 0 0 0 0 0 0 0 0
22 0 0 0 0 0 0 0 0 0 0 0 0 0 0 0 0 0 0 0 0
23 0 0 0 0 0 0 0 0 0 0 0 0 0 0 0 0 0 0 0 0
24 0 0 0 0 0 0 0 0 0 0 0 0 0 0 0 0 0 0 0 0
25 0.043278 0.046529 0.053501 0.055142 0.052779 0.053454 0.057168 0.060218 0.056407 0.052597 0.052392 0.055791 0.059191 0.055417 0.05095 0.045765 0.039865 0.036581 0.036781 0.036195
26 0.05444 0.061481 0.064438 0.065526 0.06521 0.063492 0.060373 0.057261 0.054232 0.051203 0.049341 0.048646 0.04795 0.0452 0.042251 0.038786 0.034806 0.032234 0.031537 0.031594
27 0.064451 0.068789 0.067851 0.066708 0.065411 0.062999 0.05947 0.056036 0.053578 0.05112 0.048658 0.046193 0.043728 0.041554 0.039408 0.037235 0.035034 0.032598 0.029846 0.029332
28 0.069001 0.07121 0.070073 0.067427 0.063647 0.060499 0.057982 0.05547 0.053005 0.05054 0.048165 0.04588 0.043595 0.041376 0.039164 0.036981 0.034828 0.032637 0.030397 0.028122
29 0.072689 0.073891 0.070035 0.066651 0.063622 0.060822 0.058249 0.05568 0.053137 0.050594 0.048115 0.045698 0.043281 0.040961 0.03865 0.036322 0.033976 0.031565 0.029068 0.026994
30 0.073833 0.073807 0.070055 0.066969 0.064382 0.061725 0.058998 0.056282 0.053676 0.05107 0.048444 0.045799 0.043154 0.040599 0.038053 0.035519 0.032999 0.030554 0.028209 0.025871
31 0.076882 0.074001 0.070861 0.067851 0.064939 0.062075 0.059257 0.056452 0.05377 0.051088 0.048388 0.045671 0.042953 0.040208 0.037459 0.03477 0.032141 0.029554 0.027024 0.024657
32 0.07768 0.074808 0.071818 0.068815 0.065804 0.062821 0.059869 0.05692 0.054015 0.05111 0.048236 0.045394 0.042551 0.039677 0.036801 0.034022 0.031342 0.028687 0.026064 0.023565
33 0.078706 0.0756 0.072566 0.069533 0.066501 0.063464 0.060424 0.057378 0.054284 0.05119 0.04815 0.045163 0.042176 0.039223 0.036273 0.0334 0.030604 0.027823 0.025061 0.022482
34 0.079594 0.076449 0.07333 0.070182 0.067012 0.063862 0.060733 0.057603 0.054465 0.051328 0.048188 0.045047 0.041907 0.038881 0.035867 0.032884 0.029932 0.027035 0.02421 0.021493
35 0.080451 0.077272 0.074052 0.07082 0.067578 0.064318 0.061038 0.057765 0.054566 0.051366 0.048154 0.044928 0.041701 0.038577 0.035463 0.032375 0.029313 0.026309 0.023383 0.020572
36 0.081276 0.077935 0.074619 0.071314 0.068016 0.064697 0.061355 0.058018 0.054724 0.05143 0.048143 0.044863 0.041583 0.038354 0.03513 0.03192 0.028723 0.025603 0.022586 0.019712
37 0.081991 0.078514 0.075108 0.071733 0.06838 0.065011 0.061626 0.058243 0.054894 0.051544 0.04819 0.044829 0.041469 0.038127 0.034787 0.031489 0.028231 0.025026 0.02189 0.018918
38 0.082504 0.079046 0.075616 0.072196 0.068783 0.065362 0.061931 0.0585 0.055058 0.051616 0.048184 0.044762 0.041339 0.037919 0.0345 0.031113 0.027759 0.024456 0.021218 0.018136
39 0.086017 0.082967 0.079664 0.076142 0.072455 0.068887 0.065437 0.061959 0.058187 0.054416 0.047411 0.037173 0.026935 0.028872 0.031986 0.031698 0.028007 0.024307 0.020596 0.016884
40 0.086434 0.083362 0.079862 0.07645 0.073103 0.069599 0.065938 0.062257 0.058368 0.054478 0.047247 0.036674 0.026101 0.028358 0.031856 0.031681 0.027831 0.023978 0.020119 0.016302
41 0.086364 0.083051 0.079554 0.076074 0.072605 0.069164 0.065748 0.062309 0.05862 0.054931 0.047947 0.03767 0.027392 0.02908 0.031924 0.031381 0.027451 0.0235 0.019523 0.015711
42 0.085992 0.082555 0.079332 0.076016 0.072631 0.069163 0.065612 0.062057 0.058469 0.054881 0.048213 0.038466 0.028719 0.029903 0.032145 0.031236 0.027175 0.023143 0.019151 0.01514
43 0.085651 0.082088 0.079081 0.075865 0.072491 0.069064 0.065584 0.062092 0.058477 0.054862 0.048446 0.03923 0.030015 0.030658 0.032254 0.031007 0.026917 0.022835 0.018763 0.014618
44 0.085366 0.082065 0.078814 0.075577 0.072352 0.069005 0.065538 0.062055 0.05842 0.054784 0.048609 0.039894 0.031179 0.031333 0.032345 0.030807 0.026719 0.022585 0.01839 0.014159
45 0.084981 0.081995 0.078804 0.075527 0.072185 0.068806 0.06539 0.061957 0.058349 0.054741 0.048821 0.04059 0.032359 0.032023 0.032451 0.030593 0.026448 0.022255 0.017998 0.013728
46 0.084614 0.08181 0.078537 0.075273 0.072017 0.068692 0.065298 0.061885 0.058269 0.054653 0.048986 0.041269 0.033552 0.032775 0.032669 0.030497 0.026258 0.021981 0.017652 0.013311
47 0.08412 0.081442 0.078295 0.075162 0.07204 0.068759 0.065319 0.061862 0.058219 0.054575 0.049094 0.041774 0.034454 0.033352 0.032851 0.03045 0.026151 0.021797 0.01737 0.012915
48 0.083727 0.081098 0.078018 0.07493 0.071836 0.068624 0.065292 0.06193 0.058239 0.054548 0.049241 0.042317 0.035394 0.033956 0.033048 0.03041 0.026042 0.021615 0.017108 0.012626
49 0.083345 0.080801 0.077763 0.074685 0.071575 0.068393 0.065137 0.061851 0.058244 0.054636 0.049528 0.042917 0.036307 0.034549 0.03326 0.030398 0.025962 0.021457 0.01686 0.012333
50 0.082805 0.080165 0.077448 0.074507 0.071398 0.068265 0.065108 0.06191 0.058294 0.054677 0.049738 0.043476 0.037214 0.035138 0.033467 0.030387 0.025898 0.021338 0.016685 0.012083
51 0.082302 0.079602 0.076966 0.074168 0.071247 0.068221 0.065087 0.061916 0.058349 0.054783 0.050019 0.044057 0.038096 0.035717 0.033684 0.030387 0.025827 0.021217 0.016541 0.011813
52 0.081772 0.079222 0.0766 0.073872 0.071062 0.068084 0.064936 0.061762 0.058313 0.054863 0.050308 0.044647 0.038986 0.036326 0.033956 0.030455 0.025823 0.021133 0.016365 0.011516
53 0.081144 0.078769 0.076228 0.073582 0.070856 0.067948 0.064857 0.061739 0.058337 0.054935 0.050544 0.045163 0.039783 0.036891 0.034239 0.030564 0.025867 0.021089 0.016202 0.011264
54 0.08054 0.078293 0.075858 0.073307 0.070669 0.067828 0.064784 0.061712 0.058339 0.054967 0.050743 0.045668 0.040593 0.037436 0.034465 0.030626 0.025921 0.021093 0.016101 0.011055
55 0.079991 0.077852 0.075519 0.073016 0.070387 0.06761 0.064687 0.061724 0.058361 0.054998 0.050926 0.046146 0.041367 0.03799 0.034749 0.030746 0.025979 0.021081 0.016005 0.010866
56 0.079399 0.07735 0.075124 0.072704 0.070139 0.067436 0.064594 0.061712 0.058421 0.05513 0.051206 0.046648 0.04209 0.038493 0.034989 0.030835 0.02603 0.021073 0.015914 0.010712
57 0.078743 0.076799 0.074677 0.072361 0.069901 0.067285 0.064513 0.0617 0.058461 0.055221 0.051451 0.047149 0.042848 0.039026 0.035251 0.030948 0.026117 0.021111 0.015872 0.010567
58 0.078105 0.076293 0.074208 0.071989 0.069669 0.067161 0.064466 0.061726 0.058519 0.055311 0.051672 0.0476 0.043528 0.03953 0.035538 0.031096 0.026204 0.021142 0.015857 0.010388
59 0.077495 0.075696 0.073773 0.071672 0.069437 0.066997 0.064353 0.061666 0.058534 0.055401 0.051911 0.048064 0.044217 0.040054 0.035861 0.031287 0.026331 0.021196 0.015821 0.010233
60 0.076854 0.075121 0.073278 0.071261 0.069112 0.066778 0.064259 0.061691 0.058607 0.055523 0.052165 0.048532 0.044899 0.040578 0.036191 0.031496 0.026493 0.021281 0.015793 0.010089
61 0.076132 0.074523 0.072816 0.070926 0.068898 0.06665 0.064182 0.061665 0.058644 0.055624 0.052399 0.04897 0.045542 0.041068 0.036494 0.031683 0.026637 0.021366 0.015797 0.0099826
62 0.075444 0.073916 0.07233 0.070544 0.068607 0.066446 0.064062 0.061627 0.058675 0.055722 0.052636 0.049416 0.046196 0.041581 0.036832 0.031913 0.026826 0.021492 0.01583 0.0099051
63 0.074758 0.073359 0.07194 0.070224 0.068285 0.066187 0.06393 0.061617 0.058733 0.055848 0.052891 0.049862 0.046833 0.042053 0.037104 0.032087 0.027 0.021623 0.015858 0.0098056
64 0.07403 0.072856 0.071468 0.069802 0.067926 0.065924 0.063796 0.061608 0.058789 0.055969 0.053137 0.050293 0.047448 0.042553 0.03746 0.032337 0.027184 0.021751 0.015946 0.009723
65 0.073353 0.072116 0.070933 0.069412 0.067637 0.065733 0.063699 0.061604 0.058874 0.056144 0.053431 0.050733 0.048036 0.043031 0.037802 0.032579 0.027361 0.021866 0.016001 0.0096556
66 0.072542 0.071392 0.070332 0.068951 0.067331 0.065557 0.063628 0.061635 0.058976 0.056317 0.053717 0.051175 0.048633 0.043532 0.038182 0.032867 0.027587 0.022012 0.016044 0.0095887
67 0.071695 0.070706 0.069887 0.068651 0.067103 0.065391 0.063514 0.061577 0.059015 0.056453 0.053976 0.051584 0.049192 0.044003 0.038542 0.033143 0.027804 0.022155 0.016092 0.0095145
68 0.070815 0.070104 0.069283 0.068174 0.066849 0.065258 0.063403 0.061493 0.059027 0.05656 0.05422 0.052006 0.049792 0.04451 0.03893 0.033454 0.02808 0.022361 0.016182 0.0094982
69 0.069922 0.069524 0.068749 0.067702 0.066449 0.06497 0.063265 0.061497 0.059076 0.056655 0.054439 0.052427 0.050416 0.04504 0.039338 0.033783 0.028374 0.022588 0.0163 0.0094868
70 0.069202 0.068913 0.068185 0.06722 0.066077 0.064728 0.063172 0.061542 0.059146 0.056751 0.05463 0.052783 0.050936 0.045502 0.03972 0.034102 0.028649 0.022797 0.016414 0.0095314
71 0.068242 0.068144 0.067683 0.066887 0.065839 0.064576 0.063096 0.061539 0.05918 0.056821 0.054804 0.053127 0.051451 0.045972 0.040124 0.034455 0.028965 0.023038 0.016529 0.0095271
72 0.067404 0.067281 0.067043 0.066429 0.065532 0.064406 0.063052 0.061612 0.059294 0.056976 0.055042 0.053494 0.051945 0.046421 0.040511 0.034804 0.029299 0.023305 0.016659 0.009492
73 0.066632 0.066711 0.066491 0.065969 0.065219 0.064209 0.062936 0.06158 0.059353 0.057127 0.05529 0.053843 0.052396 0.046824 0.040854 0.035117 0.029613 0.023572 0.016818 0.0094461
74 0.066045 0.066155 0.065924 0.06548 0.064876 0.06398 0.062792 0.06152 0.059379 0.057239 0.055505 0.054179 0.052854 0.047256 0.041244 0.035469 0.02993 0.023825 0.016964 0.0093843
75 0.065142 0.06566 0.065371 0.064973 0.064493 0.063726 0.062672 0.06153 0.059471 0.057412 0.055779 0.054571 0.053363 0.047696 0.041598 0.035767 0.030204 0.024053 0.017121 0.009398
76 0.064654 0.065102 0.064775 0.064422 0.064049 0.063394 0.062456 0.061428 0.059466 0.057503 0.055985 0.054913 0.05384 0.048153 0.042019 0.036153 0.030555 0.024339 0.017301 0.0094954
77 0.063812 0.064535 0.064202 0.063946 0.063749 0.063165 0.062197 0.061158 0.059394 0.057631 0.056263 0.055289 0.054316 0.048631 0.04249 0.036597 0.030953 0.024657 0.017493 0.0095231
78 0.063102 0.064065 0.063626 0.063446 0.063461 0.062937 0.061874 0.060769 0.059233 0.057697 0.056506 0.055658 0.054811 0.049141 0.043005 0.037083 0.031375 0.024984 0.017686 0.00954
79 0.062267 0.063444 0.062886 0.062762 0.062963 0.062634 0.061773 0.060857 0.059375 0.057892 0.056764 0.055992 0.05522 0.0496 0.043511 0.037565 0.031763 0.025267 0.017845 0.0096211
80 0.061562 0.062534 0.06204 0.062025 0.062371 0.062277 0.061744 0.061126 0.05964 0.058154 0.057056 0.056346 0.055635 0.050056 0.044006 0.038047 0.032177 0.025582 0.018021 0.0096004
81 0.060743 0.061416 0.06114 0.061315 0.061829 0.061964 0.06172 0.061367 0.059879 0.058392 0.057357 0.056775 0.056193 0.050591 0.044504 0.038511 0.032611 0.02593 0.018207 0.0095549
82 0.059758 0.060433 0.060671 0.060945 0.061247 0.061433 0.061503 0.061446 0.060084 0.058723 0.05776 0.057195 0.056631 0.05102 0.044919 0.038914 0.033002 0.02627 0.018444 0.0096012
83 0.058716 0.059588 0.060112 0.06053 0.060867 0.061139 0.061346 0.061428 0.060228 0.059029 0.058133 0.057541 0.056949 0.051396 0.045363 0.039356 0.033374 0.026569 0.01867 0.0096666
84 0.057872 0.058941 0.059644 0.060166 0.060553 0.060861 0.061091 0.061212 0.060202 0.059192 0.058415 0.057872 0.057328 0.051811 0.045813 0.039791 0.033746 0.026869 0.018886 0.009736
85 0.057217 0.058267 0.059189 0.059864 0.060354 0.0607 0.060901 0.061006 0.060128 0.05925 0.05857 0.058086 0.057603 0.052177 0.046273 0.040257 0.034128 0.027159 0.019069 0.0098021
86 0.056521 0.057607 0.058766 0.059527 0.059989 0.060355 0.060626 0.060807 0.060062 0.059317 0.058756 0.058379 0.058002 0.052592 0.046695 0.040694 0.034589 0.027555 0.019285 0.0098782
87 0.055702 0.056968 0.058274 0.059143 0.059682 0.060067 0.060299 0.060461 0.059899 0.059338 0.058954 0.058747 0.058541 0.053098 0.047148 0.041144 0.035084 0.027992 0.019524 0.009936
88 0.054887 0.056072 0.057618 0.058632 0.059247 0.059685 0.059946 0.060147 0.059726 0.059306 0.059109 0.059136 0.059164 0.053742 0.047793 0.041764 0.035654 0.028469 0.01985 0.010055
89 0.053786 0.055178 0.056513 0.057733 0.058868 0.059581 0.05987 0.060103 0.059752 0.059401 0.059337 0.059561 0.059785 0.054362 0.048392 0.04233 0.036174 0.02893 0.020236 0.010107
90 0.052815 0.054289 0.055613 0.056914 0.058199 0.059109 0.059646 0.060117 0.059904 0.059691 0.059755 0.060095 0.060436 0.054937 0.048874 0.042783 0.036665 0.029399 0.020605 0.010153
91 0.052071 0.053458 0.054945 0.056344 0.057676 0.058684 0.059365 0.059991 0.060042 0.060092 0.060226 0.060443 0.060661 0.055318 0.049437 0.043384 0.037159 0.029758 0.020792 0.010155
92 0.051508 0.053068 0.054591 0.055963 0.057223 0.058284 0.059146 0.059944 0.060086 0.060229 0.060439 0.060717 0.060995 0.055693 0.049851 0.043733 0.03734 0.029897 0.021055 0.010238
93 0.050817 0.052715 0.054131 0.055476 0.056769 0.057938 0.058985 0.059952 0.0601 0.060247 0.060514 0.060899 0.061284 0.055973 0.05011 0.044079 0.03788 0.030448 0.021376 0.010308
94 0.049953 0.052118 0.05345 0.054876 0.056374 0.057655 0.058718 0.059718 0.060049 0.060381 0.06075 0.061156 0.061563 0.056375 0.050645 0.044683 0.03849 0.030963 0.02166 0.010423
95 0.04897 0.051444 0.052631 0.054137 0.055883 0.057348 0.058532 0.059657 0.060176 0.060696 0.061079 0.061326 0.061572 0.056672 0.051275 0.045441 0.039172 0.031495 0.021945 0.010549
96 0.048167 0.050387 0.051645 0.053252 0.055122 0.05686 0.058466 0.05997 0.06041 0.060851 0.061229 0.061546 0.061862 0.057188 0.052031 0.046249 0.039842 0.032024 0.022328 0.010571
97 0.047329 0.049594 0.051101 0.052725 0.054437 0.056323 0.058384 0.060284 0.060514 0.060745 0.061074 0.0615 0.061926 0.057596 0.052807 0.047121 0.040539 0.032577 0.022777 0.010648
98 0.046397 0.049017 0.050766 0.052317 0.05372 0.05567 0.058167 0.060439 0.060384 0.06033 0.060693 0.061473 0.062254 0.058196 0.053671 0.048004 0.041196 0.033096 0.023276 0.010932
99 0.045465 0.048087 0.050262 0.051994 0.053394 0.055424 0.058087 0.060508 0.060433 0.060358 0.060676 0.061386 0.062097 0.058411 0.0543 0.048714 0.041651 0.033516 0.023954 0.011284
100 0.044515 0.047204 0.049736 0.051599 0.052959 0.055117 0.058072 0.060748 0.060538 0.060329 0.060596 0.061341 0.062085 0.058682 0.054877 0.049377 0.042182 0.034043 0.024646 0.011351
101 0.043249 0.046265 0.048687 0.050816 0.052725 0.05517 0.058151 0.060838 0.060488 0.060137 0.060357 0.061147 0.061936 0.058987 0.055676 0.050407 0.04318 0.034855 0.025071 0.011858
102 0.041993 0.045214 0.047661 0.0501 0.052532 0.055195 0.05809 0.060703 0.060405 0.060108 0.060303 0.060992 0.061681 0.059315 0.056653 0.051569 0.044064 0.035564 0.025737 0.01212
103 0.041494 0.044295 0.046936 0.049611 0.052313 0.055263 0.058461 0.061303 0.060462 0.059622 0.05965 0.060548 0.061445 0.059456 0.057188 0.052298 0.044784 0.036253 0.026368 0.012252
104 0.040649 0.044119 0.046593 0.049269 0.052098 0.05534 0.058997 0.062188 0.060559 0.05893 0.058709 0.059896 0.061082 0.059449 0.057544 0.052842 0.045344 0.036846 0.027016 0.012529
105 0.040313 0.043514 0.046162 0.049052 0.052125 0.05532 0.058638 0.061528 0.059999 0.058469 0.058369 0.059698 0.061026 0.059706 0.05813 0.053583 0.046064 0.037551 0.027714 0.013038
106 0.040135 0.043535 0.045581 0.048391 0.051777 0.055276 0.058888 0.062002 0.059977 0.057951 0.057734 0.059327 0.060919 0.059899 0.058627 0.054144 0.04645 0.037874 0.028122 0.013394
107 0.039411 0.042859 0.044802 0.047805 0.051603 0.055407 0.059217 0.062476 0.060039 0.057602 0.057281 0.059076 0.060872 0.060186 0.059261 0.054876 0.047032 0.038306 0.028406 0.013482
108 0.038376 0.041825 0.043891 0.047117 0.051214 0.055397 0.059665 0.0633 0.060395 0.05749 0.056919 0.05868 0.060442 0.060236 0.05984 0.055718 0.04787 0.039009 0.028799 0.013818
109 0.037779 0.041262 0.043374 0.046668 0.050849 0.055351 0.060176 0.064248 0.060532 0.056817 0.055948 0.057927 0.059906 0.060212 0.060357 0.056548 0.048785 0.039923 0.0296 0.013738
110 0.03736 0.041021 0.043334 0.046444 0.050154 0.054624 0.059853 0.064256 0.060112 0.055969 0.055135 0.057611 0.060086 0.060653 0.061036 0.057347 0.049587 0.040725 0.030395 0.014298
111 0.036838 0.040673 0.043246 0.046237 0.049541 0.054097 0.059904 0.06479 0.060144 0.055499 0.054471 0.05706 0.059649 0.060802 0.061816 0.058271 0.050167 0.041216 0.031137 0.01444
112 0.036141 0.040113 0.043086 0.046179 0.049364 0.053971 0.060001 0.065082 0.060352 0.055623 0.054528 0.057069 0.059609 0.060918 0.062108 0.058393 0.049772 0.040854 0.03154 0.015298
113 0.036146 0.039954 0.043292 0.046236 0.048886 0.053508 0.060102 0.065667 0.060589 0.05551 0.054225 0.056732 0.05924 0.060889 0.062455 0.058725 0.049699 0.040704 0.03175 0.015693
114 0.035968 0.040892 0.044323 0.0468 0.048559 0.053023 0.060194 0.066213 0.060319 0.054426 0.053005 0.056055 0.059106 0.060822 0.062409 0.05875 0.049846 0.040935 0.032016 0.016338
115 0.036036 0.041406 0.044911 0.047115 0.048343 0.052578 0.05982 0.065853 0.059376 0.052899 0.05157 0.05539 0.059209 0.060953 0.062495 0.0591 0.050768 0.04208 0.032919 0.017179
