1 0 0 0 0 0 0 0 0 0 0 0 0 0 0 0 0 0 0 0 0
2 0 0 0 0 0 0 0 0 0 0 0 0 0 0 0 0 0 0 0 0
3 0 0 0 0 0 0 0 0 0 0 0 0 0 0 0 0 0 0 0 0
4 0 0 0 0 0 0 0 0 0 0 0 0 0 0 0 0 0 0 0 0
5 0 0 0 0 0 0 0 0 0 0 0 0 0 0 0 0 0 0 0 0
6 0 0 0 0 0 0 0 0 0 0 0 0 0 0 0 0 0 0 0 0
7 0 0 0 0 0 0 0 0 0 0 0 0 0 0 0 0 0 0 0 0
8 0 0 0 0 0 0 0 0 0 0 0 0 0 0 0 0 0 0 0 0
9 0 0 0 0 0 0 0 0 0 0 0 0 0 0 0 0 0 0 0 0
10 0 0 0 0 0 0 0 0 0 0 0 0 0 0 0 0 0 0 0 0
11 0 0 0 0 0 0 0 0 0 0 0 0 0 0 0 0 0 0 0 0
12 0 0 0 0 0 0 0 0 0 0 0 0 0 0 0 0 0 0 0 0
13 0 0 0 0 0 0 0 0 0 0 0 0 0 0 0 0 0 0 0 0
14 0 0 0 0 0 0 0 0 0 0 0 0 0 0 0 0 0 0 0 0
15 0 0 0 0 0 0 0 0 0 0 0 0 0 0 0 0 0 0 0 0
16 0 0 0 0 0 0 0 0 0 0 0 0 0 0 0 0 0 0 0 0
17 0.043222 0.046476 0.053448 0.055095 0.052741 0.053424 0.057144 0.0602 0.056398 0.052596 0.052399 0.055808 0.059216 0.055448 0.050985 0.045803 0.039903 0.036622 0.036827 0.036246
18 0.04322 0.05079 0.055902 0.057571 0.056652 0.057304 0.059527 0.061158 0.056675 0.052192 0.051218 0.053753 0.056288 0.05278 0.048687 0.043781 0.038064 0.034878 0.035063 0.034499
19 0.058836 0.065761 0.067153 0.066942 0.065528 0.063185 0.059915 0.056706 0.054138 0.051569 0.04926 0.047212 0.045164 0.042734 0.040267 0.037613 0.034771 0.032384 0.030604 0.030257
20 0.067224 0.06988 0.069057 0.067195 0.064551 0.061647 0.058481 0.055394 0.053122 0.05085 0.048561 0.046254 0.043948 0.041576 0.039197 0.036977 0.034914 0.032555 0.029802 0.028815
21 0.071232 0.072276 0.07004 0.067037 0.063459 0.060427 0.057943 0.055459 0.052979 0.0505 0.048115 0.045825 0.043535 0.04127 0.039008 0.036743 0.034478 0.032184 0.029852 0.027638
22 0.07339 0.073795 0.069957 0.066788 0.06412 0.061418 0.058682 0.055956 0.053336 0.050716 0.048161 0.045672 0.043183 0.040754 0.03833 0.035924 0.033536 0.031136 0.02872 0.026426
23 0.074896 0.074245 0.070583 0.067385 0.064536 0.061779 0.059114 0.056447 0.053748 0.05105 0.04838 0.045739 0.043097 0.040449 0.037799 0.035177 0.032581 0.030052 0.027611 0.025331
24 0.077198 0.074233 0.071309 0.068357 0.065384 0.062435 0.059509 0.0566 0.05386 0.05112 0.048355 0.045564 0.042774 0.039966 0.037157 0.034424 0.031766 0.029164 0.026638 0.024185
25 0.07814 0.075165 0.072146 0.069129 0.066114 0.063105 0.060101 0.057099 0.054111 0.051123 0.048195 0.045327 0.042458 0.03951 0.036554 0.03371 0.030978 0.028281 0.025631 0.023122
26 0.079171 0.075988 0.072922 0.069836 0.066736 0.063641 0.060553 0.057463 0.054351 0.051239 0.048153 0.045091 0.042029 0.039051 0.03608 0.033165 0.030304 0.027475 0.024689 0.022063
27 0.080151 0.07694 0.073726 0.070508 0.067287 0.064073 0.060867 0.057663 0.054488 0.051313 0.048133 0.044948 0.041763 0.03869 0.035628 0.032609 0.029634 0.026698 0.023814 0.021069
28 0.080879 0.077628 0.074327 0.071056 0.067808 0.064527 0.061213 0.057902 0.054638 0.051373 0.04811 0.04485 0.041589 0.038428 0.035277 0.03215 0.029048 0.025998 0.02302 0.020178
29 0.081586 0.078227 0.074869 0.071518 0.068172 0.064825 0.061477 0.05813 0.0548 0.05147 0.048146 0.044828 0.04151 0.038237 0.034968 0.031724 0.028505 0.025351 0.022285 0.019371
30 0.082219 0.078795 0.075389 0.071978 0.068561 0.065159 0.06177 0.058378 0.054955 0.051531 0.048137 0.044773 0.041409 0.03804 0.03467 0.031325 0.028003 0.02475 0.021588 0.018571
31 0.082754 0.079249 0.075783 0.072357 0.06896 0.065525 0.062049 0.058576 0.055121 0.051667 0.048209 0.044748 0.041287 0.037827 0.034368 0.030945 0.027559 0.024225 0.020959 0.017833
32 0.083165 0.07971 0.076221 0.072744 0.069277 0.065795 0.062298 0.058799 0.055274 0.051748 0.048226 0.044708 0.04119 0.037663 0.034135 0.030633 0.027158 0.023732 0.020371 0.017155
33 0.083547 0.079974 0.076538 0.073068 0.069573 0.066061 0.062532 0.059 0.055446 0.051892 0.048315 0.044714 0.041113 0.037518 0.033922 0.030345 0.026785 0.023279 0.019845 0.016534
34 0.083801 0.080309 0.076858 0.073371 0.069856 0.066322 0.062769 0.05921 0.055592 0.051974 0.048346 0.044706 0.041067 0.037407 0.033746 0.030092 0.026448 0.022858 0.01934 0.015929
35 0.084038 0.080521 0.07706 0.073572 0.070065 0.066527 0.062958 0.059383 0.055738 0.052094 0.04843 0.044748 0.041066 0.037346 0.033623 0.0299 0.026179 0.022502 0.018887 0.015364
36 0.084253 0.0808 0.077372 0.073876 0.07033 0.066732 0.063083 0.059434 0.055792 0.05215 0.048473 0.044761 0.041048 0.037266 0.033478 0.029703 0.025942 0.022199 0.01848 0.014829
37 0.08437 0.080982 0.077521 0.074018 0.070484 0.066899 0.063263 0.059624 0.055955 0.052286 0.048573 0.044817 0.041061 0.037221 0.033373 0.029533 0.025703 0.021884 0.018082 0.014352
38 0.084456 0.081102 0.077642 0.074139 0.070604 0.067015 0.063371 0.059725 0.056056 0.052388 0.048665 0.044887 0.041109 0.037225 0.033331 0.029436 0.025541 0.021646 0.017752 0.013913
39 0.084525 0.081674 0.078423 0.07524 0.072109 0.068808 0.065339 0.061855 0.05822 0.054585 0.048995 0.041448 0.033902 0.032997 0.032734 0.030464 0.026185 0.021871 0.017508 0.013117
40 0.083976 0.081313 0.078215 0.07508 0.071917 0.068659 0.065307 0.061927 0.05826 0.054593 0.049174 0.042001 0.034828 0.033582 0.032909 0.030415 0.026099 0.021718 0.017252 0.012777
41 0.083654 0.081041 0.077994 0.074897 0.071762 0.068539 0.065226 0.061882 0.058212 0.054542 0.049314 0.042528 0.035742 0.034179 0.033122 0.030392 0.02599 0.021525 0.016978 0.012483
42 0.08313 0.080571 0.07766 0.074643 0.071547 0.068378 0.065135 0.061859 0.058241 0.054623 0.04959 0.043141 0.036692 0.034791 0.033329 0.030373 0.025923 0.021395 0.016766 0.012212
43 0.082637 0.079949 0.077343 0.074452 0.071346 0.068225 0.065087 0.061909 0.058312 0.054715 0.049846 0.043707 0.037568 0.035358 0.033528 0.030356 0.025841 0.021262 0.0166 0.01196
44 0.082126 0.079495 0.076836 0.07405 0.071168 0.068157 0.065017 0.061844 0.058337 0.054829 0.050152 0.044307 0.038462 0.035956 0.033773 0.030388 0.025801 0.021161 0.016448 0.011689
45 0.081546 0.079112 0.076509 0.073786 0.070972 0.068004 0.064881 0.061732 0.058309 0.054885 0.050406 0.044872 0.039337 0.036561 0.034051 0.030469 0.025813 0.02109 0.016278 0.011386
46 0.080925 0.078629 0.076123 0.073496 0.070776 0.06789 0.064836 0.061752 0.058346 0.054941 0.050611 0.045356 0.0401 0.037096 0.034311 0.030567 0.025865 0.021067 0.01614 0.011173
47 0.080378 0.078153 0.075748 0.073206 0.070563 0.067747 0.064759 0.061735 0.058344 0.054953 0.050787 0.045848 0.040908 0.037652 0.034559 0.030649 0.025921 0.02107 0.016057 0.010964
48 0.079794 0.077663 0.075364 0.072888 0.070279 0.067539 0.064668 0.061755 0.058392 0.055029 0.051009 0.046333 0.041657 0.038195 0.034851 0.030782 0.025989 0.021062 0.015959 0.010794
49 0.079137 0.077118 0.074923 0.072562 0.070076 0.067415 0.06458 0.061706 0.058433 0.05516 0.051299 0.04685 0.042401 0.038711 0.035095 0.030876 0.026056 0.021075 0.015879 0.010647
50 0.078468 0.076563 0.074463 0.072198 0.069811 0.067246 0.064504 0.061719 0.058488 0.055258 0.051543 0.047345 0.043146 0.03924 0.035363 0.031002 0.026159 0.021133 0.015867 0.010485
51 0.077837 0.076022 0.074029 0.071879 0.069612 0.067127 0.064424 0.061681 0.058521 0.055362 0.051789 0.047801 0.043813 0.039744 0.035667 0.031164 0.026236 0.021144 0.015832 0.010316
52 0.077221 0.075448 0.073591 0.071524 0.069298 0.066888 0.064295 0.061657 0.058555 0.055452 0.052025 0.048273 0.044521 0.040283 0.035999 0.031372 0.0264 0.021231 0.015801 0.010167
53 0.076525 0.074859 0.073075 0.071113 0.069018 0.06672 0.064217 0.061666 0.058627 0.055588 0.052294 0.048747 0.045199 0.040798 0.036315 0.031563 0.026543 0.021308 0.015786 0.010038
54 0.075907 0.074272 0.072624 0.070773 0.068769 0.066554 0.064127 0.06165 0.058657 0.055664 0.052497 0.049157 0.045817 0.041278 0.036624 0.031766 0.026706 0.021411 0.015803 0.0099462
55 0.07515 0.073645 0.072157 0.070412 0.068474 0.066339 0.064007 0.061624 0.058703 0.055782 0.052754 0.049617 0.04648 0.041786 0.036942 0.031977 0.026892 0.021542 0.01584 0.0098757
56 0.074425 0.073147 0.071736 0.070038 0.068124 0.066073 0.063886 0.061638 0.058769 0.0559 0.052995 0.050053 0.04711 0.042273 0.037252 0.032185 0.027072 0.021671 0.015887 0.009765
57 0.073747 0.072626 0.071262 0.069627 0.067789 0.065827 0.063742 0.061596 0.058812 0.056028 0.053248 0.050472 0.047695 0.042754 0.037605 0.032438 0.027254 0.021799 0.015984 0.0096959
58 0.073037 0.071791 0.070658 0.069202 0.067502 0.065658 0.063671 0.06162 0.058918 0.056216 0.053552 0.050927 0.048301 0.04325 0.037965 0.032699 0.027454 0.021926 0.016022 0.0096322
59 0.072107 0.071081 0.07011 0.068795 0.067221 0.065484 0.063583 0.061619 0.059003 0.056386 0.053839 0.051361 0.048883 0.043751 0.038362 0.03301 0.027696 0.022082 0.016069 0.0095575
60 0.071436 0.070417 0.069598 0.068426 0.066989 0.065343 0.063486 0.06157 0.059032 0.056494 0.054067 0.051752 0.049436 0.044211 0.038704 0.03327 0.027909 0.022229 0.016124 0.0095069
61 0.070396 0.069857 0.069049 0.067956 0.066651 0.065102 0.06331 0.061461 0.059035 0.056609 0.054333 0.052209 0.050084 0.044759 0.039125 0.033615 0.028229 0.022479 0.016242 0.0094994
62 0.069581 0.069229 0.068548 0.067541 0.06629 0.064848 0.063216 0.061516 0.059108 0.0567 0.054524 0.05258 0.050636 0.045236 0.039501 0.03392 0.028493 0.022679 0.01635 0.0095051
63 0.068722 0.068624 0.067948 0.067044 0.065967 0.064666 0.063142 0.061543 0.059166 0.056789 0.054713 0.052939 0.051164 0.045711 0.039902 0.034261 0.028788 0.022902 0.016468 0.0095413
64 0.067835 0.067668 0.067394 0.066717 0.065737 0.064525 0.063081 0.061558 0.059217 0.056877 0.054902 0.053291 0.051681 0.046182 0.040306 0.03462 0.029124 0.023166 0.016594 0.0095244
65 0.067035 0.066933 0.06674 0.066192 0.065376 0.064318 0.063015 0.061627 0.059351 0.057074 0.05518 0.053668 0.052157 0.046611 0.040674 0.034953 0.029446 0.02343 0.016735 0.0094856
66 0.066346 0.066435 0.066216 0.065744 0.065082 0.064133 0.062897 0.061576 0.059376 0.057176 0.05538 0.053988 0.052596 0.047012 0.041022 0.035269 0.029753 0.023687 0.016888 0.0094251
67 0.065586 0.065903 0.065656 0.065244 0.064707 0.063864 0.062715 0.061484 0.05941 0.057336 0.055658 0.054375 0.053093 0.047474 0.041436 0.035636 0.030073 0.023938 0.017041 0.0093694
68 0.064914 0.065392 0.065102 0.064726 0.064286 0.063575 0.062593 0.061518 0.059482 0.057446 0.055861 0.054727 0.053592 0.047901 0.041768 0.035919 0.030353 0.024182 0.017205 0.0094573
69 0.064281 0.064802 0.064486 0.064187 0.063902 0.063277 0.062312 0.061268 0.059417 0.057565 0.056126 0.0551 0.054074 0.048393 0.042262 0.036381 0.030752 0.024494 0.017402 0.0095195
70 0.063438 0.064279 0.063877 0.063663 0.063592 0.063064 0.062079 0.061034 0.059362 0.057691 0.056395 0.055475 0.054555 0.048866 0.042715 0.036811 0.031153 0.024821 0.017592 0.009539
71 0.062601 0.063814 0.063313 0.063148 0.063234 0.062788 0.06181 0.060787 0.059287 0.057787 0.056632 0.055822 0.055012 0.049364 0.043248 0.037314 0.031562 0.025123 0.017769 0.0095842
72 0.061958 0.063009 0.062485 0.062419 0.062696 0.06247 0.061741 0.060946 0.05948 0.058013 0.056908 0.056165 0.055422 0.04982 0.043749 0.037793 0.031953 0.025411 0.017935 0.0096275
73 0.061078 0.06196 0.061555 0.061652 0.062128 0.062167 0.061769 0.061274 0.059773 0.058272 0.057197 0.056546 0.055895 0.050314 0.044255 0.038284 0.032399 0.025762 0.018123 0.0095979
74 0.060298 0.060929 0.060911 0.061094 0.061428 0.061591 0.061581 0.061445 0.059999 0.058553 0.057557 0.057009 0.056461 0.050844 0.044737 0.038729 0.032819 0.026109 0.018334 0.0095707
75 0.05911 0.059884 0.060362 0.060752 0.061076 0.061306 0.061441 0.061452 0.060175 0.058899 0.05797 0.05739 0.05681 0.051224 0.045155 0.039148 0.033203 0.026434 0.018566 0.0096439
76 0.058292 0.05927 0.059838 0.060296 0.060673 0.060982 0.061224 0.061347 0.060237 0.059127 0.058285 0.057709 0.057134 0.051605 0.045596 0.039586 0.033573 0.026732 0.018789 0.0097069
77 0.057513 0.058591 0.059413 0.060004 0.060422 0.060749 0.060986 0.06112 0.06018 0.059239 0.058514 0.058004 0.057494 0.052004 0.046032 0.04001 0.033936 0.027022 0.018989 0.0097758
78 0.056845 0.057861 0.058916 0.059662 0.060177 0.060554 0.060792 0.060938 0.060115 0.059293 0.058659 0.058214 0.057768 0.05239 0.046535 0.040527 0.034368 0.027349 0.019184 0.0098534
79 0.056042 0.05733 0.058536 0.05934 0.059842 0.060219 0.060471 0.060644 0.060003 0.059362 0.058883 0.058564 0.058246 0.052813 0.046886 0.040891 0.034829 0.027777 0.019408 0.0099159
80 0.055304 0.056482 0.057933 0.058887 0.059467 0.059881 0.060127 0.060309 0.059823 0.059337 0.059047 0.058955 0.058862 0.053417 0.047455 0.041438 0.035367 0.02823 0.019675 0.010004
81 0.054286 0.055518 0.05709 0.05825 0.0591 0.059638 0.059866 0.060045 0.059709 0.059374 0.059253 0.059346 0.059439 0.05405 0.04813 0.042094 0.035941 0.028713 0.020053 0.010104
82 0.053141 0.054723 0.056061 0.057328 0.058543 0.059352 0.059757 0.060102 0.059823 0.059544 0.059557 0.059862 0.060167 0.054684 0.04864 0.042552 0.036418 0.029168 0.020429 0.010147
83 0.052296 0.053716 0.055235 0.056633 0.057942 0.0589 0.059507 0.060054 0.059976 0.059898 0.060004 0.060295 0.060587 0.055163 0.049186 0.043117 0.036957 0.029624 0.020731 0.010178
84 0.051703 0.053103 0.054682 0.056115 0.057438 0.058475 0.059225 0.059922 0.060068 0.060214 0.060402 0.060632 0.060862 0.055542 0.049686 0.043607 0.037304 0.029876 0.020947 0.010199
85 0.051104 0.052853 0.05433 0.055681 0.056936 0.058058 0.059047 0.059962 0.060102 0.060242 0.060484 0.060826 0.061169 0.055874 0.050035 0.043954 0.037634 0.030184 0.02123 0.010294
86 0.050375 0.052398 0.053778 0.055149 0.056514 0.057749 0.058855 0.05988 0.060065 0.06025 0.060578 0.061047 0.061516 0.056231 0.050389 0.044381 0.038205 0.030737 0.021551 0.010352
87 0.04941 0.051737 0.05301 0.054496 0.056141 0.05752 0.058633 0.059685 0.060108 0.060532 0.060916 0.061262 0.061607 0.05654 0.05095 0.045046 0.038827 0.031237 0.021819 0.010525
88 0.048565 0.050917 0.05204 0.053583 0.055443 0.057078 0.058487 0.059816 0.060321 0.060826 0.061225 0.061517 0.06181 0.056972 0.051637 0.045818 0.039514 0.031765 0.022093 0.010574
89 0.047693 0.049939 0.051305 0.052933 0.054755 0.056576 0.058394 0.060086 0.06047 0.060855 0.06123 0.061596 0.061962 0.057428 0.052421 0.046673 0.040185 0.032306 0.022577 0.010615
90 0.046801 0.049213 0.05087 0.052481 0.054057 0.055988 0.058275 0.060369 0.060467 0.060565 0.060916 0.061522 0.062127 0.057923 0.053253 0.047587 0.040925 0.032881 0.022997 0.010781
91 0.04578 0.048544 0.050483 0.052122 0.053537 0.055516 0.058061 0.06038 0.060368 0.060356 0.060737 0.06151 0.062283 0.058384 0.054033 0.048394 0.041466 0.033336 0.023606 0.011103
92 0.04492 0.047447 0.049931 0.051794 0.053192 0.055271 0.058032 0.060543 0.06047 0.060396 0.060718 0.061435 0.062152 0.058601 0.054636 0.049077 0.041923 0.03378 0.02432 0.011362
93 0.043819 0.046675 0.049215 0.051188 0.052736 0.055032 0.058077 0.060828 0.060551 0.060274 0.060525 0.061304 0.062083 0.058886 0.055305 0.049909 0.042697 0.03447 0.024891 0.011536
94 0.042464 0.045673 0.048066 0.050365 0.052593 0.055167 0.058086 0.06072 0.060412 0.060104 0.060342 0.061126 0.06191 0.059233 0.056222 0.051039 0.043684 0.035267 0.025434 0.012091
95 0.041686 0.044622 0.047068 0.049633 0.052288 0.055149 0.058217 0.060975 0.060533 0.060091 0.060205 0.060875 0.061545 0.059403 0.056989 0.052016 0.044485 0.035949 0.026073 0.012197
96 0.041033 0.044155 0.04672 0.049392 0.052144 0.055241 0.058681 0.061707 0.060451 0.059195 0.059133 0.060265 0.061398 0.059573 0.057461 0.05265 0.04514 0.036605 0.026707 0.012347
97 0.040395 0.043764 0.046307 0.049078 0.052022 0.055281 0.058855 0.061969 0.060336 0.058704 0.058515 0.059772 0.061028 0.059587 0.057886 0.05328 0.04577 0.037261 0.027423 0.012769
98 0.040131 0.043438 0.04589 0.048773 0.051978 0.055271 0.058652 0.061589 0.059941 0.058292 0.058162 0.059549 0.060937 0.059751 0.058315 0.053848 0.04635 0.037844 0.027998 0.01329
99 0.039788 0.04323 0.045186 0.048072 0.051658 0.055305 0.059015 0.062204 0.060017 0.05783 0.057579 0.059264 0.060949 0.060089 0.058983 0.054494 0.046623 0.037975 0.028293 0.013445
100 0.03876 0.042255 0.044262 0.047397 0.051381 0.055336 0.059263 0.062621 0.060091 0.057561 0.057212 0.059044 0.060876 0.06038 0.059659 0.055374 0.047527 0.038712 0.02861 0.013675
101 0.037824 0.041221 0.043376 0.04672 0.050957 0.055387 0.060011 0.063934 0.060616 0.057298 0.056542 0.058347 0.060152 0.060259 0.060202 0.056242 0.04838 0.039483 0.029208 0.013841
102 0.037487 0.041059 0.043303 0.046539 0.050522 0.054992 0.05995 0.064132 0.06028 0.056428 0.055626 0.057873 0.060121 0.060467 0.060629 0.056885 0.049235 0.040417 0.030045 0.01401
103 0.037019 0.040766 0.043148 0.046168 0.049667 0.054209 0.059793 0.064496 0.060089 0.055682 0.054789 0.05741 0.060032 0.060878 0.061553 0.057933 0.050017 0.041088 0.030809 0.014453
104 0.036474 0.040364 0.043158 0.046145 0.049277 0.053864 0.059904 0.064988 0.060177 0.055367 0.054296 0.056965 0.059634 0.060952 0.06214 0.058573 0.050253 0.041292 0.031476 0.0147
105 0.035987 0.039888 0.042832 0.04588 0.049006 0.053707 0.059984 0.065291 0.060567 0.055844 0.054664 0.057027 0.059391 0.060896 0.062318 0.058629 0.04983 0.040868 0.031688 0.015704
106 0.036006 0.040274 0.043692 0.046399 0.048571 0.053129 0.060074 0.065926 0.060467 0.055009 0.053673 0.056462 0.05925 0.060978 0.062602 0.058908 0.049894 0.040917 0.03199 0.015779
107 0.035748 0.041117 0.044583 0.04696 0.048519 0.052903 0.060114 0.066143 0.059955 0.053767 0.052341 0.055677 0.059012 0.060876 0.062598 0.059046 0.05022 0.041297 0.032246 0.016878
108 0.036162 0.041513 0.045085 0.047022 0.047729 0.051854 0.059398 0.065692 0.059059 0.052425 0.051203 0.055392 0.059581 0.061117 0.062397 0.059125 0.051299 0.042876 0.033656 0.017416
109 0.036162 0.04202 0.045905 0.047623 0.047714 0.051831 0.059972 0.066754 0.059477 0.0522 0.050603 0.054688 0.058773 0.060507 0.062013 0.058857 0.05104 0.042582 0.033272 0.018008
110 0.036299 0.043937 0.047186 0.048502 0.048365 0.052331 0.0604 0.0671 0.05963 0.052161 0.049951 0.053 0.05605 0.05899 0.061919 0.059497 0.051725 0.042768 0.032232 0.017959
111 0.035645 0.044185 0.047828 0.049118 0.048643 0.052364 0.06028 0.066876 0.059809 0.052742 0.05041 0.052814 0.055218 0.058312 0.061473 0.059402 0.0521 0.043136 0.031958 0.017689
112 0.034302 0.043917 0.048111 0.049463 0.048679 0.052402 0.060632 0.067502 0.060314 0.053125 0.050652 0.052895 0.055137 0.058155 0.061249 0.059135 0.051813 0.043022 0.032273 0.017221
113 0.033276 0.043799 0.048236 0.050489 0.051102 0.055001 0.062186 0.068069 0.060504 0.052938 0.049989 0.051656 0.053322 0.057148 0.061183 0.059268 0.051403 0.042423 0.031961 0.016046
114 0.032517 0.043849 0.049039 0.051975 0.053221 0.056976 0.063241 0.068251 0.060291 0.052332 0.049141 0.05072 0.052299 0.056123 0.060164 0.05858 0.051372 0.042604 0.031759 0.015546
115 0.030866 0.04355 0.050476 0.053712 0.054175 0.057417 0.063435 0.068212 0.060142 0.052073 0.048973 0.050844 0.052714 0.05527 0.057893 0.056545 0.051227 0.043752 0.033404 0.015321
