1 0 0 0 0 0 0 0 0 0 0 0 0 0 0 0 0 0 0 0 0
2 0 0 0 0 0 0 0 0 0 0 0 0 0 0 0 0 0 0 0 0
3 0 0 0 0 0 0 0 0 0 0 0 0 0 0 0 0 0 0 0 0
4 0 0 0 0 0 0 0 0 0 0 0 0 0 0 0 0 0 0 0 0
5 0 0 0 0 0 0 0 0 0 0 0 0 0 0 0 0 0 0 0 0
6 0 0 0 0 0 0 0 0 0 0 0 0 0 0 0 0 0 0 0 0
7 0 0 0 0 0 0 0 0 0 0 0 0 0 0 0 0 0 0 0 0
8 0 0 0 0 0 0 0 0 0 0 0 0 0 0 0 0 0 0 0 0
9 0 0 0 0 0 0 0 0 0 0 0 0 0 0 0 0 0 0 0 0
10 0 0 0 0 0 0 0 0 0 0 0 0 0 0 0 0 0 0 0 0
11 0 0 0 0 0 0 0 0 0 0 0 0 0 0 0 0 0 0 0 0
12 0 0 0 0 0 0 0 0 0 0 0 0 0 0 0 0 0 0 0 0
13 0 0 0 0 0 0 0 0 0 0 0 0 0 0 0 0 0 0 0 0
14 0 0 0 0 0 0 0 0 0 0 0 0 0 0 0 0 0 0 0 0
15 0.043265 0.046516 0.053489 0.055131 0.05277 0.053447 0.057162 0.060214 0.056405 0.052597 0.052393 0.055795 0.059197 0.055425 0.050958 0.045774 0.039874 0.03659 0.036792 0.036207
16 0.043839 0.05137 0.056378 0.058061 0.057245 0.057783 0.059675 0.061005 0.05653 0.052055 0.051021 0.053428 0.055835 0.052377 0.048352 0.043495 0.037809 0.034643 0.034834 0.034263
17 0.058895 0.065819 0.067217 0.067012 0.065603 0.063248 0.059948 0.056712 0.05414 0.051568 0.049236 0.047143 0.04505 0.042643 0.040206 0.037591 0.0348 0.032415 0.030571 0.030184
18 0.067421 0.070017 0.069125 0.067189 0.064469 0.061552 0.058436 0.055396 0.05313 0.050864 0.048563 0.046229 0.043894 0.041533 0.039169 0.036959 0.034903 0.032554 0.029816 0.028783
19 0.071443 0.07242 0.07008 0.067038 0.06347 0.06043 0.057918 0.05541 0.052942 0.050474 0.048094 0.045801 0.043509 0.041246 0.038985 0.03672 0.034449 0.032149 0.02981 0.027613
20 0.073377 0.073788 0.070003 0.066843 0.064152 0.061442 0.058714 0.055994 0.053359 0.050724 0.04816 0.045668 0.043176 0.040735 0.038299 0.035888 0.033502 0.031103 0.028687 0.026387
21 0.074932 0.074307 0.070615 0.067404 0.064554 0.061797 0.059133 0.056466 0.053758 0.051051 0.048374 0.045726 0.043078 0.040428 0.037779 0.035154 0.032554 0.03002 0.027574 0.025297
22 0.077251 0.074304 0.071356 0.068386 0.065401 0.062446 0.059521 0.056612 0.053863 0.051113 0.048342 0.045549 0.042755 0.039944 0.037132 0.034397 0.031739 0.029136 0.026603 0.024149
23 0.078166 0.075199 0.07217 0.06915 0.066137 0.063126 0.060118 0.057111 0.054116 0.051121 0.048189 0.04532 0.04245 0.039498 0.036538 0.033689 0.030952 0.028252 0.025604 0.023095
24 0.07921 0.07602 0.072949 0.069857 0.06675 0.063651 0.060561 0.057469 0.054355 0.051241 0.048151 0.045085 0.042019 0.039038 0.036065 0.033147 0.030283 0.027452 0.024664 0.022035
25 0.080194 0.076976 0.073751 0.070527 0.067302 0.064083 0.06087 0.057661 0.054485 0.05131 0.048129 0.044943 0.041757 0.038681 0.035615 0.032593 0.029613 0.026674 0.023791 0.021044
26 0.080917 0.077654 0.074354 0.071076 0.067816 0.064532 0.061222 0.057915 0.054645 0.051375 0.048107 0.044843 0.041579 0.038415 0.035261 0.032132 0.02903 0.025979 0.022995 0.020153
27 0.081613 0.07825 0.074888 0.071534 0.068185 0.064835 0.061484 0.058135 0.054802 0.05147 0.048144 0.044824 0.041504 0.038228 0.034956 0.03171 0.028489 0.025334 0.022266 0.01935
28 0.082237 0.078809 0.075404 0.071991 0.068571 0.065169 0.061784 0.058395 0.054965 0.051534 0.048135 0.044767 0.0414 0.038029 0.034657 0.031311 0.02799 0.024735 0.021568 0.018549
29 0.082777 0.079268 0.075797 0.07237 0.068975 0.065537 0.062058 0.05858 0.055122 0.051664 0.048204 0.044743 0.041282 0.037821 0.034359 0.030933 0.027545 0.024208 0.020943 0.017814
30 0.083176 0.07972 0.076235 0.072758 0.069287 0.065802 0.062305 0.058805 0.055277 0.051749 0.048225 0.044706 0.041186 0.037657 0.034127 0.030623 0.027146 0.023719 0.020357 0.017139
31 0.08357 0.079986 0.076545 0.073075 0.069584 0.066071 0.062537 0.059001 0.055446 0.051891 0.048313 0.044712 0.041111 0.037513 0.033916 0.030336 0.026774 0.023266 0.019832 0.016519
32 0.083816 0.080316 0.076863 0.073376 0.069862 0.066329 0.062777 0.059218 0.055598 0.051977 0.048346 0.044705 0.041063 0.037402 0.03374 0.030085 0.026439 0.022847 0.019327 0.015914
33 0.084047 0.080527 0.077066 0.073578 0.07007 0.066531 0.062962 0.059385 0.05574 0.052095 0.048431 0.044748 0.041065 0.037344 0.033619 0.029895 0.026172 0.022495 0.018877 0.015351
34 0.084262 0.080811 0.077377 0.073878 0.07033 0.066732 0.063083 0.059435 0.055794 0.052153 0.048476 0.044762 0.041048 0.037264 0.033474 0.029698 0.025937 0.022193 0.018471 0.01482
35 0.084374 0.080984 0.07752 0.074018 0.070488 0.066905 0.063269 0.05963 0.055959 0.052288 0.048574 0.044818 0.041061 0.03722 0.033371 0.02953 0.025698 0.021877 0.018074 0.014341
36 0.084449 0.081105 0.077643 0.07414 0.070606 0.067017 0.063373 0.059727 0.056059 0.052391 0.048667 0.044889 0.041111 0.037226 0.033331 0.029435 0.025539 0.021643 0.017746 0.013904
37 0.084361 0.081014 0.077656 0.074215 0.070712 0.067167 0.063581 0.059983 0.056253 0.052522 0.048747 0.044927 0.041106 0.037203 0.033291 0.02937 0.02544 0.021474 0.01746 0.013517
38 0.084301 0.081019 0.077695 0.074299 0.070849 0.067325 0.063729 0.060118 0.056364 0.05261 0.048814 0.044977 0.041139 0.037223 0.0333 0.029329 0.025312 0.021268 0.017189 0.013142
39 0.083658 0.081046 0.077994 0.074894 0.071758 0.068535 0.065224 0.061882 0.058212 0.054542 0.049318 0.042539 0.03576 0.034189 0.033122 0.030387 0.025983 0.021517 0.016968 0.012472
40 0.08313 0.080567 0.077663 0.074646 0.071546 0.068376 0.065135 0.061861 0.058241 0.054622 0.049592 0.04315 0.036709 0.0348 0.033329 0.030368 0.025917 0.021389 0.016758 0.012203
41 0.082635 0.079945 0.077334 0.074445 0.071346 0.068227 0.065088 0.061909 0.058313 0.054717 0.049853 0.04372 0.037587 0.035368 0.033529 0.030351 0.025834 0.021255 0.016593 0.011951
42 0.082121 0.079492 0.076833 0.074048 0.071168 0.068157 0.065015 0.06184 0.058335 0.054831 0.050159 0.04432 0.038482 0.035968 0.033775 0.030385 0.025797 0.021154 0.016441 0.011679
43 0.081539 0.079105 0.076503 0.073782 0.070972 0.068005 0.064882 0.061733 0.05831 0.054887 0.050411 0.044882 0.039352 0.03657 0.034054 0.030467 0.02581 0.021086 0.016271 0.011378
44 0.080917 0.078629 0.076124 0.073496 0.070776 0.067888 0.064834 0.061749 0.058345 0.054941 0.050614 0.045365 0.040116 0.037106 0.034311 0.030564 0.025862 0.021063 0.016134 0.011167
45 0.080369 0.078154 0.07575 0.073206 0.070559 0.067742 0.064756 0.061734 0.058343 0.054952 0.05079 0.045857 0.040924 0.037662 0.034562 0.030647 0.025918 0.021066 0.016051 0.010957
46 0.079789 0.077658 0.07536 0.072884 0.070274 0.067536 0.064669 0.061758 0.058395 0.055031 0.051013 0.046342 0.041671 0.038203 0.034851 0.030779 0.025985 0.021059 0.015955 0.010788
47 0.079129 0.077111 0.074917 0.072556 0.07007 0.067411 0.064579 0.061708 0.058435 0.055162 0.051304 0.046861 0.042417 0.038721 0.035098 0.030876 0.026055 0.021073 0.015876 0.010642
48 0.078457 0.076553 0.074453 0.072192 0.069809 0.067247 0.064506 0.061722 0.058491 0.055259 0.051546 0.047353 0.04316 0.03925 0.035367 0.031003 0.026157 0.021131 0.015865 0.01048
49 0.077826 0.076009 0.074019 0.071873 0.069612 0.067128 0.064424 0.06168 0.058521 0.055362 0.051792 0.04781 0.043828 0.039755 0.035673 0.031167 0.026237 0.021143 0.01583 0.010311
50 0.077207 0.075434 0.073578 0.071513 0.06929 0.066884 0.064294 0.061659 0.058558 0.055457 0.052032 0.048284 0.044535 0.040295 0.036006 0.031376 0.026403 0.021233 0.015799 0.010163
51 0.076505 0.074843 0.073063 0.071105 0.069014 0.066717 0.064215 0.061666 0.058629 0.055592 0.052302 0.048759 0.045217 0.040811 0.036322 0.031566 0.026545 0.021309 0.015785 0.010035
52 0.075889 0.074258 0.072611 0.070762 0.068762 0.06655 0.064124 0.061649 0.058658 0.055667 0.052504 0.049169 0.045834 0.041291 0.036632 0.031771 0.02671 0.021413 0.015803 0.0099439
53 0.075132 0.07363 0.072148 0.070405 0.068467 0.066333 0.064004 0.061623 0.058705 0.055786 0.052761 0.049629 0.046497 0.041798 0.036948 0.031981 0.026896 0.021545 0.01584 0.0098726
54 0.074404 0.073132 0.071723 0.070027 0.068115 0.066066 0.063882 0.061638 0.058771 0.055904 0.053002 0.050065 0.047128 0.042287 0.037262 0.032191 0.027076 0.021674 0.015889 0.0097629
55 0.073728 0.072597 0.071244 0.069616 0.067781 0.065823 0.063741 0.061597 0.058816 0.056035 0.053258 0.050485 0.047713 0.042768 0.037614 0.032444 0.027259 0.021802 0.015985 0.0096946
56 0.073013 0.071768 0.070639 0.069187 0.067493 0.065653 0.06367 0.061622 0.058922 0.056221 0.053561 0.05094 0.048319 0.043265 0.037975 0.032707 0.02746 0.02193 0.016024 0.0096313
57 0.072079 0.071058 0.070096 0.068786 0.067215 0.065479 0.063581 0.061619 0.059005 0.05639 0.053847 0.051373 0.0489 0.043765 0.038373 0.033019 0.027703 0.022086 0.016071 0.0095561
58 0.071392 0.070397 0.069577 0.068409 0.066981 0.06534 0.063486 0.061572 0.059036 0.0565 0.054076 0.051765 0.049454 0.044227 0.038717 0.033281 0.027919 0.022236 0.016128 0.0095074
59 0.070361 0.069836 0.069029 0.067939 0.066636 0.065092 0.063307 0.061465 0.05904 0.056614 0.054342 0.052223 0.050104 0.044776 0.039138 0.033626 0.028239 0.022487 0.016247 0.0095002
60 0.069553 0.069207 0.068526 0.067522 0.066276 0.06484 0.063213 0.061519 0.059112 0.056706 0.054533 0.052593 0.050653 0.045251 0.039514 0.033931 0.028502 0.022686 0.016355 0.0095073
61 0.068681 0.068593 0.067928 0.06703 0.065958 0.064661 0.063141 0.061545 0.059169 0.056794 0.054722 0.052952 0.051182 0.045728 0.039917 0.034274 0.028799 0.022911 0.016473 0.0095425
62 0.067802 0.06764 0.067371 0.0667 0.065726 0.06452 0.06308 0.061561 0.059222 0.056884 0.054911 0.053304 0.051697 0.046196 0.040319 0.034632 0.029135 0.023175 0.016599 0.0095249
63 0.067003 0.066913 0.066719 0.066173 0.065364 0.06431 0.06301 0.061625 0.059353 0.05708 0.05519 0.053682 0.052174 0.046626 0.040688 0.034965 0.029458 0.02344 0.016742 0.0094862
64 0.066323 0.06641 0.066192 0.065723 0.065066 0.064123 0.062892 0.061577 0.059379 0.057182 0.055389 0.054001 0.052613 0.047028 0.041037 0.035283 0.029765 0.023697 0.016894 0.0094255
65 0.065544 0.06588 0.065633 0.065223 0.064692 0.063855 0.062712 0.061487 0.059416 0.057345 0.05567 0.054391 0.053112 0.047491 0.04145 0.035647 0.030085 0.023948 0.017048 0.0093702
66 0.064893 0.065365 0.065076 0.064704 0.064268 0.063562 0.062585 0.061516 0.059483 0.05745 0.055869 0.05474 0.053611 0.047919 0.041786 0.035936 0.030368 0.024194 0.017213 0.0094624
67 0.064238 0.064773 0.064463 0.064169 0.063889 0.063266 0.062301 0.061257 0.059415 0.057572 0.056139 0.055116 0.054094 0.048413 0.042283 0.036401 0.030768 0.024508 0.017411 0.0095231
68 0.063401 0.064254 0.063847 0.063639 0.063579 0.063055 0.062067 0.06102 0.059358 0.057696 0.056408 0.055493 0.054578 0.048888 0.042736 0.036831 0.031171 0.024836 0.017602 0.0095425
69 0.062552 0.063787 0.063281 0.063118 0.063213 0.062775 0.061805 0.060789 0.059293 0.057797 0.056645 0.055839 0.055032 0.049385 0.043271 0.037335 0.03158 0.025137 0.017778 0.0095892
70 0.061918 0.062967 0.062449 0.062388 0.062672 0.062455 0.061737 0.060954 0.059489 0.058025 0.056922 0.056183 0.055443 0.049842 0.043771 0.037814 0.031971 0.025426 0.017944 0.0096303
71 0.061039 0.061905 0.061514 0.061623 0.062108 0.062156 0.061768 0.061281 0.059781 0.058281 0.057209 0.056564 0.05592 0.050338 0.044278 0.038305 0.032418 0.025778 0.018133 0.0096003
72 0.06025 0.060887 0.060888 0.061072 0.061394 0.061559 0.061569 0.06145 0.060009 0.058568 0.057575 0.057029 0.056484 0.050867 0.04476 0.038751 0.032839 0.026127 0.018346 0.0095766
73 0.059045 0.05983 0.060329 0.06073 0.061059 0.061294 0.061436 0.061454 0.060184 0.058914 0.057989 0.05741 0.05683 0.051246 0.045178 0.039171 0.033223 0.02645 0.018578 0.0096494
74 0.058246 0.059232 0.059806 0.060272 0.060656 0.06097 0.061214 0.061338 0.060237 0.059136 0.058299 0.057728 0.057156 0.051627 0.045619 0.039608 0.033593 0.026749 0.018801 0.0097122
75 0.057473 0.058553 0.059386 0.059985 0.060409 0.06074 0.060977 0.061111 0.060178 0.059244 0.058524 0.058018 0.057511 0.052024 0.046056 0.040033 0.033957 0.027039 0.019 0.0097811
76 0.056803 0.057818 0.058889 0.059642 0.060157 0.060537 0.060781 0.060933 0.060116 0.059299 0.058671 0.05823 0.057788 0.052411 0.046556 0.04055 0.034392 0.02737 0.019198 0.00986
77 0.055988 0.057295 0.058507 0.059317 0.059825 0.060205 0.060457 0.06063 0.059999 0.059368 0.058896 0.058584 0.058271 0.052837 0.046908 0.040914 0.034854 0.0278 0.019422 0.009922
78 0.055256 0.056429 0.057895 0.058858 0.059443 0.059862 0.060114 0.060301 0.059821 0.05934 0.059058 0.058976 0.058893 0.053448 0.047485 0.041467 0.035395 0.028254 0.019691 0.010012
79 0.054229 0.055477 0.057037 0.058204 0.059076 0.059629 0.059864 0.060049 0.059715 0.059381 0.059264 0.059364 0.059463 0.054077 0.04816 0.042124 0.035968 0.028736 0.020071 0.01011
80 0.053094 0.054672 0.056012 0.057286 0.058509 0.059328 0.059745 0.060101 0.059829 0.059557 0.059577 0.05989 0.060203 0.054715 0.048667 0.042577 0.036444 0.029192 0.020448 0.010154
81 0.052254 0.053668 0.055195 0.0566 0.057914 0.058878 0.059492 0.060045 0.059979 0.059914 0.060026 0.060315 0.060605 0.055186 0.049216 0.043149 0.036985 0.029647 0.020746 0.010184
82 0.051656 0.053059 0.054652 0.056091 0.057414 0.058454 0.059211 0.059915 0.060068 0.060221 0.060415 0.06065 0.060885 0.055568 0.049714 0.043634 0.037326 0.029894 0.020965 0.010208
83 0.051051 0.052819 0.054296 0.05565 0.056912 0.058041 0.059037 0.059959 0.060103 0.060248 0.060494 0.060842 0.061189 0.055896 0.050057 0.04398 0.037663 0.030212 0.021249 0.010302
84 0.050316 0.052352 0.053734 0.055114 0.056491 0.057734 0.05884 0.059867 0.060065 0.060263 0.060597 0.061067 0.061537 0.056258 0.050422 0.044415 0.038237 0.030765 0.021569 0.010358
85 0.049346 0.051689 0.05296 0.054453 0.056112 0.057502 0.058621 0.05968 0.060113 0.060546 0.060935 0.061278 0.061622 0.056565 0.050986 0.045086 0.038864 0.031267 0.021839 0.010536
86 0.048512 0.050855 0.051974 0.053524 0.055396 0.057047 0.058479 0.059828 0.060333 0.060838 0.06124 0.061538 0.061837 0.057008 0.051682 0.045864 0.039554 0.031796 0.022113 0.010581
87 0.047636 0.049887 0.051263 0.052894 0.054715 0.056545 0.058385 0.060096 0.060477 0.060858 0.061235 0.061608 0.06198 0.057457 0.052461 0.046716 0.040222 0.032338 0.022603 0.010624
88 0.04674 0.049171 0.050838 0.052448 0.054015 0.055952 0.058259 0.060371 0.060462 0.060554 0.060911 0.061533 0.062155 0.05796 0.053299 0.047634 0.040966 0.032915 0.023022 0.010795
89 0.045724 0.04848 0.050441 0.052091 0.053509 0.055496 0.058052 0.060382 0.060372 0.060362 0.060744 0.061519 0.062294 0.058408 0.054072 0.048435 0.041499 0.033366 0.023637 0.011119
90 0.044857 0.047402 0.049893 0.051761 0.053161 0.055246 0.058017 0.060538 0.060468 0.060398 0.060725 0.061449 0.062173 0.05863 0.054674 0.049116 0.041956 0.03381 0.024353 0.011372
91 0.043736 0.046609 0.049148 0.051138 0.052716 0.055029 0.058075 0.060829 0.060551 0.060273 0.060527 0.061312 0.062097 0.058915 0.05535 0.04996 0.042746 0.034512 0.024918 0.011559
92 0.04237 0.045601 0.04801 0.050327 0.052574 0.055155 0.05807 0.060703 0.060407 0.060111 0.060356 0.06114 0.061924 0.059266 0.056275 0.051097 0.043733 0.035308 0.025469 0.012104
93 0.041639 0.044552 0.047009 0.04959 0.052265 0.055142 0.058222 0.06099 0.060531 0.060071 0.060186 0.060875 0.061564 0.059433 0.05703 0.052062 0.04453 0.03599 0.026108 0.012211
94 0.040971 0.044123 0.046684 0.049357 0.052116 0.055227 0.05869 0.061734 0.060449 0.059164 0.059099 0.060253 0.061407 0.059596 0.0575 0.052695 0.045184 0.036646 0.026744 0.012361
95 0.040352 0.043709 0.046261 0.049043 0.051999 0.05526 0.058827 0.061936 0.06031 0.058685 0.058508 0.059782 0.061055 0.059625 0.057934 0.053333 0.04582 0.037308 0.027463 0.012791
96 0.040104 0.043421 0.045845 0.048723 0.051942 0.055254 0.05866 0.061619 0.059949 0.058279 0.058142 0.059538 0.060934 0.059761 0.05834 0.053881 0.046386 0.03788 0.028029 0.013312
97 0.039725 0.043171 0.04513 0.04803 0.051635 0.055298 0.059019 0.062218 0.060021 0.057824 0.057573 0.059269 0.060965 0.060119 0.059027 0.05454 0.046656 0.038001 0.028321 0.013457
98 0.038678 0.042187 0.044203 0.047349 0.051345 0.05532 0.059274 0.062655 0.060108 0.05756 0.057206 0.059044 0.060883 0.060404 0.0597 0.055424 0.047576 0.038754 0.028637 0.013694
99 0.037753 0.041146 0.043312 0.046669 0.05092 0.055374 0.06003 0.063981 0.060633 0.057285 0.056518 0.058332 0.060146 0.060277 0.060246 0.056299 0.048437 0.039537 0.029253 0.013853
100 0.037437 0.041018 0.043276 0.04651 0.050476 0.054946 0.059919 0.064114 0.06026 0.056406 0.055613 0.057881 0.06015 0.060502 0.06067 0.056932 0.049289 0.040472 0.030092 0.014037
101 0.03696 0.040718 0.043118 0.04614 0.049628 0.054174 0.059779 0.0645 0.060085 0.055671 0.054777 0.057404 0.060031 0.060902 0.061604 0.057991 0.050066 0.041131 0.030851 0.014468
102 0.03641 0.040305 0.043121 0.046117 0.049249 0.05384 0.059892 0.064985 0.060167 0.055348 0.054284 0.056974 0.059664 0.06099 0.062184 0.058614 0.050281 0.041318 0.031516 0.014741
103 0.035955 0.039848 0.042825 0.04587 0.048966 0.053663 0.059963 0.065291 0.060572 0.055853 0.054674 0.057034 0.059393 0.060911 0.062348 0.058662 0.049853 0.040887 0.031714 0.015717
104 0.035963 0.040288 0.043708 0.046392 0.048523 0.053077 0.060055 0.065934 0.060449 0.054965 0.053632 0.05645 0.059267 0.061003 0.062634 0.058945 0.049934 0.040958 0.032025 0.015796
105 0.035736 0.041104 0.044575 0.046945 0.048487 0.052865 0.060079 0.06611 0.059906 0.053701 0.052288 0.055665 0.059043 0.060909 0.062629 0.059086 0.05028 0.041365 0.032303 0.016923
106 0.036152 0.041496 0.045079 0.046995 0.047658 0.051785 0.059376 0.065711 0.059053 0.052396 0.051178 0.0554 0.059622 0.061148 0.062413 0.059138 0.051323 0.042916 0.03372 0.017444
107 0.036113 0.04207 0.045928 0.047633 0.04772 0.051834 0.059974 0.066753 0.059464 0.052176 0.05057 0.054648 0.058725 0.060496 0.062044 0.058898 0.051057 0.042586 0.033274 0.018036
108 0.036267 0.043989 0.047207 0.048503 0.048357 0.052319 0.060389 0.067091 0.059638 0.052185 0.049959 0.052961 0.055962 0.058944 0.061924 0.059533 0.051772 0.042804 0.03223 0.017966
109 0.035566 0.044141 0.047812 0.049109 0.048623 0.052336 0.060248 0.066841 0.059798 0.052755 0.050431 0.052826 0.05522 0.058327 0.061503 0.059443 0.052148 0.04318 0.031988 0.017703
110 0.034182 0.04385 0.04807 0.049468 0.048746 0.052481 0.060673 0.067507 0.060313 0.053118 0.050644 0.05289 0.055137 0.058157 0.061252 0.059139 0.051818 0.043035 0.032307 0.017213
111 0.033229 0.043772 0.048238 0.05053 0.051187 0.055085 0.062223 0.068064 0.060492 0.052919 0.049954 0.051596 0.053238 0.057109 0.061195 0.0593 0.051424 0.042434 0.031962 0.016048
112 0.032408 0.043793 0.049023 0.051994 0.05327 0.057021 0.063247 0.068222 0.060256 0.05229 0.049113 0.050726 0.052339 0.05614 0.060154 0.058575 0.051406 0.042659 0.031811 0.015552
113 0.030762 0.043495 0.050535 0.053782 0.05418 0.057392 0.06342 0.068205 0.060136 0.052067 0.048971 0.050848 0.052724 0.055248 0.057835 0.0565 0.051244 0.043818 0.033502 0.015337
114 0.029321 0.043409 0.05267 0.056413 0.056011 0.058448 0.063724 0.067815 0.059658 0.051502 0.048205 0.049767 0.051329 0.053609 0.055959 0.055035 0.050838 0.044792 0.036285 0.01521
115 0.030467 0.045044 0.053831 0.057916 0.058471 0.060477 0.063935 0.066382 0.058384 0.050385 0.046843 0.047759 0.048674 0.051644 0.054813 0.054456 0.050571 0.045648 0.039343 0.014958
