1 0 0 0 0 0 0 0 0 0 0 0 0 0 0 0 0 0 0 0 0
2 0 0 0 0 0 0 0 0 0 0 0 0 0 0 0 0 0 0 0 0
3 0 0 0 0 0 0 0 0 0 0 0 0 0 0 0 0 0 0 0 0
4 0 0 0 0 0 0 0 0 0 0 0 0 0 0 0 0 0 0 0 0
5 0 0 0 0 0 0 0 0 0 0 0 0 0 0 0 0 0 0 0 0
6 0 0 0 0 0 0 0 0 0 0 0 0 0 0 0 0 0 0 0 0
7 0 0 0 0 0 0 0 0 0 0 0 0 0 0 0 0 0 0 0 0
8 0 0 0 0 0 0 0 0 0 0 0 0 0 0 0 0 0 0 0 0
9 0 0 0 0 0 0 0 0 0 0 0 0 0 0 0 0 0 0 0 0
10 0 0 0 0 0 0 0 0 0 0 0 0 0 0 0 0 0 0 0 0
11 0 0 0 0 0 0 0 0 0 0 0 0 0 0 0 0 0 0 0 0
12 0 0 0 0 0 0 0 0 0 0 0 0 0 0 0 0 0 0 0 0
13 0 0 0 0 0 0 0 0 0 0 0 0 0 0 0 0 0 0 0 0
14 0 0 0 0 0 0 0 0 0 0 0 0 0 0 0 0 0 0 0 0
15 0 0 0 0 0 0 0 0 0 0 0 0 0 0 0 0 0 0 0 0
16 0 0 0 0 0 0 0 0 0 0 0 0 0 0 0 0 0 0 0 0
17 0 0 0 0 0 0 0 0 0 0 0 0 0 0 0 0 0 0 0 0
18 0 0 0 0 0 0 0 0 0 0 0 0 0 0 0 0 0 0 0 0
19 0 0 0 0 0 0 0 0 0 0 0 0 0 0 0 0 0 0 0 0
20 0 0 0 0 0 0 0 0 0 0 0 0 0 0 0 0 0 0 0 0
21 0 0 0 0 0 0 0 0 0 0 0 0 0 0 0 0 0 0 0 0
22 0 0 0 0 0 0 0 0 0 0 0 0 0 0 0 0 0 0 0 0
23 0.04329 0.04654 0.053513 0.055153 0.052787 0.05346 0.057173 0.060222 0.056409 0.052597 0.05239 0.055788 0.059186 0.055411 0.050942 0.045757 0.039856 0.036572 0.03677 0.036184
24 0.053771 0.061113 0.064153 0.065366 0.065207 0.063576 0.060473 0.057365 0.054203 0.051041 0.049216 0.048728 0.048241 0.045481 0.042502 0.038978 0.034911 0.032314 0.031675 0.031686
25 0.063984 0.068549 0.067814 0.066727 0.065378 0.06299 0.059563 0.056216 0.053689 0.051162 0.048674 0.046225 0.043776 0.041598 0.039445 0.037265 0.035058 0.032624 0.029888 0.029376
26 0.068925 0.071218 0.070018 0.067392 0.063697 0.060547 0.057944 0.055359 0.052977 0.050594 0.048233 0.045894 0.043554 0.041358 0.039176 0.037013 0.034868 0.032664 0.030381 0.028187
27 0.072653 0.073861 0.070019 0.066659 0.063661 0.06086 0.058255 0.055656 0.05311 0.050565 0.048089 0.045685 0.04328 0.040962 0.038652 0.036328 0.03399 0.031586 0.029094 0.027034
28 0.073703 0.073702 0.069997 0.066941 0.064372 0.061733 0.059025 0.056324 0.053699 0.051073 0.048444 0.045812 0.04318 0.040623 0.038073 0.035542 0.03303 0.030586 0.028233 0.025908
29 0.076836 0.074011 0.070867 0.067844 0.064913 0.062046 0.059243 0.05645 0.053767 0.051084 0.048383 0.045665 0.042947 0.040211 0.037474 0.03479 0.032159 0.029573 0.027049 0.024688
30 0.077659 0.074781 0.071791 0.06879 0.065782 0.062802 0.05985 0.056902 0.054007 0.051111 0.048243 0.045402 0.042562 0.039691 0.036817 0.034041 0.031363 0.028712 0.026096 0.023598
31 0.078686 0.075604 0.072554 0.069514 0.066483 0.063449 0.060412 0.05737 0.054274 0.051178 0.048141 0.045162 0.042183 0.039231 0.036282 0.033413 0.030623 0.027846 0.025086 0.022508
32 0.079564 0.07642 0.073306 0.070164 0.067 0.063854 0.060725 0.057596 0.054457 0.051317 0.04818 0.045046 0.041911 0.038892 0.035884 0.032904 0.029951 0.027057 0.024243 0.02153
33 0.080448 0.07726 0.074042 0.070809 0.067565 0.064304 0.061026 0.057754 0.054557 0.05136 0.048149 0.044926 0.041702 0.038581 0.03547 0.032386 0.029329 0.026329 0.023405 0.020598
34 0.081259 0.077921 0.074605 0.071302 0.068011 0.064691 0.061344 0.058002 0.054714 0.051426 0.048143 0.044865 0.041587 0.03836 0.035138 0.03193 0.028736 0.02562 0.022609 0.019739
35 0.08197 0.078504 0.075102 0.071725 0.068368 0.064999 0.061619 0.05824 0.054888 0.051536 0.048181 0.044824 0.041466 0.038129 0.034794 0.031501 0.02825 0.025048 0.021911 0.018942
36 0.082497 0.079038 0.075604 0.072184 0.068773 0.065353 0.061922 0.058491 0.055051 0.051611 0.048182 0.044762 0.041342 0.037924 0.034506 0.031121 0.027771 0.02447 0.021238 0.018161
37 0.082954 0.079491 0.076025 0.07257 0.069123 0.065668 0.062206 0.058739 0.055224 0.051709 0.048206 0.044715 0.041223 0.037732 0.034241 0.030781 0.027351 0.023963 0.020631 0.017448
38 0.083308 0.079864 0.076411 0.072935 0.069443 0.065942 0.062433 0.058919 0.055358 0.051797 0.048247 0.04471 0.041172 0.037607 0.034039 0.030487 0.026953 0.023479 0.020084 0.016813
39 0.08639 0.083103 0.079585 0.076088 0.072606 0.069159 0.065747 0.062311 0.058616 0.054922 0.047929 0.037636 0.027344 0.029047 0.031912 0.031381 0.027456 0.02351 0.019536 0.015724
40 0.086022 0.082567 0.079342 0.076026 0.07264 0.069172 0.06562 0.062065 0.058476 0.054886 0.048207 0.038436 0.028666 0.02987 0.032135 0.031237 0.027178 0.023147 0.019155 0.015154
41 0.085682 0.082115 0.079106 0.07588 0.072491 0.06906 0.065587 0.0621 0.058481 0.054862 0.048435 0.039201 0.029967 0.030627 0.032243 0.031007 0.026918 0.022838 0.01877 0.01463
42 0.085396 0.082096 0.078847 0.075605 0.072367 0.069013 0.06554 0.062053 0.058416 0.054778 0.048593 0.039859 0.031126 0.031299 0.032335 0.030808 0.026719 0.022586 0.018397 0.01417
43 0.085009 0.082003 0.078829 0.075552 0.072197 0.068812 0.065396 0.061962 0.058351 0.054739 0.04881 0.040562 0.032314 0.031992 0.032438 0.030589 0.026447 0.022257 0.018004 0.013739
44 0.084633 0.081842 0.078563 0.075292 0.072028 0.068698 0.065302 0.061887 0.05827 0.054653 0.048976 0.041241 0.033505 0.032742 0.032654 0.030492 0.026257 0.021983 0.017658 0.013323
45 0.084152 0.081469 0.078314 0.075179 0.072057 0.068771 0.065322 0.061855 0.058213 0.05457 0.049083 0.04175 0.034417 0.033326 0.032838 0.030445 0.026147 0.021796 0.017374 0.012922
46 0.083751 0.081119 0.078034 0.074941 0.07184 0.068626 0.065297 0.061936 0.058242 0.054548 0.049233 0.042297 0.03536 0.033931 0.033035 0.030405 0.02604 0.021616 0.017114 0.012635
47 0.08338 0.080835 0.077784 0.074698 0.071585 0.0684 0.065141 0.061852 0.058241 0.054631 0.049514 0.042891 0.036268 0.034522 0.033248 0.030393 0.025959 0.021456 0.016863 0.012339
48 0.082832 0.080197 0.077468 0.074521 0.07141 0.068273 0.06511 0.061906 0.058289 0.054672 0.049726 0.043453 0.03718 0.035114 0.033456 0.030383 0.025896 0.021339 0.016687 0.012089
49 0.082328 0.079628 0.076992 0.074187 0.071256 0.068222 0.065087 0.061914 0.058346 0.054778 0.050008 0.044036 0.038064 0.035694 0.033673 0.030383 0.025825 0.021217 0.016542 0.011819
50 0.081797 0.079241 0.076617 0.073886 0.071076 0.068095 0.064943 0.061765 0.058313 0.05486 0.050298 0.044624 0.038951 0.036301 0.033942 0.030448 0.025819 0.021132 0.016367 0.011524
51 0.081173 0.078793 0.076248 0.073597 0.070865 0.067953 0.064859 0.061738 0.058336 0.054934 0.050537 0.045145 0.039754 0.036868 0.034224 0.030555 0.025861 0.021087 0.016204 0.01127
52 0.080567 0.078317 0.075878 0.073322 0.070677 0.067832 0.064787 0.061713 0.058341 0.054969 0.050738 0.04565 0.040561 0.037413 0.034452 0.030619 0.025914 0.021088 0.0161 0.01106
53 0.080018 0.077877 0.07554 0.073033 0.070399 0.067619 0.064691 0.061724 0.058359 0.054994 0.050917 0.046127 0.041337 0.037967 0.034734 0.030736 0.025973 0.021077 0.016006 0.010871
54 0.07943 0.077377 0.075147 0.072722 0.07015 0.067442 0.064598 0.061715 0.058418 0.055122 0.051191 0.046626 0.042061 0.038472 0.034977 0.030828 0.026024 0.021069 0.015914 0.010716
55 0.078773 0.076825 0.074695 0.072374 0.069912 0.067293 0.064518 0.061702 0.058459 0.055217 0.05144 0.04713 0.042819 0.039005 0.035239 0.030941 0.02611 0.021106 0.01587 0.010573
56 0.07813 0.07631 0.074224 0.072002 0.069677 0.067168 0.064472 0.061732 0.05852 0.055308 0.051662 0.047583 0.043503 0.03951 0.035525 0.031088 0.026198 0.02114 0.015857 0.010393
57 0.07752 0.075715 0.073788 0.071685 0.06945 0.067008 0.06436 0.061669 0.058533 0.055398 0.051902 0.048047 0.044191 0.040034 0.035848 0.031278 0.026324 0.021191 0.015821 0.010237
58 0.076882 0.07514 0.073296 0.071276 0.069123 0.066785 0.064262 0.061689 0.058603 0.055518 0.052156 0.048515 0.044875 0.04056 0.03618 0.03149 0.026488 0.021278 0.015792 0.010093
59 0.076153 0.074544 0.072831 0.070938 0.06891 0.066659 0.064186 0.061664 0.058642 0.055621 0.052393 0.048957 0.045521 0.041052 0.036483 0.031676 0.02663 0.021361 0.015795 0.0099853
60 0.075469 0.073937 0.072346 0.070557 0.068619 0.066455 0.064066 0.061627 0.058673 0.055719 0.052628 0.049401 0.046174 0.041564 0.03682 0.031905 0.026819 0.021487 0.015828 0.0099071
61 0.074781 0.073372 0.071955 0.070239 0.068298 0.066196 0.063933 0.061615 0.05873 0.055845 0.052885 0.049849 0.046813 0.042037 0.037093 0.032079 0.026994 0.021619 0.015856 0.0098094
62 0.074049 0.072871 0.071483 0.069815 0.067937 0.065932 0.063802 0.06161 0.058788 0.055966 0.053131 0.050281 0.047431 0.042538 0.037448 0.032328 0.027177 0.021746 0.015943 0.0097255
63 0.073373 0.072138 0.070949 0.069424 0.067646 0.065739 0.063702 0.061605 0.058872 0.056139 0.053421 0.05072 0.048018 0.043016 0.037792 0.032571 0.027355 0.021862 0.016 0.0096584
64 0.07257 0.071411 0.070346 0.068963 0.067339 0.065563 0.063633 0.061638 0.058975 0.056312 0.053708 0.051162 0.048616 0.043517 0.03817 0.032857 0.027579 0.022007 0.016043 0.0095922
65 0.07171 0.070724 0.069897 0.068658 0.067109 0.065396 0.063519 0.061581 0.059016 0.056451 0.05397 0.051574 0.049178 0.043991 0.038533 0.033136 0.027799 0.022151 0.016092 0.0095164
66 0.070835 0.070117 0.069296 0.068187 0.066861 0.065269 0.063411 0.061499 0.059028 0.056558 0.054213 0.051993 0.049774 0.044494 0.038918 0.033444 0.028071 0.022354 0.016179 0.0094994
67 0.069938 0.069539 0.06876 0.06771 0.066457 0.064976 0.063267 0.061496 0.059075 0.056654 0.054436 0.052419 0.050403 0.045028 0.039329 0.033775 0.028367 0.022583 0.016298 0.0094885
68 0.069222 0.068925 0.068196 0.067229 0.066083 0.064732 0.063175 0.061544 0.059147 0.056751 0.054627 0.052775 0.050924 0.04549 0.03971 0.034094 0.028642 0.022791 0.016412 0.0095306
69 0.068259 0.068169 0.067694 0.066892 0.065844 0.064579 0.063098 0.06154 0.05918 0.056821 0.054801 0.05312 0.051439 0.045961 0.040115 0.034447 0.028956 0.023031 0.016527 0.009529
70 0.06742 0.067298 0.067058 0.066442 0.065541 0.064412 0.063053 0.061609 0.05929 0.056971 0.055036 0.053484 0.051933 0.046409 0.040502 0.034796 0.029293 0.0233 0.016657 0.0094951
71 0.066646 0.066718 0.0665 0.065977 0.065224 0.064211 0.062938 0.06158 0.059353 0.057126 0.055287 0.053837 0.052386 0.046816 0.040847 0.035111 0.029607 0.023568 0.016815 0.0094502
72 0.066061 0.066163 0.065933 0.065489 0.064883 0.063986 0.062798 0.061525 0.05938 0.057235 0.055499 0.054171 0.052842 0.047245 0.041235 0.035461 0.029923 0.023819 0.016961 0.0093884
73 0.065155 0.065666 0.06538 0.064982 0.064501 0.063732 0.062674 0.061528 0.05947 0.057412 0.055777 0.054565 0.053352 0.047687 0.041592 0.035763 0.0302 0.02405 0.017119 0.0093957
74 0.06466 0.065109 0.064786 0.064432 0.064054 0.063399 0.062465 0.061439 0.059471 0.057503 0.055981 0.054905 0.05383 0.048142 0.042009 0.036143 0.030546 0.024333 0.017298 0.0094967
75 0.06382 0.064539 0.064212 0.063956 0.063754 0.063169 0.062201 0.061162 0.059396 0.05763 0.056259 0.055283 0.054308 0.048623 0.042483 0.036591 0.030946 0.024651 0.017492 0.0095256
76 0.063111 0.064067 0.063634 0.063455 0.063468 0.062941 0.061875 0.060768 0.059234 0.0577 0.056507 0.055656 0.054805 0.049134 0.042996 0.037074 0.031369 0.024981 0.017685 0.0095398
77 0.062267 0.063454 0.062901 0.062776 0.062974 0.062639 0.061773 0.060852 0.05937 0.057888 0.05676 0.055988 0.055215 0.049594 0.043503 0.037558 0.031758 0.025264 0.017845 0.0096213
78 0.06157 0.062549 0.062055 0.062039 0.062383 0.062284 0.061742 0.061116 0.059633 0.058149 0.057052 0.056341 0.05563 0.05005 0.043999 0.038038 0.032169 0.025576 0.018019 0.0096046
79 0.060747 0.061428 0.061142 0.061319 0.061845 0.061981 0.061726 0.061363 0.059874 0.058386 0.05735 0.056767 0.056183 0.050584 0.044499 0.038506 0.032607 0.025926 0.018206 0.0095603
80 0.059772 0.060446 0.060674 0.060945 0.061249 0.061435 0.061505 0.061447 0.060081 0.058715 0.057752 0.057191 0.05663 0.051018 0.044917 0.038911 0.032999 0.026267 0.018443 0.0096023
81 0.058719 0.059589 0.060114 0.060533 0.060872 0.061144 0.061349 0.06143 0.060228 0.059026 0.05813 0.057539 0.056949 0.051394 0.045359 0.039352 0.033371 0.026567 0.018668 0.0096681
82 0.057879 0.058945 0.059642 0.060163 0.060553 0.060864 0.061094 0.061215 0.060203 0.059191 0.058414 0.05787 0.057326 0.051808 0.04581 0.039788 0.033744 0.026868 0.018885 0.0097373
83 0.057216 0.058271 0.05919 0.059863 0.060352 0.060698 0.060902 0.06101 0.060131 0.059253 0.058572 0.058088 0.057605 0.052176 0.046268 0.040251 0.034125 0.027158 0.01907 0.0098034
84 0.056521 0.057601 0.058761 0.059525 0.059991 0.06036 0.060632 0.060814 0.060066 0.059318 0.058755 0.058376 0.057997 0.05259 0.046696 0.040695 0.034585 0.027551 0.019285 0.0098809
85 0.055699 0.056972 0.058276 0.059143 0.059683 0.06007 0.060305 0.060469 0.059906 0.059343 0.058956 0.058745 0.058534 0.053091 0.047143 0.041139 0.035079 0.027988 0.019523 0.0099367
86 0.054892 0.056078 0.057623 0.058634 0.059243 0.059682 0.05995 0.060158 0.059733 0.059308 0.059108 0.059135 0.059161 0.053737 0.047786 0.041757 0.035649 0.028464 0.019845 0.010058
87 0.053792 0.055181 0.056527 0.057748 0.058873 0.059581 0.059869 0.060102 0.059749 0.059397 0.059331 0.059553 0.059774 0.054356 0.048392 0.042331 0.036173 0.028927 0.020233 0.010112
88 0.052812 0.054293 0.05562 0.056922 0.058206 0.059115 0.059648 0.060115 0.059901 0.059687 0.059752 0.060095 0.060438 0.054935 0.048867 0.042775 0.036659 0.029396 0.020607 0.010157
89 0.052062 0.053452 0.054943 0.056344 0.057679 0.058686 0.059367 0.059991 0.060038 0.060084 0.060218 0.06044 0.060662 0.055319 0.049438 0.043387 0.037166 0.029766 0.020796 0.010161
90 0.051498 0.053055 0.054582 0.05596 0.057226 0.058287 0.059144 0.059938 0.060086 0.060233 0.060445 0.060722 0.060998 0.055697 0.049856 0.043737 0.037342 0.029897 0.021056 0.01024
91 0.050809 0.052704 0.054125 0.055474 0.056767 0.057937 0.058984 0.059951 0.060101 0.060251 0.060518 0.060901 0.061284 0.055977 0.050119 0.044086 0.037879 0.030444 0.021376 0.010312
92 0.04995 0.052112 0.053449 0.054877 0.056371 0.057651 0.058716 0.059716 0.060047 0.060377 0.060749 0.061164 0.061578 0.056383 0.050646 0.04468 0.038487 0.030961 0.021662 0.010423
93 0.048959 0.051441 0.052634 0.054142 0.055887 0.057352 0.058535 0.059659 0.060177 0.060695 0.061077 0.061325 0.061573 0.05667 0.05127 0.045436 0.039168 0.031494 0.021949 0.010555
94 0.048164 0.050391 0.05164 0.053248 0.055123 0.056862 0.058463 0.059962 0.060409 0.060855 0.061237 0.061555 0.061874 0.057191 0.052024 0.04624 0.039839 0.032023 0.022324 0.010576
95 0.047323 0.049589 0.051089 0.052716 0.054437 0.056325 0.058379 0.060273 0.060516 0.060759 0.061093 0.061517 0.061942 0.057601 0.0528 0.047111 0.040534 0.032575 0.022777 0.010646
96 0.046396 0.04901 0.050756 0.052307 0.053713 0.055666 0.058165 0.060438 0.060386 0.060334 0.0607 0.061483 0.062267 0.058203 0.05367 0.048004 0.041203 0.033102 0.023268 0.010928
97 0.045455 0.048084 0.050253 0.051984 0.053387 0.055419 0.058079 0.060498 0.06043 0.060361 0.060686 0.061403 0.062121 0.058426 0.054304 0.048714 0.041657 0.033519 0.023944 0.011278
98 0.04451 0.047196 0.049728 0.051594 0.05296 0.055116 0.058065 0.060736 0.060537 0.060339 0.060613 0.06136 0.062107 0.058691 0.054872 0.049365 0.04217 0.034034 0.024647 0.011361
99 0.043245 0.046258 0.048688 0.050815 0.052712 0.055155 0.058142 0.060836 0.060492 0.060148 0.060373 0.061166 0.061959 0.058997 0.055672 0.050397 0.043173 0.034853 0.025074 0.011844
100 0.041976 0.04521 0.047661 0.050098 0.052525 0.055183 0.058074 0.060684 0.060398 0.060111 0.060317 0.061015 0.061713 0.059331 0.056651 0.051562 0.044064 0.035565 0.025735 0.012127
101 0.041479 0.044271 0.046918 0.049596 0.052299 0.055246 0.058436 0.061274 0.060461 0.059649 0.059687 0.060577 0.061467 0.059472 0.057199 0.052304 0.044788 0.036254 0.026365 0.012256
102 0.040639 0.044101 0.046578 0.049255 0.052083 0.055322 0.058973 0.06216 0.060552 0.058944 0.058735 0.059924 0.061113 0.059473 0.057559 0.052852 0.045352 0.03685 0.027012 0.012524
103 0.04029 0.043499 0.046142 0.04903 0.0521 0.055303 0.058638 0.061544 0.060012 0.05848 0.05838 0.059712 0.061044 0.059721 0.058141 0.053591 0.046072 0.037557 0.027714 0.013029
104 0.040116 0.043513 0.045568 0.04838 0.051761 0.055257 0.058868 0.061984 0.059972 0.057959 0.05775 0.059343 0.060936 0.05991 0.058631 0.054151 0.04647 0.037896 0.028133 0.013403
105 0.039402 0.042852 0.044799 0.0478 0.051593 0.055393 0.059202 0.062461 0.060034 0.057607 0.057293 0.059093 0.060893 0.0602 0.059266 0.054876 0.04703 0.038308 0.028417 0.013481
106 0.038362 0.041816 0.043883 0.047108 0.051203 0.055379 0.059635 0.063262 0.060378 0.057495 0.056939 0.058711 0.060483 0.060263 0.05985 0.05572 0.047872 0.03901 0.028797 0.013833
107 0.037754 0.041236 0.043346 0.046644 0.050835 0.055343 0.060166 0.064239 0.060543 0.056848 0.055982 0.057946 0.059911 0.060221 0.06037 0.056559 0.048787 0.03992 0.029594 0.013755
108 0.037338 0.040998 0.043311 0.04643 0.050153 0.054623 0.05984 0.064233 0.060113 0.055993 0.055168 0.057637 0.060105 0.060663 0.061035 0.057346 0.049596 0.040735 0.030394 0.01429
109 0.036811 0.040645 0.043214 0.046208 0.049522 0.05408 0.059881 0.064763 0.060134 0.055504 0.054487 0.057083 0.059679 0.060826 0.061832 0.058292 0.050204 0.041248 0.031137 0.01445
110 0.036128 0.040086 0.043067 0.046165 0.04935 0.053954 0.059976 0.065051 0.060327 0.055604 0.054521 0.057079 0.059638 0.060939 0.062118 0.058415 0.049829 0.040915 0.031564 0.015274
111 0.036111 0.039921 0.043247 0.046198 0.048868 0.053494 0.060078 0.065635 0.060583 0.055531 0.054256 0.056756 0.059256 0.060907 0.062476 0.058751 0.049731 0.040733 0.031764 0.015703
112 0.035941 0.040845 0.044276 0.046758 0.048528 0.052998 0.060169 0.066191 0.060321 0.054451 0.053039 0.056084 0.059129 0.060852 0.062447 0.058788 0.049876 0.04096 0.032037 0.01631
113 0.036002 0.04137 0.044875 0.047093 0.048345 0.052589 0.059826 0.065855 0.059391 0.052928 0.051599 0.055405 0.059212 0.060967 0.062525 0.059122 0.050759 0.042056 0.032898 0.017181
114 0.036399 0.041977 0.045668 0.047299 0.047381 0.051497 0.059648 0.066455 0.059365 0.052275 0.050856 0.055108 0.05936 0.060826 0.062022 0.058787 0.051122 0.042772 0.033511 0.017671
115 0.036334 0.043055 0.046646 0.048178 0.048164 0.052205 0.060302 0.067016 0.059441 0.051865 0.049952 0.053701 0.057449 0.059788 0.061989 0.059176 0.051347 0.042614 0.032678 0.018101
