1 0 0 0 0 0 0 0 0 0 0 0 0 0 0 0 0 0 0 0 0
2 0 0 0 0 0 0 0 0 0 0 0 0 0 0 0 0 0 0 0 0
3 0 0 0 0 0 0 0 0 0 0 0 0 0 0 0 0 0 0 0 0
4 0 0 0 0 0 0 0 0 0 0 0 0 0 0 0 0 0 0 0 0
5 0 0 0 0 0 0 0 0 0 0 0 0 0 0 0 0 0 0 0 0
6 0 0 0 0 0 0 0 0 0 0 0 0 0 0 0 0 0 0 0 0
7 0 0 0 0 0 0 0 0 0 0 0 0 0 0 0 0 0 0 0 0
8 0 0 0 0 0 0 0 0 0 0 0 0 0 0 0 0 0 0 0 0
9 0 0 0 0 0 0 0 0 0 0 0 0 0 0 0 0 0 0 0 0
10 0 0 0 0 0 0 0 0 0 0 0 0 0 0 0 0 0 0 0 0
11 0 0 0 0 0 0 0 0 0 0 0 0 0 0 0 0 0 0 0 0
12 0 0 0 0 0 0 0 0 0 0 0 0 0 0 0 0 0 0 0 0
13 0 0 0 0 0 0 0 0 0 0 0 0 0 0 0 0 0 0 0 0
14 0 0 0 0 0 0 0 0 0 0 0 0 0 0 0 0 0 0 0 0
15 0 0 0 0 0 0 0 0 0 0 0 0 0 0 0 0 0 0 0 0
16 0 0 0 0 0 0 0 0 0 0 0 0 0 0 0 0 0 0 0 0
17 0 0 0 0 0 0 0 0 0 0 0 0 0 0 0 0 0 0 0 0
18 0 0 0 0 0 0 0 0 0 0 0 0 0 0 0 0 0 0 0 0
19 0 0 0 0 0 0 0 0 0 0 0 0 0 0 0 0 0 0 0 0
20 0 0 0 0 0 0 0 0 0 0 0 0 0 0 0 0 0 0 0 0
21 0 0 0 0 0 0 0 0 0 0 0 0 0 0 0 0 0 0 0 0
22 0 0 0 0 0 0 0 0 0 0 0 0 0 0 0 0 0 0 0 0
23 0 0 0 0 0 0 0 0 0 0 0 0 0 0 0 0 0 0 0 0
24 0 0 0 0 0 0 0 0 0 0 0 0 0 0 0 0 0 0 0 0
25 0.043266 0.046517 0.05349 0.055132 0.05277 0.053447 0.057162 0.060214 0.056405 0.052597 0.052393 0.055795 0.059197 0.055424 0.050957 0.045774 0.039873 0.03659 0.036791 0.036206
26 0.051621 0.059733 0.063069 0.064729 0.06513 0.063814 0.060782 0.057699 0.054085 0.05047 0.04879 0.049042 0.049295 0.046497 0.043403 0.039673 0.035305 0.032624 0.032189 0.032048
27 0.062294 0.067649 0.067613 0.066752 0.065271 0.06298 0.059879 0.056809 0.054057 0.051305 0.048735 0.046348 0.043961 0.041771 0.039602 0.037404 0.035178 0.032755 0.030069 0.02957
28 0.068609 0.071289 0.069762 0.067154 0.063734 0.060648 0.057894 0.05519 0.052989 0.050789 0.048433 0.045921 0.043409 0.041293 0.039216 0.037122 0.035012 0.032769 0.03035 0.028417
29 0.072466 0.073577 0.069904 0.066653 0.063719 0.060914 0.058238 0.055575 0.053037 0.0505 0.048045 0.045673 0.0433 0.041002 0.03871 0.036407 0.034094 0.031716 0.029251 0.02722
30 0.073352 0.073761 0.070097 0.066998 0.064323 0.061638 0.058943 0.056254 0.05363 0.051006 0.048403 0.045822 0.04324 0.040676 0.038115 0.035596 0.033121 0.030687 0.028308 0.02603
31 0.076535 0.074059 0.070856 0.067786 0.064816 0.061951 0.059191 0.056438 0.053756 0.051074 0.048375 0.04566 0.042944 0.040245 0.037548 0.034881 0.032246 0.029665 0.027155 0.024818
32 0.077538 0.07465 0.071671 0.068682 0.065685 0.062716 0.059776 0.056843 0.053982 0.05112 0.048275 0.045445 0.042616 0.039756 0.036894 0.034128 0.031458 0.028818 0.026217 0.023729
33 0.078554 0.075587 0.072492 0.06944 0.06642 0.063391 0.060353 0.057312 0.054227 0.051143 0.048125 0.045172 0.042219 0.039279 0.036341 0.033483 0.030705 0.027941 0.025194 0.022623
34 0.079458 0.076301 0.073196 0.070069 0.066924 0.063799 0.060694 0.057586 0.054448 0.05131 0.04818 0.045059 0.041938 0.038927 0.035928 0.032962 0.030031 0.027157 0.02436 0.021673
35 0.080389 0.077175 0.073966 0.070741 0.067502 0.064249 0.060982 0.057721 0.054535 0.051348 0.048149 0.044937 0.041725 0.038614 0.035514 0.032443 0.029401 0.026413 0.023496 0.0207
36 0.081185 0.077862 0.074553 0.071251 0.067954 0.064637 0.0613 0.05797 0.054704 0.051437 0.048161 0.044875 0.041589 0.038369 0.035155 0.031964 0.028796 0.025699 0.022695 0.019844
37 0.081856 0.078437 0.075055 0.071682 0.068316 0.064953 0.061593 0.058233 0.054875 0.051518 0.048166 0.04482 0.041475 0.038154 0.034835 0.031558 0.028321 0.025128 0.021994 0.019033
38 0.082441 0.078963 0.075539 0.072127 0.068723 0.065311 0.061889 0.058466 0.055037 0.051608 0.048187 0.044773 0.041359 0.03795 0.034541 0.031166 0.027823 0.024533 0.021314 0.01825
39 0.085847 0.082951 0.079656 0.076086 0.072311 0.06873 0.065342 0.061923 0.05818 0.054438 0.047471 0.03728 0.027088 0.028966 0.032012 0.031701 0.028033 0.024357 0.020672 0.016955
40 0.086423 0.083344 0.079796 0.076378 0.073057 0.069563 0.065896 0.06221 0.058326 0.054441 0.04723 0.036692 0.026154 0.028396 0.031875 0.0317 0.027874 0.024043 0.020207 0.016396
41 0.08638 0.083206 0.079626 0.07609 0.072588 0.069136 0.065733 0.062304 0.058605 0.054906 0.047885 0.037544 0.027202 0.028972 0.031913 0.031426 0.02751 0.023573 0.019607 0.015793
42 0.086023 0.082566 0.079326 0.07601 0.072638 0.069181 0.06564 0.062095 0.058507 0.054919 0.048203 0.038358 0.028513 0.029784 0.032131 0.031276 0.02722 0.02319 0.019196 0.015222
43 0.085713 0.082206 0.079147 0.075879 0.072454 0.069021 0.065579 0.06212 0.058496 0.054871 0.048413 0.03912 0.029828 0.030547 0.032235 0.031036 0.02695 0.022876 0.018818 0.014691
44 0.085416 0.082134 0.07891 0.075661 0.072392 0.069018 0.065539 0.062046 0.058409 0.054771 0.048556 0.039762 0.030968 0.031212 0.03233 0.030842 0.026748 0.022619 0.018443 0.014225
45 0.085011 0.081978 0.078848 0.075581 0.072209 0.068819 0.065411 0.061985 0.058368 0.054752 0.048792 0.04049 0.032188 0.031918 0.032424 0.030611 0.026476 0.022295 0.018051 0.013793
46 0.084625 0.081897 0.078607 0.075322 0.07204 0.068703 0.065308 0.061894 0.05828 0.054667 0.048961 0.041163 0.033365 0.032655 0.03263 0.030505 0.026281 0.022017 0.017701 0.01338
47 0.084204 0.081518 0.078343 0.075194 0.072065 0.068771 0.065312 0.061838 0.058205 0.054571 0.049066 0.041691 0.034315 0.033265 0.032826 0.030459 0.026164 0.02182 0.01741 0.012964
48 0.083779 0.081147 0.078056 0.074952 0.071838 0.068618 0.065292 0.061933 0.058248 0.054562 0.049227 0.042244 0.03526 0.03387 0.033021 0.030418 0.026062 0.021647 0.017155 0.012671
49 0.083446 0.080892 0.077817 0.074719 0.071603 0.068414 0.065152 0.061858 0.058234 0.054611 0.049471 0.042815 0.036159 0.034456 0.033233 0.030405 0.025974 0.021477 0.016892 0.012373
50 0.082872 0.080265 0.077498 0.074537 0.071429 0.068287 0.065109 0.061893 0.058277 0.054662 0.0497 0.043391 0.037082 0.035055 0.033441 0.030395 0.025915 0.021362 0.016711 0.012119
51 0.082368 0.079674 0.077048 0.074228 0.071261 0.068211 0.065079 0.061908 0.05834 0.054773 0.049986 0.043979 0.037972 0.035637 0.033658 0.030392 0.02584 0.021235 0.016559 0.011852
52 0.081846 0.079277 0.076648 0.073909 0.071087 0.068102 0.064954 0.061779 0.058321 0.054864 0.050279 0.044566 0.038854 0.036234 0.033913 0.030443 0.025824 0.021146 0.016389 0.011562
53 0.081233 0.078844 0.076289 0.073625 0.070878 0.067955 0.064858 0.061733 0.058336 0.054938 0.050526 0.045098 0.03967 0.036808 0.034193 0.030543 0.025858 0.021093 0.016224 0.011297
54 0.080624 0.078369 0.075922 0.073351 0.070688 0.067834 0.06479 0.061717 0.058349 0.05498 0.05073 0.045598 0.040466 0.037349 0.034426 0.030612 0.025909 0.021088 0.016112 0.011087
55 0.080081 0.077937 0.07559 0.073074 0.07043 0.067638 0.064699 0.061722 0.058353 0.054984 0.050889 0.046069 0.041248 0.037903 0.034701 0.030722 0.025966 0.02108 0.01602 0.010892
56 0.07951 0.077449 0.07521 0.072767 0.07017 0.06745 0.064607 0.061722 0.058409 0.055097 0.051147 0.04656 0.041973 0.038412 0.034951 0.030819 0.026018 0.021069 0.015925 0.010735
57 0.078859 0.076897 0.074738 0.072403 0.069937 0.067312 0.064529 0.061704 0.058453 0.055203 0.051408 0.047069 0.04273 0.038943 0.03521 0.03093 0.026102 0.021102 0.015874 0.010597
58 0.078203 0.076349 0.074262 0.072032 0.069697 0.067183 0.064489 0.061749 0.058523 0.055297 0.051633 0.047529 0.043425 0.039452 0.035492 0.031072 0.026192 0.021141 0.015865 0.010414
59 0.077595 0.07577 0.073829 0.071722 0.06949 0.067042 0.064378 0.061671 0.058529 0.055387 0.051874 0.047991 0.044108 0.039972 0.035812 0.031257 0.026307 0.021183 0.015828 0.010255
60 0.076967 0.075198 0.073353 0.071323 0.069156 0.066803 0.064264 0.061676 0.058589 0.055502 0.052126 0.048462 0.044797 0.040504 0.036151 0.031475 0.026477 0.021273 0.015796 0.010109
61 0.076224 0.074604 0.072875 0.070972 0.068938 0.066677 0.064191 0.061658 0.058637 0.055615 0.052374 0.048914 0.045453 0.041001 0.036452 0.031657 0.026616 0.021352 0.015793 0.0099965
62 0.075563 0.074019 0.072404 0.070598 0.068649 0.066474 0.064074 0.061626 0.058666 0.055706 0.052601 0.049351 0.046101 0.041504 0.036777 0.031875 0.026798 0.021474 0.015823 0.009915
63 0.074877 0.073421 0.072 0.070283 0.068344 0.066232 0.063945 0.061605 0.05872 0.055834 0.052862 0.049802 0.046742 0.041981 0.037056 0.032053 0.02697 0.021601 0.015851 0.0098218
64 0.074133 0.072929 0.071539 0.069864 0.067977 0.065961 0.063818 0.061613 0.058782 0.055951 0.053101 0.050234 0.047366 0.042483 0.037406 0.032296 0.027154 0.02173 0.015931 0.0097331
65 0.073462 0.072248 0.07102 0.069469 0.067676 0.065757 0.063709 0.0616 0.058856 0.056112 0.053382 0.050666 0.04795 0.04296 0.03775 0.032541 0.027332 0.021848 0.015996 0.0096656
66 0.072704 0.071496 0.070411 0.06901 0.067372 0.065582 0.063641 0.061636 0.058961 0.056286 0.053669 0.051109 0.04855 0.043458 0.038122 0.032819 0.027549 0.021987 0.016036 0.009601
67 0.071783 0.070808 0.069947 0.06869 0.067134 0.065416 0.063535 0.061592 0.059013 0.056435 0.05394 0.051529 0.049119 0.043941 0.038496 0.033107 0.027775 0.022135 0.016085 0.00952
68 0.070952 0.070192 0.069365 0.068242 0.066895 0.065293 0.063434 0.061519 0.05903 0.056541 0.054177 0.051938 0.049699 0.04443 0.038869 0.033403 0.028033 0.022324 0.016164 0.0094994
69 0.070031 0.069624 0.068818 0.067753 0.066495 0.065002 0.063275 0.061487 0.059065 0.056642 0.054414 0.052379 0.050344 0.044976 0.039286 0.033739 0.028336 0.02256 0.016285 0.0094895
70 0.069311 0.069001 0.068281 0.0673 0.066122 0.064749 0.063183 0.061543 0.059142 0.056742 0.054605 0.052731 0.050858 0.045431 0.039661 0.034052 0.028605 0.022763 0.016397 0.0095231
71 0.068373 0.068307 0.067763 0.066927 0.065872 0.064598 0.063106 0.061537 0.059173 0.056809 0.054775 0.053073 0.05137 0.0459 0.040065 0.034403 0.028914 0.022997 0.01651 0.009529
72 0.067529 0.067402 0.06715 0.066516 0.065593 0.064441 0.063058 0.061592 0.059268 0.056943 0.054998 0.053432 0.051867 0.04635 0.04045 0.034752 0.029254 0.02327 0.016639 0.0094982
73 0.066757 0.066784 0.066569 0.066034 0.065258 0.064229 0.062948 0.061583 0.059347 0.057112 0.055261 0.053796 0.052331 0.046766 0.040804 0.035071 0.029567 0.023533 0.016794 0.0094552
74 0.066184 0.066237 0.066007 0.065554 0.064932 0.064023 0.062824 0.061541 0.059375 0.05721 0.055457 0.054117 0.052776 0.047183 0.041178 0.035409 0.029877 0.023783 0.01694 0.0093922
75 0.065272 0.065735 0.065455 0.065052 0.064556 0.063766 0.062684 0.061515 0.059456 0.057398 0.055752 0.054518 0.053283 0.047629 0.041547 0.035725 0.030163 0.024018 0.017096 0.0093794
76 0.064746 0.065188 0.064875 0.064509 0.064103 0.063434 0.062503 0.061478 0.059481 0.057484 0.055941 0.054852 0.053763 0.048075 0.041942 0.036081 0.030493 0.02429 0.01727 0.0094901
77 0.063944 0.064611 0.064302 0.064036 0.063801 0.063197 0.062223 0.061178 0.059393 0.057608 0.056222 0.055233 0.054244 0.048561 0.042424 0.036535 0.030894 0.024609 0.017466 0.0095218
78 0.063213 0.064125 0.063703 0.063518 0.063509 0.062978 0.061924 0.060825 0.059259 0.057694 0.056477 0.055609 0.05474 0.049063 0.04292 0.037003 0.031311 0.024938 0.017659 0.0095334
79 0.062338 0.06357 0.063024 0.062884 0.063049 0.06268 0.061779 0.060826 0.059341 0.057856 0.056723 0.055942 0.055162 0.049534 0.043438 0.037495 0.031706 0.025224 0.01782 0.0096092
80 0.061691 0.062691 0.062183 0.062148 0.06247 0.062333 0.06174 0.061069 0.059589 0.05811 0.05701 0.056289 0.055569 0.049984 0.043929 0.03797 0.032106 0.025525 0.01799 0.0096038
81 0.060846 0.061567 0.061243 0.061416 0.061962 0.062076 0.061758 0.061336 0.059837 0.058338 0.057291 0.056695 0.056098 0.050505 0.044428 0.038442 0.032547 0.025878 0.018178 0.0095618
82 0.059941 0.060592 0.060753 0.060992 0.061289 0.061466 0.061523 0.061451 0.060059 0.058666 0.057692 0.057136 0.056581 0.050967 0.044865 0.038858 0.032947 0.026222 0.01841 0.0095905
83 0.058835 0.059671 0.060186 0.060598 0.060933 0.061192 0.061376 0.061437 0.060217 0.058997 0.05809 0.057497 0.056903 0.051341 0.045298 0.039291 0.033319 0.026525 0.018636 0.0096572
84 0.058017 0.059054 0.059701 0.060202 0.060595 0.060902 0.061125 0.061236 0.060203 0.05917 0.058377 0.057824 0.057271 0.05175 0.045748 0.039729 0.033693 0.026826 0.018855 0.0097249
85 0.05732 0.05838 0.059268 0.059916 0.060382 0.060718 0.060923 0.061032 0.060138 0.059244 0.058551 0.058057 0.057564 0.05212 0.046197 0.04018 0.034066 0.027113 0.019041 0.0097902
86 0.056643 0.05767 0.058818 0.059581 0.060055 0.060422 0.060682 0.060852 0.060076 0.059301 0.058716 0.058321 0.057927 0.052526 0.046641 0.040639 0.03452 0.027491 0.019251 0.0098699
87 0.055804 0.057101 0.05837 0.059214 0.059739 0.060119 0.060352 0.060514 0.059928 0.059343 0.058929 0.058688 0.058447 0.053005 0.04706 0.041059 0.035003 0.027923 0.019483 0.0099182
88 0.055043 0.056219 0.057736 0.058723 0.059312 0.059739 0.060003 0.060204 0.059745 0.059286 0.05906 0.059069 0.059077 0.053646 0.047688 0.041662 0.035567 0.028395 0.019788 0.01004
89 0.053958 0.055301 0.056701 0.057901 0.05895 0.05961 0.059879 0.060092 0.059733 0.059373 0.059287 0.059475 0.059662 0.05426 0.048317 0.042264 0.036101 0.028858 0.020178 0.010102
90 0.052932 0.054435 0.05576 0.057047 0.058308 0.059186 0.059682 0.060113 0.059879 0.059645 0.059698 0.060038 0.060379 0.054857 0.048768 0.042672 0.036569 0.029325 0.02056 0.010148
91 0.052158 0.053549 0.055044 0.056441 0.057763 0.058752 0.059408 0.060007 0.060019 0.060032 0.060152 0.060379 0.060606 0.05525 0.049354 0.043309 0.037118 0.029735 0.020768 0.010155
92 0.051593 0.0531 0.054643 0.056033 0.057308 0.058352 0.059165 0.059919 0.060072 0.060225 0.060429 0.060683 0.060937 0.055635 0.049794 0.043687 0.037312 0.029873 0.021018 0.010223
93 0.050919 0.052781 0.054213 0.055557 0.056836 0.057988 0.059014 0.059962 0.060105 0.060247 0.060498 0.060856 0.061214 0.055916 0.050071 0.044033 0.037801 0.030365 0.021327 0.010299
94 0.050091 0.052209 0.053562 0.054974 0.056429 0.057689 0.058754 0.05975 0.060044 0.060338 0.060699 0.061127 0.061556 0.056333 0.050563 0.044585 0.038397 0.030887 0.021619 0.010396
95 0.049115 0.051559 0.052768 0.054265 0.055979 0.057416 0.058574 0.059673 0.060162 0.06065 0.061023 0.061279 0.061536 0.056601 0.051164 0.045318 0.039063 0.031411 0.0219 0.010544
96 0.04832 0.050569 0.051741 0.053322 0.05521 0.05693 0.058483 0.059938 0.060392 0.060846 0.061226 0.061534 0.061841 0.05712 0.051912 0.046119 0.03974 0.031942 0.022253 0.010562
97 0.047468 0.04972 0.051153 0.052771 0.054528 0.056402 0.058395 0.060236 0.060515 0.060795 0.061132 0.061528 0.061924 0.057535 0.052683 0.046979 0.040424 0.032489 0.022714 0.010609
98 0.046563 0.049117 0.050829 0.052382 0.053814 0.055757 0.058209 0.060441 0.060393 0.060346 0.060702 0.061461 0.062219 0.058121 0.053554 0.047887 0.04112 0.033029 0.023174 0.010881
99 0.045589 0.048251 0.050352 0.052052 0.053452 0.055464 0.058088 0.060475 0.060414 0.060353 0.060684 0.061407 0.06213 0.058386 0.05421 0.048607 0.041575 0.033442 0.023842 0.011227
100 0.04468 0.047318 0.049833 0.051693 0.05306 0.055188 0.058077 0.060696 0.060527 0.060358 0.060639 0.061371 0.062103 0.058633 0.054756 0.04922 0.042024 0.033908 0.024564 0.011353
101 0.04344 0.046405 0.048864 0.050945 0.052743 0.055143 0.058144 0.060851 0.060511 0.060171 0.060391 0.061173 0.061954 0.058934 0.055545 0.050245 0.043034 0.03474 0.025005 0.011763
102 0.042061 0.04537 0.047821 0.050226 0.052594 0.055201 0.058046 0.060617 0.060362 0.060107 0.060335 0.061046 0.061757 0.059301 0.056538 0.051423 0.043957 0.035478 0.02565 0.012108
103 0.041585 0.044311 0.046971 0.049648 0.052337 0.055254 0.0584 0.061205 0.060483 0.059762 0.059815 0.060643 0.06147 0.059435 0.057123 0.052207 0.044688 0.036157 0.026276 0.01223
104 0.040802 0.044165 0.046661 0.04933 0.052128 0.055325 0.058919 0.062061 0.060527 0.058994 0.058813 0.059984 0.061156 0.059466 0.057499 0.052765 0.045264 0.036759 0.026915 0.012467
105 0.040383 0.04363 0.046221 0.049064 0.052098 0.055315 0.058716 0.061678 0.060099 0.058519 0.058388 0.059703 0.061018 0.059661 0.058045 0.053479 0.045962 0.037452 0.027618 0.012952
106 0.040192 0.043563 0.045722 0.048524 0.051808 0.055244 0.058831 0.061927 0.059956 0.057985 0.057784 0.059352 0.060921 0.059853 0.05853 0.054052 0.046418 0.037864 0.028085 0.013388
107 0.039565 0.043009 0.044952 0.047917 0.051648 0.055403 0.05918 0.062415 0.060038 0.057661 0.057353 0.059115 0.060877 0.060132 0.059145 0.05473 0.046887 0.03819 0.028356 0.013426
108 0.038516 0.041984 0.044028 0.047222 0.051282 0.055393 0.059558 0.063107 0.060305 0.057503 0.056996 0.058782 0.060569 0.060267 0.059764 0.055591 0.047747 0.038893 0.028696 0.013797
109 0.037822 0.041279 0.043354 0.046667 0.050909 0.055423 0.06021 0.064255 0.060624 0.056992 0.056109 0.057975 0.059841 0.060138 0.060283 0.056456 0.048656 0.03978 0.029469 0.013756
110 0.037425 0.041063 0.043362 0.046511 0.0503 0.05475 0.059862 0.064167 0.060132 0.056097 0.055282 0.057687 0.060092 0.060583 0.060889 0.057188 0.049479 0.040636 0.030283 0.014212
111 0.03691 0.040726 0.043237 0.046232 0.04959 0.054139 0.059879 0.064708 0.060122 0.055537 0.054539 0.05713 0.05972 0.06081 0.061754 0.058199 0.050143 0.041183 0.031019 0.014425
112 0.036295 0.040209 0.043153 0.046223 0.049387 0.053977 0.059992 0.065055 0.060274 0.055494 0.054408 0.057017 0.059626 0.060917 0.062081 0.058403 0.049882 0.040962 0.031512 0.015133
113 0.036124 0.03996 0.043175 0.046149 0.048944 0.053586 0.060077 0.065559 0.060607 0.055654 0.054393 0.056824 0.059254 0.060861 0.062388 0.058666 0.049695 0.040708 0.0317 0.015678
114 0.036033 0.040755 0.044183 0.046693 0.048512 0.052999 0.060155 0.066169 0.060381 0.054592 0.053189 0.05617 0.059151 0.060865 0.062455 0.058782 0.049844 0.040914 0.031993 0.016164
115 0.03598 0.041351 0.044842 0.04712 0.048485 0.052764 0.059956 0.065946 0.05951 0.053074 0.051711 0.055422 0.059132 0.060906 0.062492 0.059052 0.050586 0.041837 0.032711 0.017124
