1 0 0 0 0 0 0 0 0 0 0 0 0 0 0 0 0 0 0 0 0
2 0 0 0 0 0 0 0 0 0 0 0 0 0 0 0 0 0 0 0 0
3 0 0 0 0 0 0 0 0 0 0 0 0 0 0 0 0 0 0 0 0
4 0 0 0 0 0 0 0 0 0 0 0 0 0 0 0 0 0 0 0 0
5 0 0 0 0 0 0 0 0 0 0 0 0 0 0 0 0 0 0 0 0
6 0 0 0 0 0 0 0 0 0 0 0 0 0 0 0 0 0 0 0 0
7 0 0 0 0 0 0 0 0 0 0 0 0 0 0 0 0 0 0 0 0
8 0 0 0 0 0 0 0 0 0 0 0 0 0 0 0 0 0 0 0 0
9 0 0 0 0 0 0 0 0 0 0 0 0 0 0 0 0 0 0 0 0
10 0 0 0 0 0 0 0 0 0 0 0 0 0 0 0 0 0 0 0 0
11 0 0 0 0 0 0 0 0 0 0 0 0 0 0 0 0 0 0 0 0
12 0 0 0 0 0 0 0 0 0 0 0 0 0 0 0 0 0 0 0 0
13 0 0 0 0 0 0 0 0 0 0 0 0 0 0 0 0 0 0 0 0
14 0 0 0 0 0 0 0 0 0 0 0 0 0 0 0 0 0 0 0 0
15 0 0 0 0 0 0 0 0 0 0 0 0 0 0 0 0 0 0 0 0
16 0 0 0 0 0 0 0 0 0 0 0 0 0 0 0 0 0 0 0 0
17 0 0 0 0 0 0 0 0 0 0 0 0 0 0 0 0 0 0 0 0
18 0 0 0 0 0 0 0 0 0 0 0 0 0 0 0 0 0 0 0 0
19 0 0 0 0 0 0 0 0 0 0 0 0 0 0 0 0 0 0 0 0
20 0 0 0 0 0 0 0 0 0 0 0 0 0 0 0 0 0 0 0 0
21 0 0 0 0 0 0 0 0 0 0 0 0 0 0 0 0 0 0 0 0
22 0 0 0 0 0 0 0 0 0 0 0 0 0 0 0 0 0 0 0 0
23 0 0 0 0 0 0 0 0 0 0 0 0 0 0 0 0 0 0 0 0
24 0 0 0 0 0 0 0 0 0 0 0 0 0 0 0 0 0 0 0 0
25 0.043213 0.046467 0.05344 0.055087 0.052734 0.053418 0.05714 0.060197 0.056397 0.052596 0.0524 0.05581 0.05922 0.055453 0.050991 0.04581 0.03991 0.036629 0.036835 0.036254
26 0.04682 0.05415 0.058645 0.060423 0.060162 0.060114 0.060279 0.060046 0.055685 0.051325 0.050027 0.051791 0.053554 0.050367 0.046702 0.04215 0.036711 0.033724 0.034001 0.033323
27 0.059899 0.066007 0.067353 0.067169 0.065835 0.063452 0.060019 0.056664 0.054108 0.051552 0.049107 0.046772 0.044437 0.04217 0.03991 0.03753 0.035031 0.032661 0.030464 0.029859
28 0.068015 0.070594 0.069351 0.067042 0.063933 0.06097 0.058153 0.055389 0.053176 0.050964 0.048618 0.046139 0.043659 0.041412 0.039188 0.037042 0.034974 0.032657 0.030009 0.028717
29 0.072052 0.072899 0.070083 0.066895 0.063428 0.060437 0.057921 0.055407 0.052911 0.050415 0.048017 0.045716 0.043416 0.041168 0.038925 0.03666 0.034374 0.032045 0.029659 0.027573
30 0.073157 0.073622 0.070136 0.067051 0.064267 0.061525 0.058824 0.056127 0.053461 0.050796 0.048209 0.0457 0.043192 0.040702 0.038214 0.035784 0.033413 0.031007 0.028555 0.026258
31 0.07561 0.074235 0.070652 0.06747 0.064589 0.061808 0.059128 0.056447 0.053748 0.051048 0.048363 0.045691 0.04302 0.040372 0.037726 0.035093 0.032473 0.029916 0.027444 0.025166
32 0.07733 0.074444 0.071447 0.068444 0.065438 0.062484 0.059582 0.05669 0.053904 0.051119 0.048325 0.045524 0.042722 0.039897 0.037069 0.034329 0.031676 0.02906 0.026493 0.024026
33 0.078193 0.075267 0.072218 0.069206 0.066221 0.063221 0.060206 0.057191 0.054169 0.051147 0.048181 0.045273 0.042364 0.039433 0.0365 0.033649 0.030882 0.028169 0.025529 0.022982
34 0.079254 0.076072 0.072996 0.069895 0.066775 0.063674 0.060591 0.057504 0.054389 0.051274 0.048175 0.045092 0.042008 0.039019 0.036039 0.033109 0.030229 0.027384 0.024585 0.021935
35 0.080206 0.076988 0.073788 0.070575 0.067352 0.064124 0.06089 0.057662 0.054496 0.05133 0.048153 0.044966 0.04178 0.038689 0.035609 0.032564 0.029557 0.026603 0.023719 0.020951
36 0.080995 0.077702 0.07442 0.071126 0.067824 0.064532 0.06125 0.057967 0.054687 0.051407 0.048128 0.04485 0.041572 0.038392 0.035221 0.032082 0.028976 0.025911 0.022902 0.020056
37 0.081647 0.078285 0.074917 0.071562 0.068216 0.064867 0.061514 0.058163 0.054823 0.051484 0.048154 0.044832 0.04151 0.038222 0.034937 0.031679 0.028448 0.02528 0.022197 0.019261
38 0.082266 0.078828 0.075422 0.072014 0.068604 0.065205 0.061816 0.058424 0.054997 0.051569 0.048163 0.044779 0.041395 0.038012 0.03463 0.031277 0.027954 0.024688 0.021497 0.018461
39 0.085789 0.082904 0.079391 0.07581 0.072178 0.06867 0.065284 0.061867 0.058119 0.05437 0.047474 0.03743 0.027386 0.029154 0.032065 0.031708 0.028085 0.024445 0.020783 0.017088
40 0.086479 0.083199 0.079648 0.076226 0.072901 0.069422 0.065788 0.062133 0.058255 0.054377 0.047231 0.036816 0.026402 0.02855 0.031914 0.031706 0.027927 0.024137 0.020335 0.016557
41 0.086466 0.083354 0.079768 0.076215 0.072687 0.069203 0.065764 0.062294 0.058513 0.054732 0.047642 0.037244 0.026846 0.02878 0.031906 0.031521 0.027625 0.023711 0.019773 0.015955
42 0.086125 0.082757 0.079375 0.076003 0.072639 0.069207 0.065708 0.062197 0.058569 0.054941 0.048126 0.038123 0.028121 0.029535 0.032053 0.031301 0.027279 0.023273 0.019286 0.015384
43 0.085901 0.082516 0.079215 0.075835 0.072395 0.068958 0.065526 0.062078 0.058477 0.054875 0.048356 0.03892 0.029484 0.030353 0.032218 0.031111 0.027032 0.022972 0.018937 0.014842
44 0.085479 0.082126 0.078999 0.075771 0.072467 0.069058 0.065546 0.062024 0.058408 0.054791 0.048513 0.039572 0.030631 0.03102 0.032312 0.030905 0.026801 0.022683 0.018544 0.014349
45 0.085092 0.081978 0.078868 0.075615 0.072253 0.068864 0.065448 0.062013 0.05839 0.054767 0.04874 0.040309 0.031878 0.031732 0.032389 0.030659 0.026542 0.022382 0.018163 0.013919
46 0.08476 0.081992 0.078626 0.075326 0.072076 0.068745 0.065335 0.061907 0.05831 0.054712 0.048935 0.040978 0.033022 0.032439 0.032569 0.030535 0.026335 0.022096 0.017804 0.0135
47 0.084373 0.081597 0.078369 0.075203 0.072083 0.06879 0.065324 0.061843 0.058214 0.054584 0.049027 0.041543 0.034058 0.033105 0.032784 0.03048 0.026194 0.021868 0.017488 0.013072
48 0.083871 0.081227 0.078135 0.075009 0.071858 0.068617 0.065288 0.061929 0.058262 0.054595 0.049208 0.0421 0.034993 0.0337 0.03297 0.030438 0.026103 0.021709 0.017237 0.01275
49 0.083541 0.080954 0.077904 0.074812 0.071689 0.068484 0.065198 0.061879 0.058225 0.054571 0.049375 0.042635 0.035896 0.034292 0.033186 0.030423 0.026004 0.021523 0.016959 0.012451
50 0.083004 0.080451 0.077589 0.074591 0.071491 0.068333 0.065116 0.061865 0.058252 0.054639 0.049633 0.043235 0.036837 0.034895 0.033383 0.030399 0.025941 0.021403 0.016757 0.012186
51 0.082509 0.079826 0.077218 0.074354 0.0713 0.068207 0.065075 0.061904 0.058327 0.054749 0.049913 0.043818 0.037723 0.035469 0.033586 0.030381 0.025854 0.021266 0.016595 0.011928
52 0.081997 0.079391 0.076747 0.073981 0.071124 0.068126 0.064987 0.061818 0.058339 0.054859 0.050218 0.044414 0.038611 0.036065 0.033834 0.030419 0.02582 0.021165 0.016435 0.01165
53 0.081412 0.078997 0.076414 0.073714 0.070927 0.067978 0.064867 0.06173 0.058322 0.054914 0.05046 0.044961 0.039462 0.036656 0.034112 0.030506 0.02584 0.021101 0.016267 0.01136
54 0.080796 0.078526 0.076055 0.073448 0.070737 0.067859 0.064812 0.061735 0.058345 0.054955 0.050655 0.045444 0.040233 0.037191 0.034359 0.030592 0.025889 0.021082 0.016137 0.01115
55 0.080256 0.078086 0.075696 0.073158 0.070507 0.067698 0.06473 0.061725 0.058344 0.054963 0.050824 0.045927 0.04103 0.037745 0.034616 0.030682 0.025944 0.021081 0.01605 0.010941
56 0.079702 0.077579 0.075297 0.07283 0.070225 0.067499 0.064652 0.06176 0.058406 0.055052 0.051054 0.04641 0.041767 0.038273 0.034889 0.0308 0.026004 0.02107 0.015952 0.010777
57 0.079033 0.077028 0.074846 0.072496 0.070019 0.067375 0.064563 0.061711 0.058444 0.055177 0.051339 0.046929 0.042519 0.038797 0.035141 0.030902 0.026079 0.02109 0.015881 0.010633
58 0.078365 0.076474 0.07438 0.072132 0.069768 0.067224 0.0645 0.061732 0.058501 0.055271 0.051573 0.047409 0.043244 0.039318 0.035416 0.031035 0.026176 0.021143 0.015876 0.010463
59 0.077738 0.075922 0.073947 0.071822 0.069584 0.067114 0.064412 0.06167 0.058518 0.055367 0.051815 0.047865 0.043914 0.039827 0.035726 0.031206 0.026265 0.02116 0.015835 0.010296
60 0.077124 0.075354 0.073502 0.071449 0.069243 0.066853 0.064279 0.061658 0.058565 0.055471 0.052062 0.048339 0.044616 0.040363 0.036058 0.031417 0.026439 0.021257 0.015803 0.010148
61 0.076411 0.074763 0.072997 0.071055 0.06898 0.066695 0.064199 0.061656 0.058634 0.055611 0.052339 0.048818 0.045297 0.040874 0.036365 0.031597 0.026571 0.021326 0.01579 0.010024
62 0.075794 0.074189 0.072547 0.070708 0.068722 0.06652 0.064103 0.061636 0.058658 0.055679 0.052536 0.049227 0.045919 0.041359 0.036678 0.031805 0.026739 0.021434 0.015811 0.0099356
63 0.075059 0.073567 0.0721 0.070364 0.068426 0.066299 0.063982 0.061613 0.058706 0.055799 0.052792 0.049685 0.046579 0.041859 0.036983 0.032003 0.02692 0.021563 0.015844 0.0098567
64 0.074331 0.073074 0.071671 0.06998 0.068073 0.066033 0.063859 0.061625 0.058769 0.055913 0.053029 0.050117 0.047206 0.04235 0.037306 0.032222 0.027099 0.021691 0.015902 0.0097519
65 0.073666 0.072509 0.071184 0.069574 0.067749 0.0658 0.063727 0.061593 0.058822 0.056051 0.05329 0.050537 0.047784 0.042825 0.037653 0.032471 0.027279 0.021815 0.015987 0.0096841
66 0.072949 0.071702 0.070578 0.069137 0.067457 0.06563 0.063657 0.06162 0.058927 0.056233 0.053587 0.050987 0.048387 0.043321 0.038016 0.032737 0.027483 0.021945 0.016026 0.0096212
67 0.072011 0.071 0.070061 0.068762 0.067192 0.06546 0.063566 0.061609 0.059004 0.056399 0.053869 0.051415 0.04896 0.043813 0.038405 0.033041 0.027721 0.022098 0.016073 0.0095424
68 0.071295 0.070352 0.069524 0.068364 0.066955 0.065326 0.063478 0.061569 0.059038 0.056506 0.054094 0.051804 0.049514 0.044277 0.038755 0.033311 0.027946 0.022256 0.016133 0.0095013
69 0.070291 0.069797 0.068985 0.067895 0.066594 0.06506 0.063293 0.061468 0.059042 0.056616 0.054355 0.05226 0.050165 0.044827 0.039176 0.033656 0.028266 0.022507 0.016255 0.0094937
70 0.069512 0.06917 0.068476 0.067473 0.066238 0.064815 0.063202 0.06152 0.059115 0.05671 0.054546 0.052623 0.0507 0.045292 0.039547 0.033959 0.028526 0.022703 0.016362 0.0095084
71 0.068619 0.068544 0.067897 0.06701 0.065941 0.064649 0.063132 0.06154 0.059166 0.056793 0.054729 0.052977 0.051225 0.045766 0.039949 0.034301 0.028823 0.022928 0.016477 0.0095337
72 0.06776 0.067601 0.067334 0.066669 0.065705 0.064507 0.063075 0.061563 0.059227 0.05689 0.054923 0.053327 0.05173 0.046225 0.040343 0.034654 0.029159 0.023193 0.016603 0.0095109
73 0.066976 0.066905 0.066701 0.066153 0.065346 0.064294 0.062995 0.061612 0.059346 0.05708 0.055198 0.0537 0.052202 0.04665 0.040706 0.034982 0.029477 0.023456 0.016749 0.0094703
74 0.066319 0.066393 0.066167 0.065697 0.065043 0.064104 0.062881 0.061573 0.059377 0.057181 0.055394 0.054017 0.052641 0.047054 0.04106 0.035303 0.029783 0.023709 0.016897 0.0094076
75 0.065514 0.065874 0.065614 0.065201 0.064673 0.063842 0.062708 0.061491 0.059423 0.057354 0.055684 0.054413 0.053141 0.047511 0.041458 0.035652 0.030091 0.023954 0.017051 0.0093515
76 0.064906 0.065355 0.065057 0.06468 0.064242 0.063537 0.062566 0.061502 0.059474 0.057445 0.055871 0.054751 0.053631 0.047941 0.041809 0.035957 0.030386 0.024206 0.017218 0.0094676
77 0.064219 0.064769 0.064458 0.064165 0.063886 0.063255 0.062274 0.061219 0.059393 0.057568 0.056147 0.055131 0.054114 0.048435 0.042305 0.036422 0.030787 0.024521 0.017416 0.0095147
78 0.063407 0.064266 0.063842 0.063631 0.06358 0.063049 0.062039 0.060973 0.05933 0.057686 0.056411 0.055505 0.054599 0.048909 0.042756 0.036848 0.031186 0.024846 0.017604 0.00953
79 0.062532 0.063785 0.063261 0.063093 0.063194 0.062763 0.061801 0.060791 0.059295 0.0578 0.05665 0.055847 0.055043 0.049402 0.043293 0.037357 0.031593 0.025141 0.017774 0.0095857
80 0.061923 0.062955 0.06243 0.062366 0.062648 0.062439 0.061738 0.06097 0.059501 0.058032 0.056928 0.056189 0.05545 0.049854 0.043788 0.03783 0.03198 0.025428 0.01794 0.0096111
81 0.061051 0.061872 0.061492 0.061608 0.062098 0.062153 0.061773 0.061293 0.059786 0.058278 0.057207 0.056573 0.055939 0.050354 0.04429 0.038315 0.032429 0.025784 0.018128 0.0095767
82 0.060254 0.060884 0.060906 0.061078 0.061364 0.061523 0.061555 0.061457 0.060018 0.05858 0.057585 0.057035 0.056485 0.050868 0.044761 0.038754 0.032844 0.026131 0.018347 0.0095702
83 0.059052 0.059826 0.060334 0.060736 0.061057 0.06129 0.061433 0.061452 0.060189 0.058926 0.057999 0.05741 0.05682 0.051241 0.04518 0.039173 0.033221 0.026446 0.018575 0.00964
84 0.058266 0.05925 0.059819 0.060282 0.060667 0.060974 0.061204 0.061317 0.060225 0.059132 0.058299 0.057727 0.057154 0.051627 0.04562 0.039607 0.033589 0.026742 0.018795 0.0097025
85 0.057508 0.058575 0.059409 0.060009 0.060432 0.060754 0.060974 0.061093 0.060162 0.059231 0.058511 0.058001 0.057491 0.052015 0.046058 0.040038 0.033953 0.02703 0.018988 0.0097688
86 0.056843 0.057841 0.058923 0.059671 0.060167 0.060535 0.060775 0.060922 0.060104 0.059286 0.058658 0.058222 0.057785 0.0524 0.046537 0.040533 0.03439 0.027371 0.019187 0.0098494
87 0.056015 0.057334 0.058539 0.059341 0.059842 0.060211 0.060448 0.060608 0.059978 0.059349 0.058882 0.058578 0.058274 0.052835 0.046899 0.040905 0.034854 0.027798 0.019407 0.0099031
88 0.055301 0.056459 0.057923 0.058879 0.059453 0.059862 0.060105 0.060284 0.059798 0.059312 0.059035 0.058966 0.058897 0.053449 0.047482 0.041463 0.035394 0.028252 0.019681 0.010002
89 0.054263 0.055514 0.057034 0.058196 0.05909 0.059653 0.059885 0.060066 0.059716 0.059366 0.059242 0.059342 0.059443 0.054064 0.048155 0.04212 0.035959 0.028729 0.020073 0.01009
90 0.053143 0.054697 0.056022 0.057286 0.058503 0.059323 0.059744 0.060105 0.059831 0.059558 0.05958 0.059899 0.060217 0.054711 0.048642 0.042547 0.036427 0.029185 0.020447 0.010133
91 0.05232 0.053721 0.05523 0.056623 0.057926 0.058883 0.059491 0.060041 0.059985 0.059928 0.060031 0.060292 0.060554 0.055152 0.049202 0.043143 0.036974 0.029629 0.020719 0.010156
92 0.051732 0.053141 0.054721 0.056142 0.057444 0.058469 0.059217 0.059913 0.060062 0.06021 0.060398 0.060625 0.060853 0.055537 0.049685 0.043597 0.037271 0.029843 0.020946 0.010194
93 0.051117 0.052891 0.054351 0.055692 0.056944 0.058065 0.059055 0.05997 0.060102 0.060234 0.060469 0.060806 0.061144 0.055846 0.050003 0.043938 0.037649 0.030208 0.021235 0.010281
94 0.050371 0.052406 0.053772 0.055145 0.056524 0.057757 0.058842 0.05985 0.060057 0.060265 0.060593 0.061041 0.061489 0.056222 0.050401 0.044402 0.038225 0.030749 0.021544 0.010344
95 0.049409 0.051754 0.053 0.054481 0.056137 0.057521 0.058634 0.059687 0.060119 0.060551 0.060922 0.061231 0.061541 0.056513 0.050969 0.045083 0.038856 0.031251 0.021812 0.010528
96 0.048583 0.050898 0.051989 0.053523 0.05539 0.057049 0.058501 0.059867 0.060346 0.060825 0.061209 0.061498 0.061787 0.056983 0.051685 0.045873 0.039546 0.031785 0.022113 0.01055
97 0.047711 0.04995 0.051319 0.052932 0.054728 0.056555 0.058412 0.060136 0.060483 0.06083 0.061184 0.061546 0.061907 0.057414 0.05245 0.046716 0.040211 0.032324 0.022597 0.010593
98 0.046822 0.049258 0.050919 0.052505 0.054034 0.055959 0.058279 0.060398 0.060443 0.060487 0.06083 0.06147 0.06211 0.057935 0.053295 0.047632 0.040946 0.032887 0.023 0.010792
99 0.045814 0.048547 0.050514 0.052157 0.053558 0.055536 0.058091 0.060418 0.060381 0.060344 0.060699 0.061445 0.06219 0.058336 0.054036 0.048405 0.041441 0.033316 0.023646 0.011126
100 0.044951 0.047497 0.04998 0.051832 0.053212 0.055286 0.058054 0.060569 0.060472 0.060376 0.060682 0.061391 0.062101 0.058568 0.054624 0.049063 0.041885 0.033756 0.024363 0.011338
101 0.043802 0.046673 0.04919 0.051183 0.052782 0.055094 0.058122 0.060855 0.060544 0.060232 0.06046 0.061227 0.061993 0.058846 0.055319 0.049953 0.042745 0.034503 0.024884 0.011593
102 0.042433 0.045667 0.048073 0.050392 0.052644 0.055211 0.058093 0.060695 0.060395 0.060095 0.06032 0.061069 0.061818 0.059204 0.056264 0.0511 0.043712 0.035281 0.025463 0.012073
103 0.041747 0.044629 0.047101 0.049683 0.052348 0.055219 0.058298 0.061057 0.060524 0.05999 0.060074 0.060777 0.061479 0.059361 0.05697 0.052013 0.044489 0.035961 0.026096 0.012184
104 0.041075 0.044242 0.046782 0.04944 0.052187 0.0553 0.058779 0.061832 0.06047 0.059108 0.058999 0.060144 0.061288 0.059495 0.057419 0.052628 0.045122 0.036602 0.026733 0.012355
105 0.040492 0.043829 0.046371 0.049146 0.052097 0.055334 0.058856 0.061923 0.06027 0.058617 0.058428 0.059705 0.060981 0.059556 0.057871 0.053273 0.045762 0.037259 0.027436 0.012796
106 0.040239 0.043556 0.045936 0.048792 0.052006 0.055325 0.058749 0.061717 0.059965 0.058213 0.058039 0.059445 0.06085 0.059688 0.058276 0.053813 0.046298 0.037795 0.027979 0.013318
107 0.039829 0.043266 0.045208 0.048104 0.051715 0.055379 0.059096 0.062287 0.060034 0.057781 0.057497 0.059183 0.060869 0.060038 0.058964 0.054494 0.046628 0.037969 0.028256 0.013404
108 0.038773 0.042275 0.044279 0.047418 0.051411 0.055395 0.059372 0.062768 0.060151 0.057535 0.057134 0.058949 0.060763 0.060305 0.059627 0.055369 0.047531 0.038703 0.028557 0.013684
109 0.03788 0.041283 0.043416 0.046758 0.051007 0.055475 0.060161 0.06413 0.06068 0.05723 0.056399 0.058186 0.059973 0.06014 0.06015 0.056232 0.048386 0.039502 0.029234 0.013779
110 0.037568 0.041148 0.043402 0.046613 0.050542 0.054989 0.059954 0.064136 0.060236 0.056335 0.055523 0.0578 0.060077 0.060432 0.060601 0.056867 0.049229 0.040426 0.03007 0.014051
111 0.037093 0.04085 0.043252 0.046256 0.049714 0.054249 0.05986 0.064582 0.060111 0.055639 0.0547 0.057295 0.059889 0.060797 0.061542 0.057934 0.049973 0.04104 0.030814 0.014409
112 0.036556 0.040448 0.043267 0.04626 0.049384 0.053962 0.059995 0.065065 0.060184 0.055303 0.054211 0.056907 0.059604 0.060903 0.062066 0.058453 0.050063 0.041117 0.031432 0.014822
113 0.036094 0.039981 0.042976 0.046001 0.049049 0.05373 0.060042 0.065379 0.060634 0.055889 0.054672 0.056982 0.059293 0.060808 0.062246 0.05854 0.049689 0.040727 0.031616 0.015655
114 0.036123 0.04048 0.0439 0.046548 0.048616 0.053151 0.060153 0.066044 0.06046 0.054876 0.053505 0.056348 0.05919 0.060896 0.062493 0.058796 0.049805 0.040846 0.031929 0.01584
115 0.035879 0.041252 0.044719 0.047066 0.048571 0.052921 0.060116 0.066121 0.059835 0.053548 0.052124 0.055562 0.059 0.06082 0.062485 0.058964 0.050258 0.0414 0.032337 0.017022
