1 0 0 0 0 0 0 0 0 0 0 0 0 0 0 0 0 0 0 0 0
2 0 0 0 0 0 0 0 0 0 0 0 0 0 0 0 0 0 0 0 0
3 0 0 0 0 0 0 0 0 0 0 0 0 0 0 0 0 0 0 0 0
4 0 0 0 0 0 0 0 0 0 0 0 0 0 0 0 0 0 0 0 0
5 0 0 0 0 0 0 0 0 0 0 0 0 0 0 0 0 0 0 0 0
6 0 0 0 0 0 0 0 0 0 0 0 0 0 0 0 0 0 0 0 0
7 0 0 0 0 0 0 0 0 0 0 0 0 0 0 0 0 0 0 0 0
8 0 0 0 0 0 0 0 0 0 0 0 0 0 0 0 0 0 0 0 0
9 0 0 0 0 0 0 0 0 0 0 0 0 0 0 0 0 0 0 0 0
10 0 0 0 0 0 0 0 0 0 0 0 0 0 0 0 0 0 0 0 0
11 0 0 0 0 0 0 0 0 0 0 0 0 0 0 0 0 0 0 0 0
12 0 0 0 0 0 0 0 0 0 0 0 0 0 0 0 0 0 0 0 0
13 0 0 0 0 0 0 0 0 0 0 0 0 0 0 0 0 0 0 0 0
14 0 0 0 0 0 0 0 0 0 0 0 0 0 0 0 0 0 0 0 0
15 0 0 0 0 0 0 0 0 0 0 0 0 0 0 0 0 0 0 0 0
16 0 0 0 0 0 0 0 0 0 0 0 0 0 0 0 0 0 0 0 0
17 0 0 0 0 0 0 0 0 0 0 0 0 0 0 0 0 0 0 0 0
18 0 0 0 0 0 0 0 0 0 0 0 0 0 0 0 0 0 0 0 0
19 0 0 0 0 0 0 0 0 0 0 0 0 0 0 0 0 0 0 0 0
20 0 0 0 0 0 0 0 0 0 0 0 0 0 0 0 0 0 0 0 0
21 0 0 0 0 0 0 0 0 0 0 0 0 0 0 0 0 0 0 0 0
22 0 0 0 0 0 0 0 0 0 0 0 0 0 0 0 0 0 0 0 0
23 0 0 0 0 0 0 0 0 0 0 0 0 0 0 0 0 0 0 0 0
24 0 0 0 0 0 0 0 0 0 0 0 0 0 0 0 0 0 0 0 0
25 0 0 0 0 0 0 0 0 0 0 0 0 0 0 0 0 0 0 0 0
26 0.042857 0.046128 0.053099 0.054781 0.05249 0.053225 0.056985 0.060084 0.056337 0.05259 0.052449 0.055914 0.05938 0.055646 0.051216 0.046053 0.040157 0.036893 0.037134 0.036582
27 0.042898 0.047882 0.05348 0.055075 0.053663 0.054858 0.058662 0.061732 0.057226 0.05272 0.052009 0.055093 0.058176 0.054491 0.05015 0.045053 0.039198 0.035939 0.036135 0.03556
28 0.058543 0.06547 0.066834 0.066623 0.065227 0.06296 0.059822 0.056733 0.054155 0.051578 0.049363 0.047511 0.04566 0.043126 0.040526 0.037692 0.034624 0.032233 0.030742 0.030577
29 0.06638 0.069077 0.06869 0.067211 0.064913 0.06208 0.058713 0.055444 0.053191 0.050939 0.048645 0.046311 0.043977 0.041644 0.039312 0.037099 0.035005 0.032599 0.029777 0.028992
30 0.070309 0.071826 0.069813 0.066929 0.063391 0.060433 0.058057 0.055667 0.053138 0.050608 0.048205 0.045928 0.04365 0.041376 0.039103 0.036845 0.034603 0.032336 0.030036 0.027747
31 0.073259 0.073814 0.069786 0.066549 0.063909 0.061234 0.058526 0.055831 0.053275 0.050718 0.048202 0.045725 0.043248 0.040865 0.038492 0.036106 0.033708 0.031291 0.02885 0.026611
32 0.074734 0.073993 0.070451 0.067313 0.064478 0.061713 0.059018 0.056328 0.053689 0.051049 0.048415 0.045785 0.043155 0.040524 0.037893 0.035289 0.03271 0.030199 0.027779 0.025485
33 0.077021 0.074046 0.071134 0.068212 0.065284 0.062366 0.059458 0.056566 0.053847 0.051127 0.048381 0.045609 0.042837 0.040049 0.037258 0.034534 0.031874 0.029282 0.02678 0.024335
34 0.078006 0.07505 0.072046 0.069034 0.066015 0.063014 0.060031 0.05705 0.05409 0.051129 0.048216 0.045351 0.042486 0.039559 0.036626 0.033805 0.031095 0.028408 0.02575 0.023241
35 0.079001 0.075852 0.072806 0.069743 0.066667 0.063591 0.060516 0.057439 0.054337 0.051235 0.048162 0.04512 0.042077 0.03911 0.03615 0.033245 0.030394 0.027575 0.024799 0.022184
36 0.079964 0.076782 0.073617 0.070427 0.06722 0.064028 0.06085 0.057673 0.054499 0.051326 0.048149 0.04497 0.041791 0.038731 0.035683 0.032681 0.029725 0.026799 0.023913 0.021172
37 0.08072 0.077508 0.074222 0.070964 0.067728 0.064459 0.061156 0.057859 0.054618 0.051377 0.048133 0.044887 0.041642 0.038495 0.035357 0.032236 0.02913 0.026088 0.023131 0.02029
38 0.081472 0.078129 0.074791 0.071455 0.068119 0.064783 0.061446 0.058111 0.054788 0.051466 0.048151 0.044844 0.041537 0.038276 0.035019 0.031784 0.028572 0.025426 0.022368 0.019461
39 0.085452 0.082604 0.078688 0.074908 0.071229 0.067794 0.064604 0.061368 0.057651 0.053934 0.047464 0.038243 0.029021 0.030236 0.032459 0.031865 0.028453 0.02496 0.021359 0.017707
40 0.085619 0.082868 0.079278 0.075674 0.072059 0.068561 0.065179 0.061765 0.058024 0.054283 0.047465 0.037571 0.027676 0.029342 0.032126 0.031728 0.028147 0.024536 0.020882 0.017218
41 0.08634 0.083044 0.07966 0.076216 0.072726 0.069203 0.065647 0.062065 0.058212 0.054359 0.047272 0.036952 0.026632 0.028689 0.031943 0.031702 0.027964 0.024215 0.020452 0.016707
42 0.086475 0.083336 0.079824 0.076335 0.072863 0.069365 0.065842 0.06229 0.058435 0.05458 0.047428 0.036979 0.02653 0.02861 0.031902 0.031607 0.027726 0.023834 0.01993 0.016109
43 0.08626 0.08284 0.079417 0.076016 0.072633 0.069213 0.065756 0.062281 0.058617 0.054954 0.048053 0.037914 0.027774 0.029314 0.031983 0.031328 0.027347 0.023366 0.019385 0.015549
44 0.085934 0.082576 0.079273 0.075911 0.072503 0.069046 0.06554 0.062026 0.058439 0.054852 0.048279 0.03872 0.029161 0.030169 0.0322 0.031179 0.027106 0.023059 0.019046 0.014982
45 0.085529 0.08198 0.078974 0.075817 0.072545 0.069133 0.065582 0.062027 0.05843 0.054833 0.048502 0.039437 0.030371 0.030869 0.032291 0.030953 0.026855 0.022754 0.018648 0.01447
46 0.085191 0.081964 0.078785 0.075554 0.072284 0.068931 0.065494 0.062041 0.058418 0.054795 0.048708 0.040156 0.031605 0.031578 0.032375 0.030722 0.02662 0.022476 0.018276 0.014026
47 0.084876 0.082051 0.078676 0.075367 0.072108 0.068769 0.06535 0.061916 0.058324 0.054732 0.048893 0.040808 0.032723 0.032253 0.032521 0.030567 0.026392 0.022173 0.017896 0.013603
48 0.08454 0.081643 0.0784 0.075207 0.072053 0.068759 0.065324 0.061873 0.058245 0.054617 0.049008 0.041421 0.033833 0.032962 0.03274 0.030495 0.026226 0.021919 0.01756 0.013177
49 0.083951 0.081292 0.078204 0.075079 0.071926 0.06867 0.065309 0.061922 0.05826 0.054598 0.049164 0.041957 0.03475 0.033543 0.032915 0.030446 0.026135 0.02176 0.017297 0.012822
50 0.083641 0.081019 0.077965 0.074881 0.071774 0.06856 0.06524 0.061888 0.058216 0.054543 0.0493 0.042485 0.03567 0.034141 0.033123 0.030416 0.026022 0.021565 0.017024 0.012528
51 0.083136 0.080588 0.07765 0.074625 0.071534 0.068368 0.065127 0.061853 0.058243 0.054633 0.049587 0.043106 0.036625 0.034756 0.033334 0.030399 0.025951 0.021428 0.016803 0.012252
52 0.082653 0.079962 0.077346 0.074448 0.071339 0.068219 0.065089 0.061917 0.058314 0.054711 0.049826 0.043659 0.037492 0.035317 0.033529 0.03038 0.025871 0.021296 0.016633 0.012003
53 0.082144 0.0795 0.076844 0.074056 0.071168 0.068159 0.065029 0.061864 0.058343 0.054822 0.050125 0.044254 0.038383 0.03591 0.033767 0.030404 0.025823 0.021189 0.016483 0.011733
54 0.081578 0.079122 0.076518 0.073792 0.070975 0.068005 0.064883 0.061733 0.058306 0.054879 0.050387 0.04483 0.039274 0.036523 0.034043 0.030478 0.025828 0.021113 0.016309 0.011423
55 0.080958 0.078628 0.076118 0.073492 0.070777 0.067895 0.064845 0.061764 0.058355 0.054945 0.050598 0.045315 0.040031 0.037058 0.034308 0.030582 0.02588 0.021084 0.016164 0.011202
56 0.080386 0.078155 0.075746 0.073213 0.070585 0.067768 0.064762 0.061723 0.05834 0.054957 0.050782 0.045814 0.040847 0.037615 0.034551 0.030657 0.025934 0.021089 0.016082 0.010992
57 0.07981 0.077681 0.075377 0.072902 0.070298 0.067553 0.064666 0.061738 0.058379 0.055019 0.050992 0.046296 0.0416 0.038164 0.03485 0.030797 0.026004 0.021079 0.015978 0.010816
58 0.079179 0.077155 0.074954 0.072583 0.070085 0.067416 0.064577 0.061701 0.058429 0.055158 0.051285 0.04681 0.042336 0.038668 0.035079 0.030876 0.026061 0.021085 0.015895 0.010667
59 0.078515 0.076602 0.074503 0.072227 0.069819 0.067241 0.064494 0.061705 0.05848 0.055255 0.051532 0.047312 0.043092 0.039202 0.035345 0.030996 0.026157 0.021137 0.015874 0.010508
60 0.077889 0.076081 0.074074 0.071906 0.069617 0.067124 0.064426 0.061687 0.058518 0.055349 0.051762 0.047757 0.043752 0.039699 0.035642 0.031154 0.026235 0.02115 0.015843 0.010336
61 0.077277 0.075506 0.073648 0.071571 0.069329 0.066906 0.064301 0.061651 0.058543 0.055435 0.051994 0.048223 0.044451 0.040232 0.03597 0.031355 0.026388 0.021227 0.015809 0.010185
62 0.076607 0.074926 0.073125 0.071148 0.069037 0.066728 0.064223 0.06167 0.05862 0.05557 0.05226 0.048692 0.045124 0.040745 0.036288 0.031552 0.026536 0.021306 0.015791 0.010052
63 0.075957 0.074333 0.072681 0.070819 0.0688 0.066574 0.06414 0.061656 0.058653 0.055651 0.052468 0.049107 0.045745 0.041224 0.036592 0.031747 0.026691 0.021402 0.015803 0.009956
64 0.075227 0.073718 0.0722 0.070443 0.068506 0.066365 0.064021 0.061625 0.058695 0.055765 0.052721 0.049563 0.046406 0.041733 0.036915 0.031963 0.026878 0.021532 0.01584 0.0098849
65 0.074519 0.073212 0.071791 0.070085 0.068163 0.066102 0.063902 0.061641 0.058762 0.055884 0.052962 0.049998 0.047034 0.042213 0.037212 0.032159 0.027053 0.021658 0.015878 0.0097737
66 0.073829 0.072708 0.071326 0.069675 0.067822 0.065848 0.063752 0.061595 0.0588 0.056006 0.053211 0.050418 0.047624 0.042699 0.037567 0.032413 0.027236 0.021788 0.01598 0.0097022
67 0.073138 0.071888 0.070741 0.069265 0.067542 0.065679 0.063676 0.061611 0.058901 0.056191 0.053514 0.050869 0.048225 0.043188 0.037919 0.032666 0.027427 0.021908 0.016015 0.0096361
68 0.07223 0.071181 0.070172 0.068835 0.067252 0.065505 0.063595 0.061621 0.058993 0.056365 0.053804 0.051308 0.048812 0.043689 0.038311 0.032971 0.027668 0.022065 0.016061 0.0095629
69 0.071541 0.070509 0.069692 0.068501 0.067029 0.065359 0.063492 0.061564 0.05902 0.056475 0.054034 0.051697 0.049361 0.044146 0.038653 0.03323 0.027875 0.022204 0.016112 0.0095055
70 0.070548 0.069942 0.06913 0.06803 0.066715 0.065147 0.063325 0.06145 0.059018 0.056587 0.054297 0.052147 0.049998 0.044685 0.039066 0.033566 0.028185 0.022443 0.016223 0.0094958
71 0.069704 0.069325 0.068615 0.067595 0.066344 0.06489 0.063232 0.061508 0.059094 0.056681 0.054492 0.052529 0.050566 0.045173 0.039448 0.033875 0.028454 0.022648 0.016332 0.0094962
72 0.068893 0.068743 0.068035 0.067103 0.066003 0.064685 0.063148 0.061537 0.059153 0.056769 0.054679 0.052884 0.051088 0.045641 0.039841 0.034207 0.028741 0.022866 0.016446 0.0095363
73 0.06798 0.067796 0.067494 0.066789 0.06578 0.064547 0.063088 0.06155 0.059201 0.056852 0.054863 0.053235 0.051608 0.046114 0.040247 0.034567 0.029073 0.023125 0.016571 0.0095215
74 0.067175 0.067048 0.066844 0.066274 0.065428 0.064348 0.063033 0.061631 0.059338 0.057045 0.055135 0.053608 0.052081 0.046541 0.040613 0.034897 0.029393 0.023384 0.016705 0.0094804
75 0.066451 0.066546 0.066322 0.065829 0.065135 0.064162 0.062911 0.061576 0.059365 0.057154 0.055344 0.053935 0.052526 0.046944 0.040959 0.035211 0.029702 0.023645 0.016861 0.0094234
76 0.065767 0.066 0.065758 0.065333 0.064771 0.063903 0.062731 0.061477 0.059387 0.057297 0.055604 0.054307 0.053011 0.047402 0.041376 0.035583 0.030024 0.023896 0.01701 0.0093653
77 0.065005 0.065506 0.06521 0.064822 0.064364 0.063632 0.062625 0.061526 0.059477 0.057429 0.055827 0.05467 0.053513 0.047823 0.041694 0.03585 0.030291 0.024131 0.017171 0.0094352
78 0.064467 0.064927 0.064585 0.064263 0.063955 0.06332 0.062358 0.061315 0.059426 0.057537 0.056071 0.05503 0.053989 0.048305 0.042173 0.036298 0.030679 0.024436 0.017361 0.0095041
79 0.063595 0.06439 0.064003 0.063769 0.063648 0.063102 0.06213 0.061093 0.05938 0.057667 0.05634 0.0554 0.05446 0.048772 0.042624 0.036725 0.031074 0.024755 0.017549 0.0095236
80 0.062816 0.063929 0.063444 0.063267 0.063322 0.062844 0.061834 0.060779 0.059263 0.057747 0.056577 0.055752 0.054928 0.049275 0.043155 0.037226 0.031487 0.025064 0.01773 0.0095627
81 0.062123 0.063189 0.062642 0.062549 0.062798 0.062533 0.061755 0.060916 0.05944 0.057964 0.056847 0.056091 0.055335 0.049729 0.043654 0.037703 0.031875 0.025349 0.017893 0.0096149
82 0.061292 0.062195 0.061733 0.061781 0.062212 0.062207 0.061766 0.061232 0.05973 0.058229 0.05714 0.056464 0.055788 0.05021 0.044158 0.038192 0.032314 0.025691 0.018078 0.0095867
83 0.060506 0.061116 0.061014 0.06119 0.061576 0.061724 0.061633 0.061422 0.059956 0.05849 0.057479 0.056921 0.056364 0.050747 0.04464 0.038635 0.032731 0.026033 0.018279 0.0095452
84 0.059385 0.060116 0.060502 0.060845 0.061154 0.061361 0.061464 0.061443 0.060138 0.058833 0.057888 0.057304 0.056721 0.05113 0.045054 0.03905 0.033118 0.026362 0.018512 0.0096199
85 0.058489 0.059431 0.059973 0.060401 0.060743 0.061032 0.061267 0.061381 0.060236 0.05909 0.058222 0.057631 0.05704 0.051507 0.045497 0.03949 0.033488 0.026661 0.018736 0.0096837
86 0.057684 0.058756 0.059533 0.060089 0.060477 0.06079 0.061026 0.061157 0.060187 0.059218 0.058471 0.057945 0.05742 0.051916 0.045931 0.039908 0.033849 0.026952 0.018939 0.0097524
87 0.057029 0.058048 0.05904 0.059757 0.060268 0.060629 0.060841 0.06096 0.060112 0.059265 0.058609 0.058146 0.057682 0.052294 0.046429 0.040419 0.034263 0.027259 0.019126 0.0098245
88 0.056273 0.057479 0.05866 0.059439 0.059916 0.06028 0.060531 0.0607 0.060018 0.059336 0.058824 0.05848 0.058137 0.052709 0.046789 0.040793 0.034721 0.027679 0.019346 0.0098893
89 0.055509 0.056709 0.058096 0.05901 0.05957 0.059962 0.060188 0.060349 0.059835 0.059321 0.058997 0.058863 0.058728 0.053282 0.047323 0.041311 0.035246 0.028127 0.019605 0.0099694
90 0.054572 0.055767 0.057337 0.05844 0.059193 0.059669 0.059866 0.060016 0.059674 0.059332 0.059194 0.059259 0.059325 0.053924 0.047994 0.04196 0.035822 0.02861 0.019971 0.010074
91 0.053425 0.05494 0.056266 0.057507 0.058685 0.059451 0.059807 0.060104 0.059793 0.059483 0.059465 0.059738 0.060011 0.054542 0.048519 0.042439 0.036303 0.029061 0.020345 0.010117
92 0.052551 0.053981 0.055418 0.056768 0.058053 0.058985 0.059565 0.060081 0.05995 0.059818 0.059902 0.0602 0.060498 0.055051 0.049048 0.042973 0.036827 0.029519 0.020662 0.010151
93 0.051908 0.053291 0.054811 0.056219 0.057543 0.058566 0.059287 0.059955 0.060069 0.060182 0.060343 0.060551 0.060758 0.055428 0.049562 0.04349 0.03721 0.029795 0.020869 0.010161
94 0.051332 0.053002 0.05448 0.055815 0.057042 0.058134 0.059091 0.059974 0.060096 0.060217 0.060438 0.06076 0.061081 0.05578 0.049935 0.043844 0.037506 0.030063 0.021148 0.01026
95 0.050619 0.052587 0.053966 0.05531 0.056629 0.057831 0.058918 0.059922 0.060076 0.060231 0.060528 0.060968 0.061407 0.0561 0.050236 0.044221 0.038056 0.030612 0.021466 0.010319
96 0.049686 0.051943 0.053227 0.054682 0.056264 0.057597 0.058682 0.059705 0.060088 0.06047 0.060838 0.06119 0.061542 0.056432 0.050794 0.044874 0.03867 0.031107 0.021732 0.010476
97 0.048792 0.051182 0.052316 0.053835 0.055642 0.057203 0.058517 0.05976 0.060264 0.060768 0.061154 0.06142 0.061687 0.056825 0.051467 0.045642 0.039349 0.031628 0.022007 0.010542
98 0.047937 0.050165 0.051488 0.0531 0.054929 0.056707 0.058435 0.060046 0.060442 0.060839 0.061206 0.061543 0.061881 0.057302 0.052248 0.046489 0.040026 0.032172 0.022467 0.010579
99 0.047066 0.049395 0.05101 0.052624 0.054237 0.056144 0.058346 0.060364 0.060487 0.06061 0.060939 0.061473 0.062007 0.057763 0.053056 0.047385 0.040749 0.032736 0.022889 0.010722
100 0.046055 0.048811 0.050658 0.05225 0.053649 0.055605 0.058119 0.060408 0.060371 0.060334 0.060697 0.06146 0.062224 0.05827 0.053859 0.048208 0.041316 0.033204 0.023468 0.011033
101 0.045217 0.047758 0.050123 0.05193 0.053317 0.055369 0.058086 0.060555 0.060466 0.060376 0.060675 0.061361 0.062048 0.058462 0.054462 0.048898 0.041772 0.03364 0.02417 0.011314
102 0.044176 0.046962 0.049503 0.051403 0.052823 0.05505 0.058084 0.060826 0.060552 0.060277 0.060516 0.061267 0.062019 0.058759 0.055112 0.049687 0.042484 0.034288 0.024771 0.011442
103 0.042864 0.045981 0.048322 0.050546 0.052682 0.055216 0.058149 0.060792 0.06043 0.060068 0.060281 0.061067 0.061853 0.059095 0.055995 0.050786 0.04347 0.035086 0.025283 0.012033
104 0.041884 0.044923 0.047359 0.049865 0.052424 0.055202 0.058199 0.060897 0.060505 0.060112 0.060235 0.060873 0.06151 0.059298 0.056811 0.051805 0.044281 0.035762 0.025918 0.012137
105 0.041302 0.044292 0.046879 0.049544 0.052267 0.055301 0.058645 0.061595 0.06046 0.059326 0.059278 0.060317 0.061356 0.059468 0.057296 0.052457 0.044952 0.036428 0.026548 0.012286
106 0.040574 0.04399 0.046497 0.049222 0.052112 0.055359 0.058963 0.062102 0.060437 0.058772 0.058547 0.059761 0.060975 0.05946 0.05768 0.053041 0.045542 0.037053 0.027246 0.012669
107 0.040249 0.043513 0.046087 0.048988 0.052135 0.055346 0.05862 0.061467 0.059908 0.058349 0.058245 0.059594 0.060944 0.059701 0.058208 0.053705 0.046194 0.037689 0.027863 0.013195
108 0.040031 0.043488 0.045427 0.048258 0.05176 0.055341 0.059001 0.06215 0.060004 0.057859 0.057605 0.059243 0.060881 0.05996 0.058792 0.054298 0.046478 0.037858 0.028174 0.013392
109 0.039106 0.042559 0.044508 0.047587 0.051517 0.055415 0.059283 0.062588 0.060079 0.057569 0.057216 0.059018 0.060821 0.060254 0.059458 0.055139 0.047297 0.038515 0.028481 0.013588
110 0.038135 0.041546 0.043655 0.046944 0.051118 0.055447 0.059932 0.06374 0.060548 0.057357 0.056644 0.058409 0.060175 0.060174 0.060003 0.055988 0.04813 0.039252 0.029015 0.013787
111 0.037702 0.041235 0.043419 0.046668 0.050717 0.05519 0.060086 0.064211 0.060365 0.056519 0.055676 0.057837 0.059998 0.060315 0.060454 0.056684 0.049004 0.040184 0.029845 0.013893
112 0.037264 0.040973 0.043311 0.046337 0.04988 0.054388 0.05986 0.064464 0.060091 0.055717 0.054828 0.057422 0.060016 0.060759 0.061323 0.057669 0.049797 0.040894 0.030619 0.014386
113 0.036741 0.040608 0.043307 0.046286 0.049475 0.054041 0.059986 0.064985 0.060208 0.055431 0.054332 0.056913 0.059493 0.060776 0.061933 0.05838 0.050117 0.041166 0.031297 0.014525
114 0.036122 0.040066 0.042919 0.045978 0.049192 0.053889 0.060068 0.065284 0.06054 0.055796 0.054615 0.056996 0.059377 0.060824 0.06218 0.05848 0.049723 0.040774 0.031568 0.015609
115 0.036191 0.040219 0.043629 0.046431 0.048776 0.053353 0.060159 0.065894 0.060543 0.055191 0.053848 0.056513 0.059177 0.060867 0.062463 0.058746 0.049718 0.040741 0.031835 0.015706
