1 0 0 0 0 0 0 0 0 0 0 0 0 0 0 0 0 0 0 0 0
2 0 0 0 0 0 0 0 0 0 0 0 0 0 0 0 0 0 0 0 0
3 0 0 0 0 0 0 0 0 0 0 0 0 0 0 0 0 0 0 0 0
4 0 0 0 0 0 0 0 0 0 0 0 0 0 0 0 0 0 0 0 0
5 0 0 0 0 0 0 0 0 0 0 0 0 0 0 0 0 0 0 0 0
6 0 0 0 0 0 0 0 0 0 0 0 0 0 0 0 0 0 0 0 0
7 0 0 0 0 0 0 0 0 0 0 0 0 0 0 0 0 0 0 0 0
8 0 0 0 0 0 0 0 0 0 0 0 0 0 0 0 0 0 0 0 0
9 0 0 0 0 0 0 0 0 0 0 0 0 0 0 0 0 0 0 0 0
10 0 0 0 0 0 0 0 0 0 0 0 0 0 0 0 0 0 0 0 0
11 0 0 0 0 0 0 0 0 0 0 0 0 0 0 0 0 0 0 0 0
12 0 0 0 0 0 0 0 0 0 0 0 0 0 0 0 0 0 0 0 0
13 0 0 0 0 0 0 0 0 0 0 0 0 0 0 0 0 0 0 0 0
14 0 0 0 0 0 0 0 0 0 0 0 0 0 0 0 0 0 0 0 0
15 0 0 0 0 0 0 0 0 0 0 0 0 0 0 0 0 0 0 0 0
16 0 0 0 0 0 0 0 0 0 0 0 0 0 0 0 0 0 0 0 0
17 0 0 0 0 0 0 0 0 0 0 0 0 0 0 0 0 0 0 0 0
18 0 0 0 0 0 0 0 0 0 0 0 0 0 0 0 0 0 0 0 0
19 0 0 0 0 0 0 0 0 0 0 0 0 0 0 0 0 0 0 0 0
20 0 0 0 0 0 0 0 0 0 0 0 0 0 0 0 0 0 0 0 0
21 0 0 0 0 0 0 0 0 0 0 0 0 0 0 0 0 0 0 0 0
22 0 0 0 0 0 0 0 0 0 0 0 0 0 0 0 0 0 0 0 0
23 0 0 0 0 0 0 0 0 0 0 0 0 0 0 0 0 0 0 0 0
24 0 0 0 0 0 0 0 0 0 0 0 0 0 0 0 0 0 0 0 0
25 0.043284 0.046534 0.053507 0.055147 0.052783 0.053457 0.05717 0.06022 0.056408 0.052597 0.052391 0.05579 0.059189 0.055414 0.050946 0.045761 0.039861 0.036576 0.036776 0.03619
26 0.056277 0.062457 0.065228 0.065998 0.065265 0.063322 0.060168 0.057048 0.054289 0.051529 0.049558 0.048377 0.047195 0.044469 0.041593 0.038273 0.034509 0.031999 0.031158 0.031289
27 0.065621 0.068737 0.068047 0.066956 0.065562 0.062991 0.059243 0.055622 0.05332 0.051017 0.04863 0.046157 0.043685 0.04149 0.039322 0.037149 0.034972 0.03253 0.029737 0.029213
28 0.069274 0.071459 0.069929 0.067149 0.063431 0.060424 0.05813 0.055808 0.053202 0.050596 0.048165 0.04591 0.043655 0.04139 0.039123 0.0369 0.03472 0.03252 0.030294 0.027922
29 0.072881 0.073882 0.070033 0.066624 0.063547 0.060756 0.058254 0.055747 0.053206 0.050666 0.048173 0.045728 0.043283 0.040956 0.03864 0.036298 0.03393 0.031506 0.029008 0.026881
30 0.074243 0.074265 0.070272 0.067049 0.064405 0.061693 0.058914 0.056155 0.053588 0.051021 0.048417 0.045776 0.043134 0.040556 0.037984 0.035429 0.03289 0.030424 0.028055 0.025732
31 0.077071 0.074032 0.070924 0.067942 0.065055 0.06218 0.059317 0.05647 0.053787 0.051103 0.048386 0.045635 0.042885 0.040137 0.03739 0.034692 0.032044 0.029453 0.026939 0.024556
32 0.07778 0.074918 0.07192 0.068905 0.065876 0.062883 0.059925 0.056969 0.054038 0.051107 0.048216 0.045364 0.042511 0.039626 0.036737 0.03395 0.031264 0.028598 0.025958 0.023454
33 0.0788 0.075658 0.07264 0.069608 0.066564 0.063514 0.060458 0.057399 0.054302 0.051204 0.048153 0.045148 0.042143 0.039185 0.036232 0.033348 0.030534 0.027742 0.024977 0.022392
34 0.079728 0.076571 0.073422 0.070251 0.067065 0.063903 0.060766 0.057629 0.054493 0.051357 0.048202 0.045028 0.041854 0.038816 0.035792 0.032809 0.029866 0.026961 0.024105 0.02138
35 0.080515 0.077342 0.074104 0.070866 0.067626 0.064362 0.061074 0.057793 0.054585 0.051377 0.048156 0.044921 0.041685 0.038552 0.035429 0.032329 0.029252 0.026238 0.023307 0.020488
36 0.081347 0.078004 0.074682 0.071363 0.068045 0.064722 0.061392 0.058064 0.054752 0.051439 0.048139 0.04485 0.041562 0.038323 0.035089 0.031872 0.028671 0.025544 0.022512 0.019628
37 0.082084 0.078569 0.075146 0.071769 0.068425 0.065052 0.06165 0.058252 0.054903 0.051554 0.048197 0.044832 0.041466 0.038111 0.034757 0.031443 0.028169 0.024955 0.021821 0.018843
38 0.082547 0.079082 0.075665 0.072244 0.068822 0.065395 0.061963 0.058529 0.055078 0.051627 0.048186 0.044755 0.041324 0.037896 0.034469 0.031076 0.027718 0.024406 0.021156 0.018063
39 0.086125 0.082976 0.079668 0.076178 0.072552 0.068995 0.065508 0.061993 0.058194 0.054395 0.047363 0.037099 0.026834 0.02881 0.031969 0.031696 0.02799 0.024274 0.020547 0.016833
40 0.086415 0.083345 0.079848 0.076421 0.073045 0.069544 0.065918 0.06227 0.05839 0.054509 0.047303 0.03677 0.026238 0.02844 0.031873 0.031658 0.027795 0.023928 0.020055 0.016236
41 0.086335 0.082946 0.079505 0.076065 0.072626 0.06919 0.065756 0.062301 0.058622 0.054942 0.047985 0.03775 0.027515 0.029154 0.031941 0.031362 0.027415 0.023455 0.019476 0.015658
42 0.08597 0.082572 0.079322 0.075995 0.072608 0.069141 0.065593 0.062041 0.058451 0.054861 0.048224 0.038541 0.028857 0.029984 0.032157 0.031212 0.027148 0.023115 0.019123 0.015087
43 0.085615 0.082055 0.079046 0.07585 0.072512 0.06909 0.065584 0.062069 0.05846 0.054851 0.048464 0.039299 0.030134 0.030727 0.032264 0.030986 0.026893 0.022806 0.018726 0.014568
44 0.085335 0.082022 0.078752 0.075524 0.072328 0.068999 0.065539 0.062063 0.058428 0.054794 0.048645 0.039982 0.031319 0.031414 0.032356 0.030782 0.026692 0.022554 0.018354 0.014117
45 0.084951 0.082016 0.078764 0.075478 0.072167 0.068801 0.065379 0.061941 0.058338 0.054735 0.048842 0.040658 0.032474 0.032095 0.032471 0.030582 0.02643 0.022229 0.017963 0.013686
46 0.084611 0.081757 0.078493 0.07525 0.072021 0.068706 0.065304 0.061882 0.058265 0.054647 0.048999 0.04132 0.03364 0.032832 0.032689 0.030494 0.026245 0.021959 0.01762 0.013266
47 0.08407 0.081396 0.078269 0.075138 0.072005 0.068731 0.065317 0.061881 0.058232 0.054582 0.049115 0.041831 0.034548 0.033411 0.032869 0.030447 0.026144 0.021783 0.017345 0.012884
48 0.0837 0.081072 0.077999 0.074921 0.07184 0.068628 0.065285 0.061911 0.058225 0.054539 0.049252 0.042365 0.035478 0.034011 0.033068 0.030408 0.026032 0.021595 0.017079 0.012593
49 0.083281 0.080736 0.07773 0.074668 0.071564 0.068386 0.065134 0.061851 0.058243 0.054634 0.049546 0.042976 0.036407 0.034614 0.033282 0.030396 0.025957 0.021446 0.01684 0.012308
50 0.082761 0.0801 0.077415 0.074487 0.071378 0.068251 0.065107 0.061921 0.058304 0.054687 0.049763 0.043532 0.0373 0.035193 0.033484 0.030382 0.025886 0.021322 0.016666 0.01206
51 0.082271 0.079567 0.076925 0.074129 0.071219 0.068201 0.065075 0.061912 0.058353 0.054794 0.050049 0.044116 0.038184 0.035775 0.033706 0.030389 0.025823 0.021205 0.01652 0.011787
52 0.081728 0.07919 0.076574 0.073846 0.071033 0.068058 0.06492 0.061755 0.058311 0.054867 0.050331 0.044703 0.039075 0.036386 0.033981 0.03046 0.025823 0.021125 0.016348 0.011486
53 0.081089 0.078723 0.076192 0.073553 0.070832 0.067933 0.064853 0.061746 0.058341 0.054935 0.050558 0.045209 0.03986 0.036946 0.034266 0.030575 0.025872 0.021085 0.016188 0.011243
54 0.080486 0.078243 0.075817 0.073279 0.070657 0.067825 0.064782 0.06171 0.058334 0.054958 0.050752 0.045715 0.040678 0.037495 0.034491 0.030635 0.025926 0.021092 0.016093 0.011033
55 0.079932 0.077797 0.075472 0.072979 0.070359 0.067593 0.064679 0.061727 0.058364 0.055002 0.050946 0.046196 0.041446 0.038048 0.034782 0.030762 0.025989 0.021082 0.015996 0.01085
56 0.079326 0.077285 0.075066 0.072662 0.070119 0.067427 0.064585 0.061706 0.058429 0.055152 0.051244 0.046706 0.042169 0.038548 0.035015 0.030845 0.026038 0.021075 0.015906 0.010697
57 0.078667 0.076735 0.074629 0.072326 0.069875 0.067268 0.064504 0.061699 0.058467 0.055235 0.051481 0.047204 0.042927 0.039082 0.035279 0.03096 0.026127 0.021117 0.015871 0.010548
58 0.078037 0.07623 0.074167 0.071963 0.069653 0.06715 0.064453 0.061713 0.058518 0.055323 0.0517 0.047649 0.043599 0.039583 0.03557 0.031113 0.026213 0.021144 0.015852 0.010371
59 0.077427 0.075646 0.073736 0.071639 0.069402 0.066967 0.064336 0.061661 0.058536 0.055411 0.051937 0.048114 0.04429 0.04011 0.035895 0.031307 0.026348 0.021205 0.015817 0.010218
60 0.076775 0.075066 0.073231 0.071224 0.069087 0.066762 0.064248 0.061685 0.058611 0.055537 0.052194 0.048582 0.044969 0.04063 0.036221 0.031513 0.026506 0.021288 0.015792 0.010076
61 0.076073 0.074459 0.072777 0.070896 0.068866 0.066625 0.064174 0.061673 0.058653 0.055632 0.052418 0.049011 0.045604 0.041116 0.036523 0.031702 0.026652 0.021376 0.015798 0.0099735
62 0.075369 0.073851 0.072287 0.07051 0.068574 0.066421 0.064052 0.061632 0.058684 0.055736 0.052662 0.049462 0.046262 0.041629 0.036857 0.031928 0.026842 0.021505 0.015836 0.0098991
63 0.074681 0.073319 0.071894 0.070178 0.068245 0.06616 0.063922 0.061628 0.058744 0.055859 0.052913 0.049905 0.046896 0.042103 0.037138 0.032109 0.027016 0.021633 0.015863 0.0097952
64 0.073964 0.072807 0.071421 0.06976 0.067892 0.065899 0.063783 0.061605 0.058793 0.05598 0.05316 0.050332 0.047504 0.0426 0.037496 0.032364 0.027203 0.021764 0.015957 0.0097163
65 0.073284 0.07204 0.070875 0.06937 0.06761 0.065718 0.063693 0.061607 0.058883 0.056159 0.053456 0.050775 0.048094 0.043079 0.037838 0.032605 0.027381 0.021878 0.016005 0.0096491
66 0.072435 0.071324 0.070279 0.068913 0.067305 0.065539 0.063617 0.061631 0.058984 0.056338 0.05375 0.05122 0.04869 0.043581 0.038223 0.0329 0.027613 0.022029 0.016049 0.0095806
67 0.071641 0.070641 0.069835 0.068615 0.067082 0.065379 0.063505 0.06157 0.059015 0.05646 0.053995 0.051619 0.049244 0.044047 0.038576 0.033169 0.027826 0.02217 0.016098 0.0095115
68 0.070728 0.07005 0.069233 0.068128 0.066806 0.065223 0.063378 0.06148 0.059024 0.056569 0.054245 0.052052 0.049859 0.044566 0.038974 0.03349 0.028114 0.022388 0.016196 0.0094978
69 0.069849 0.069457 0.068703 0.067667 0.066418 0.064948 0.063258 0.061504 0.059084 0.056663 0.054455 0.052459 0.050463 0.045082 0.039373 0.033812 0.028399 0.022607 0.01631 0.0094882
70 0.0691 0.068857 0.068135 0.067181 0.066053 0.064714 0.063164 0.06154 0.059149 0.056757 0.054646 0.052816 0.050986 0.045547 0.039759 0.034136 0.028679 0.022819 0.016424 0.0095369
71 0.068154 0.068029 0.067628 0.066862 0.065821 0.064565 0.063092 0.061542 0.059186 0.05683 0.054822 0.053162 0.051501 0.046017 0.040164 0.034491 0.029 0.023066 0.016543 0.009526
72 0.067324 0.0672 0.066974 0.066374 0.065494 0.064387 0.063051 0.06163 0.059316 0.057001 0.055073 0.053531 0.051989 0.046459 0.040544 0.034833 0.029329 0.02333 0.016673 0.0094883
73 0.066546 0.066659 0.066437 0.065925 0.065193 0.064195 0.06293 0.061581 0.05936 0.057138 0.05531 0.053875 0.05244 0.046864 0.040887 0.035147 0.029642 0.023597 0.016833 0.00944
74 0.065951 0.0661 0.065867 0.06543 0.064839 0.063953 0.062771 0.061506 0.059382 0.057258 0.055538 0.054222 0.052906 0.047305 0.041289 0.035509 0.029964 0.023851 0.01698 0.009379
75 0.065064 0.065608 0.065315 0.06492 0.06445 0.063698 0.062664 0.061539 0.05948 0.057421 0.055796 0.054606 0.053416 0.04774 0.041631 0.035795 0.030231 0.024077 0.017138 0.0094104
76 0.064592 0.065044 0.064707 0.064364 0.064016 0.06337 0.062425 0.061392 0.059453 0.057515 0.056015 0.054953 0.053892 0.048205 0.04207 0.036201 0.030596 0.024371 0.017321 0.009499
77 0.063736 0.064483 0.064133 0.063885 0.063713 0.063144 0.062178 0.061143 0.059394 0.057646 0.05629 0.055327 0.054363 0.048677 0.042534 0.036639 0.030992 0.024689 0.017512 0.0095239
78 0.063018 0.064018 0.063565 0.063386 0.063414 0.062906 0.06186 0.060772 0.059242 0.057711 0.056527 0.055688 0.054849 0.049185 0.043055 0.03713 0.031413 0.025012 0.017701 0.009548
79 0.062217 0.063358 0.062798 0.062685 0.062907 0.062602 0.061768 0.060878 0.059397 0.057917 0.056793 0.056026 0.055258 0.049643 0.043559 0.037612 0.031802 0.025296 0.017862 0.0096231
80 0.061475 0.062425 0.061942 0.061942 0.062305 0.06224 0.061747 0.061165 0.059675 0.058184 0.057087 0.056384 0.055681 0.050105 0.044058 0.038099 0.032226 0.025621 0.018042 0.0095982
81 0.060668 0.061313 0.061095 0.061271 0.061744 0.061884 0.061691 0.061384 0.059904 0.058423 0.057397 0.056825 0.056253 0.050645 0.04455 0.038552 0.032651 0.025964 0.018231 0.0095505
82 0.059633 0.060327 0.060614 0.060912 0.061217 0.061409 0.061487 0.061441 0.0601 0.058759 0.057804 0.057234 0.056664 0.051058 0.044964 0.038958 0.033042 0.026302 0.018466 0.0096082
83 0.058636 0.059532 0.060063 0.060484 0.060823 0.061102 0.061322 0.061418 0.060234 0.05905 0.058163 0.057571 0.05698 0.051434 0.045408 0.039401 0.033412 0.026601 0.018693 0.0096731
84 0.05779 0.058868 0.059605 0.060139 0.060522 0.060832 0.06107 0.061198 0.060202 0.059206 0.058439 0.057902 0.057364 0.05185 0.045855 0.039831 0.033781 0.026897 0.018906 0.0097431
85 0.057148 0.058189 0.059135 0.059829 0.060335 0.060687 0.060885 0.060989 0.060122 0.059254 0.058582 0.058106 0.05763 0.052216 0.046325 0.040309 0.03417 0.027189 0.019088 0.0098101
86 0.056435 0.057562 0.058729 0.059493 0.059954 0.06032 0.060591 0.060774 0.06005 0.059326 0.058782 0.058416 0.05805 0.052634 0.04673 0.04073 0.034634 0.027597 0.019307 0.0098835
87 0.055633 0.056878 0.05821 0.059094 0.059642 0.060032 0.060262 0.060425 0.059879 0.059334 0.05897 0.058787 0.058605 0.053161 0.047208 0.041201 0.03514 0.028038 0.019552 0.0099481
88 0.054775 0.055967 0.057532 0.058577 0.059229 0.059676 0.059917 0.060103 0.059708 0.059314 0.059137 0.059177 0.059217 0.053802 0.04786 0.041829 0.03571 0.028516 0.01989 0.010062
89 0.053661 0.055095 0.056427 0.057656 0.058808 0.059538 0.059849 0.060103 0.059766 0.059428 0.05938 0.05962 0.059861 0.054423 0.048437 0.042369 0.036219 0.028975 0.020273 0.010112
90 0.052727 0.054187 0.055545 0.056855 0.058131 0.05905 0.059613 0.060111 0.059921 0.059732 0.059803 0.060134 0.060465 0.054983 0.048939 0.042852 0.036724 0.029444 0.020628 0.010154
91 0.052012 0.053397 0.054878 0.056279 0.057618 0.058638 0.059337 0.059982 0.060058 0.060134 0.060278 0.060488 0.060699 0.05536 0.049484 0.043424 0.037181 0.029775 0.02082 0.010157
92 0.051444 0.053041 0.054549 0.05591 0.05716 0.058232 0.059126 0.059954 0.06009 0.060225 0.06044 0.060734 0.061028 0.055727 0.049884 0.043774 0.037398 0.029953 0.021084 0.010246
93 0.050748 0.05267 0.054075 0.055421 0.056723 0.057904 0.058965 0.059946 0.060096 0.060247 0.060525 0.060928 0.061332 0.056011 0.050137 0.044111 0.037934 0.030505 0.021408 0.010314
94 0.049858 0.052054 0.053372 0.054808 0.056334 0.057633 0.058705 0.059713 0.060062 0.060411 0.060781 0.061171 0.061561 0.056398 0.050697 0.044749 0.038552 0.031012 0.021686 0.010442
95 0.048908 0.051355 0.052526 0.054037 0.055805 0.057296 0.058511 0.059665 0.060192 0.06072 0.06111 0.061365 0.061619 0.056731 0.051346 0.045514 0.039236 0.031545 0.02197 0.01055
96 0.048068 0.050292 0.051586 0.053201 0.055059 0.056809 0.058452 0.059988 0.060419 0.060851 0.061229 0.061553 0.061877 0.057233 0.052109 0.046334 0.039909 0.032078 0.022377 0.010576
97 0.047231 0.049505 0.051062 0.05269 0.054371 0.056265 0.058373 0.060313 0.06051 0.060707 0.061034 0.061491 0.061948 0.05765 0.052893 0.047214 0.040614 0.032635 0.022818 0.010674
98 0.046274 0.04894 0.050722 0.052287 0.05369 0.055643 0.058146 0.060425 0.060377 0.06033 0.060698 0.06148 0.062263 0.058233 0.053738 0.048073 0.041239 0.033135 0.023339 0.010966
99 0.045379 0.047975 0.050206 0.051962 0.05336 0.055402 0.058087 0.060528 0.060447 0.060365 0.060674 0.061374 0.062073 0.058427 0.05436 0.048785 0.0417 0.033565 0.024029 0.011303
100 0.044403 0.047126 0.04967 0.051535 0.05289 0.055068 0.058068 0.060782 0.060545 0.060308 0.060566 0.061319 0.062072 0.058718 0.054967 0.049491 0.042292 0.034133 0.024695 0.011349
101 0.043114 0.046164 0.048561 0.050722 0.052707 0.055183 0.058149 0.060823 0.060465 0.060108 0.060327 0.061122 0.061917 0.05903 0.055786 0.050536 0.04328 0.034936 0.025143 0.011927
102 0.041946 0.045107 0.047552 0.050013 0.052488 0.05519 0.058119 0.06076 0.060433 0.060107 0.06028 0.060954 0.061629 0.059323 0.056729 0.05167 0.044145 0.03563 0.025797 0.012128
103 0.041421 0.044285 0.04691 0.049583 0.052292 0.05527 0.058517 0.061395 0.060462 0.059528 0.059533 0.060478 0.061422 0.059466 0.057228 0.052355 0.044846 0.036316 0.026428 0.012265
104 0.040586 0.04406 0.046546 0.049239 0.052088 0.055347 0.059017 0.062216 0.06055 0.058885 0.058651 0.059848 0.061044 0.05945 0.057586 0.052905 0.045407 0.036913 0.02709 0.012574
105 0.040266 0.043435 0.046122 0.049044 0.052144 0.055324 0.058585 0.061426 0.059931 0.058435 0.058356 0.059694 0.061032 0.059737 0.058188 0.053654 0.046134 0.037619 0.027779 0.013096
106 0.040092 0.043517 0.045524 0.04834 0.051764 0.055291 0.05892 0.062047 0.059984 0.057921 0.057694 0.059302 0.060911 0.059924 0.058686 0.0542 0.046466 0.037876 0.028144 0.013396
107 0.039301 0.042751 0.044694 0.047724 0.051568 0.055405 0.059235 0.062511 0.060052 0.057593 0.057263 0.059063 0.060862 0.060216 0.059333 0.054969 0.047125 0.03838 0.028437 0.013519
108 0.038284 0.041721 0.043803 0.04705 0.051173 0.055405 0.059744 0.063438 0.060449 0.05746 0.056845 0.058603 0.06036 0.060221 0.059897 0.05581 0.047959 0.039092 0.028873 0.013812
109 0.037748 0.041249 0.043386 0.046666 0.050805 0.055299 0.060149 0.064239 0.060466 0.056694 0.055835 0.057891 0.059947 0.06026 0.060404 0.056608 0.04887 0.040019 0.029688 0.013778
110 0.037316 0.040993 0.043315 0.046398 0.050054 0.054537 0.059847 0.064316 0.060099 0.055882 0.055035 0.057559 0.060082 0.060701 0.061136 0.057456 0.049661 0.040785 0.030471 0.014357
111 0.036795 0.040641 0.043257 0.046245 0.049512 0.054072 0.059926 0.06485 0.060164 0.055478 0.054429 0.057018 0.059607 0.060803 0.061864 0.058318 0.050164 0.041212 0.031198 0.014448
112 0.03608 0.040093 0.043026 0.04611 0.049306 0.053944 0.060024 0.065151 0.060418 0.055685 0.054564 0.057055 0.059546 0.060901 0.062146 0.058431 0.049756 0.040822 0.031542 0.015398
113 0.036167 0.039979 0.043381 0.046297 0.048848 0.053456 0.060122 0.065744 0.060579 0.055414 0.054112 0.056672 0.059232 0.060897 0.062475 0.05874 0.049693 0.040702 0.031786 0.015704
114 0.035918 0.040978 0.044411 0.046865 0.048582 0.053031 0.060211 0.066232 0.060268 0.054304 0.05287 0.055968 0.059066 0.060812 0.062427 0.058777 0.049859 0.040942 0.032026 0.016454
115 0.03608 0.041449 0.044963 0.04711 0.048229 0.052433 0.059724 0.065798 0.059292 0.052787 0.051481 0.055376 0.05927 0.060982 0.062483 0.059119 0.05089 0.042251 0.033065 0.017218
