1 0 0 0 0 0 0 0 0 0 0 0 0 0 0 0 0 0 0 0 0
2 0 0 0 0 0 0 0 0 0 0 0 0 0 0 0 0 0 0 0 0
3 0 0 0 0 0 0 0 0 0 0 0 0 0 0 0 0 0 0 0 0
4 0 0 0 0 0 0 0 0 0 0 0 0 0 0 0 0 0 0 0 0
5 0 0 0 0 0 0 0 0 0 0 0 0 0 0 0 0 0 0 0 0
6 0 0 0 0 0 0 0 0 0 0 0 0 0 0 0 0 0 0 0 0
7 0 0 0 0 0 0 0 0 0 0 0 0 0 0 0 0 0 0 0 0
8 0 0 0 0 0 0 0 0 0 0 0 0 0 0 0 0 0 0 0 0
9 0 0 0 0 0 0 0 0 0 0 0 0 0 0 0 0 0 0 0 0
10 0 0 0 0 0 0 0 0 0 0 0 0 0 0 0 0 0 0 0 0
11 0 0 0 0 0 0 0 0 0 0 0 0 0 0 0 0 0 0 0 0
12 0 0 0 0 0 0 0 0 0 0 0 0 0 0 0 0 0 0 0 0
13 0 0 0 0 0 0 0 0 0 0 0 0 0 0 0 0 0 0 0 0
14 0 0 0 0 0 0 0 0 0 0 0 0 0 0 0 0 0 0 0 0
15 0 0 0 0 0 0 0 0 0 0 0 0 0 0 0 0 0 0 0 0
16 0 0 0 0 0 0 0 0 0 0 0 0 0 0 0 0 0 0 0 0
17 0 0 0 0 0 0 0 0 0 0 0 0 0 0 0 0 0 0 0 0
18 0 0 0 0 0 0 0 0 0 0 0 0 0 0 0 0 0 0 0 0
19 0 0 0 0 0 0 0 0 0 0 0 0 0 0 0 0 0 0 0 0
20 0 0 0 0 0 0 0 0 0 0 0 0 0 0 0 0 0 0 0 0
21 0 0 0 0 0 0 0 0 0 0 0 0 0 0 0 0 0 0 0 0
22 0 0 0 0 0 0 0 0 0 0 0 0 0 0 0 0 0 0 0 0
23 0 0 0 0 0 0 0 0 0 0 0 0 0 0 0 0 0 0 0 0
24 0 0 0 0 0 0 0 0 0 0 0 0 0 0 0 0 0 0 0 0
25 0.043244 0.046496 0.053469 0.055113 0.052755 0.053435 0.057153 0.060207 0.056402 0.052596 0.052396 0.055801 0.059207 0.055436 0.050971 0.045789 0.039888 0.036606 0.036809 0.036226
26 0.04878 0.057009 0.060853 0.062613 0.062807 0.062163 0.060679 0.05895 0.054694 0.050438 0.048963 0.050268 0.051574 0.048592 0.045195 0.041037 0.036118 0.033277 0.033202 0.032788
27 0.061126 0.066198 0.067397 0.067144 0.065801 0.063464 0.060136 0.056865 0.054195 0.051525 0.048949 0.046468 0.043987 0.041789 0.039619 0.037403 0.035141 0.032785 0.030302 0.029704
28 0.06837 0.070981 0.069541 0.067004 0.063645 0.060638 0.057983 0.055371 0.053191 0.051011 0.048631 0.04605 0.04347 0.041311 0.039193 0.037093 0.03501 0.032718 0.030149 0.028639
29 0.072329 0.073189 0.070004 0.066816 0.063626 0.060712 0.058074 0.055446 0.052936 0.050426 0.047999 0.045657 0.043314 0.041055 0.038804 0.036533 0.034241 0.031892 0.029468 0.02748
30 0.073142 0.07376 0.070279 0.06717 0.06434 0.061561 0.058833 0.056115 0.053493 0.050871 0.048291 0.045752 0.043213 0.040681 0.038149 0.035677 0.033262 0.030846 0.028425 0.02614
31 0.076083 0.074177 0.070803 0.067658 0.064685 0.061846 0.059141 0.056437 0.053742 0.051046 0.048349 0.045648 0.042948 0.040297 0.037652 0.03501 0.03237 0.029796 0.027308 0.025005
32 0.077409 0.074491 0.071535 0.068549 0.06554 0.062581 0.059672 0.05677 0.053949 0.051128 0.04831 0.045496 0.042683 0.03984 0.036995 0.034243 0.031584 0.028956 0.026372 0.023896
33 0.078379 0.075415 0.072355 0.069318 0.066298 0.063279 0.060261 0.057241 0.054195 0.05115 0.048158 0.045218 0.042279 0.039364 0.036452 0.033598 0.030803 0.028055 0.025369 0.022813
34 0.079359 0.076171 0.073077 0.069962 0.066831 0.063721 0.060632 0.05754 0.054418 0.051296 0.048183 0.04508 0.041978 0.038979 0.035991 0.033045 0.030143 0.027285 0.024487 0.021823
35 0.080299 0.077067 0.073859 0.070643 0.067422 0.064184 0.060929 0.057681 0.054508 0.051335 0.04815 0.044953 0.041755 0.038659 0.035573 0.032516 0.029489 0.026518 0.023621 0.02084
36 0.081129 0.07782 0.074519 0.071201 0.067869 0.064552 0.061247 0.057947 0.054688 0.05143 0.048153 0.044859 0.041564 0.038367 0.035179 0.032019 0.028887 0.025809 0.022803 0.019959
37 0.081733 0.078367 0.074986 0.071616 0.068255 0.064899 0.061547 0.058195 0.054845 0.051495 0.048155 0.044823 0.041492 0.038193 0.034896 0.03163 0.028393 0.025212 0.022107 0.019161
38 0.082338 0.078883 0.07547 0.07206 0.068653 0.065248 0.061845 0.058441 0.055017 0.051594 0.048181 0.04478 0.041379 0.037984 0.034591 0.031228 0.027897 0.024621 0.021417 0.01837
39 0.08581 0.082923 0.079514 0.075938 0.072237 0.068694 0.065307 0.061889 0.058144 0.054398 0.047471 0.037363 0.027255 0.029071 0.032041 0.031704 0.028061 0.024408 0.02074 0.01703
40 0.086452 0.08327 0.079682 0.076264 0.072973 0.069497 0.065838 0.062159 0.058284 0.054409 0.047236 0.036767 0.026297 0.028487 0.031901 0.031708 0.027907 0.0241 0.020282 0.016489
41 0.086409 0.083348 0.079716 0.076151 0.072637 0.069168 0.065744 0.062293 0.058554 0.054815 0.047755 0.037372 0.02699 0.028855 0.031904 0.031478 0.027576 0.023652 0.019699 0.015883
42 0.086063 0.082665 0.079346 0.076004 0.072645 0.069204 0.065678 0.062147 0.058543 0.05494 0.048169 0.038229 0.028289 0.029644 0.032092 0.031295 0.027255 0.023235 0.019245 0.015312
43 0.085816 0.082378 0.079182 0.075851 0.072418 0.068984 0.065551 0.062102 0.05849 0.054879 0.048385 0.039009 0.029632 0.030436 0.032224 0.031077 0.026995 0.02293 0.018885 0.014776
44 0.085455 0.082196 0.079003 0.075742 0.07243 0.069027 0.065533 0.062027 0.058402 0.054776 0.048522 0.039638 0.030755 0.031088 0.032312 0.030874 0.026775 0.022653 0.018499 0.014294
45 0.085054 0.081975 0.078857 0.075597 0.072231 0.068845 0.065438 0.062012 0.058386 0.054761 0.048761 0.040386 0.032011 0.031811 0.032403 0.030637 0.026512 0.022343 0.018114 0.013867
46 0.084697 0.081952 0.078617 0.075322 0.072059 0.068727 0.065326 0.061906 0.058299 0.054692 0.048945 0.041057 0.033169 0.032531 0.032595 0.030521 0.026311 0.022061 0.017759 0.013454
47 0.084301 0.081581 0.078364 0.0752 0.072075 0.06878 0.065315 0.061836 0.058206 0.054576 0.049042 0.041606 0.034169 0.033174 0.032801 0.03047 0.026181 0.021847 0.017454 0.013025
48 0.083833 0.081197 0.078101 0.074983 0.071848 0.068616 0.065288 0.06193 0.058255 0.05458 0.049215 0.042161 0.035108 0.033773 0.032991 0.030429 0.026085 0.021684 0.017208 0.012717
49 0.083499 0.080925 0.077865 0.07477 0.071648 0.068452 0.065181 0.061877 0.058233 0.054589 0.049415 0.04271 0.036005 0.034362 0.033209 0.030419 0.025992 0.021503 0.01693 0.012417
50 0.082945 0.080372 0.077554 0.07457 0.071464 0.06831 0.065111 0.061875 0.058261 0.054647 0.04966 0.043301 0.036941 0.034964 0.033411 0.0304 0.025933 0.021387 0.016737 0.012156
51 0.082444 0.079757 0.077141 0.074296 0.071279 0.068205 0.065073 0.061903 0.058334 0.054766 0.049952 0.043893 0.037835 0.035543 0.033616 0.030385 0.02585 0.021254 0.016579 0.011895
52 0.081931 0.07934 0.076703 0.073948 0.071107 0.068114 0.064972 0.0618 0.058334 0.054867 0.05025 0.044482 0.038715 0.036137 0.033867 0.030429 0.025822 0.021157 0.016415 0.011612
53 0.081333 0.078929 0.076358 0.073673 0.070904 0.067966 0.064861 0.06173 0.058331 0.054933 0.050497 0.045024 0.03955 0.03672 0.034146 0.030521 0.025847 0.021097 0.016248 0.011333
54 0.080722 0.078458 0.075998 0.073406 0.070716 0.067848 0.064802 0.061727 0.058346 0.054966 0.050687 0.04551 0.040333 0.037259 0.034388 0.030601 0.025898 0.021085 0.016126 0.011123
55 0.080178 0.078029 0.075667 0.073135 0.070476 0.067669 0.064713 0.06172 0.058344 0.054969 0.050849 0.045985 0.041121 0.037811 0.03465 0.030697 0.025952 0.021079 0.016036 0.010919
56 0.079634 0.07754 0.075267 0.072805 0.070199 0.067474 0.064629 0.06174 0.058404 0.055068 0.05109 0.046472 0.041853 0.03833 0.034913 0.030806 0.026008 0.021068 0.01594 0.01076
57 0.078966 0.07697 0.074798 0.072454 0.069982 0.067347 0.064551 0.061713 0.058451 0.055188 0.051367 0.046988 0.042608 0.038858 0.03517 0.030913 0.026088 0.021095 0.015877 0.010617
58 0.078298 0.076417 0.074326 0.072086 0.069734 0.067206 0.0645 0.061748 0.058515 0.055282 0.051596 0.047458 0.04332 0.039374 0.035447 0.031049 0.026182 0.021143 0.015875 0.010443
59 0.077674 0.075854 0.073893 0.07178 0.069552 0.067092 0.0644 0.061668 0.058521 0.055373 0.051839 0.047917 0.043995 0.039888 0.035763 0.031228 0.026282 0.021169 0.015833 0.010278
60 0.077055 0.075286 0.073437 0.071394 0.069206 0.066832 0.064272 0.061665 0.058574 0.055483 0.052088 0.048391 0.044693 0.040425 0.036101 0.031446 0.026458 0.021266 0.0158 0.010131
61 0.076329 0.074695 0.072945 0.071019 0.068962 0.066687 0.064195 0.061657 0.058635 0.055613 0.052354 0.048859 0.045363 0.040928 0.036402 0.031623 0.026591 0.021339 0.015792 0.010012
62 0.075693 0.074122 0.072485 0.070657 0.068687 0.066497 0.064087 0.061628 0.058661 0.055693 0.052568 0.049286 0.046003 0.041425 0.03672 0.031833 0.026763 0.02145 0.015815 0.0099262
63 0.07498 0.073501 0.072054 0.070327 0.068389 0.066268 0.063964 0.061607 0.058711 0.055816 0.052825 0.049741 0.046656 0.041916 0.037015 0.032023 0.02694 0.021579 0.015847 0.0098414
64 0.074245 0.07301 0.071614 0.069931 0.068031 0.066001 0.06384 0.061619 0.058774 0.055928 0.05306 0.050169 0.047279 0.04241 0.037349 0.032253 0.027122 0.021707 0.015914 0.0097437
65 0.073578 0.072397 0.071113 0.069528 0.067718 0.065781 0.063719 0.061595 0.058836 0.056077 0.053329 0.050594 0.047858 0.042885 0.037695 0.032501 0.027302 0.021829 0.015991 0.0096761
66 0.07286 0.071611 0.070501 0.069077 0.067417 0.065607 0.063648 0.061625 0.058939 0.056254 0.053622 0.051043 0.048465 0.043384 0.038062 0.032771 0.02751 0.021962 0.01603 0.0096138
67 0.071908 0.070916 0.070012 0.068731 0.067167 0.065441 0.063553 0.061603 0.059008 0.056414 0.0539 0.051465 0.049031 0.043869 0.038444 0.033069 0.027744 0.022114 0.016078 0.0095323
68 0.071148 0.070287 0.069454 0.068309 0.066929 0.065313 0.06346 0.061549 0.059035 0.056521 0.05413 0.051862 0.049593 0.044343 0.038804 0.033351 0.027983 0.022285 0.016146 0.0095004
69 0.070167 0.069725 0.068914 0.067834 0.066552 0.065036 0.063286 0.061476 0.059052 0.056628 0.054381 0.052311 0.050241 0.044892 0.039225 0.033694 0.028297 0.022529 0.016268 0.009492
70 0.069426 0.069098 0.068393 0.067398 0.066185 0.064783 0.063192 0.061529 0.059128 0.056727 0.054575 0.052671 0.050767 0.045352 0.039597 0.034 0.02856 0.022729 0.016376 0.0095146
71 0.068509 0.068444 0.06784 0.066975 0.065912 0.064628 0.063121 0.061539 0.059169 0.0568 0.054749 0.053018 0.051287 0.045823 0.039999 0.034345 0.028861 0.022957 0.016491 0.0095318
72 0.06766 0.067516 0.06726 0.066608 0.065661 0.06448 0.063068 0.061574 0.059243 0.056911 0.054954 0.05337 0.051787 0.046277 0.040388 0.034695 0.029199 0.023226 0.016618 0.0095053
73 0.066883 0.066854 0.066645 0.066102 0.065308 0.064265 0.062975 0.0616 0.059347 0.057094 0.055225 0.053741 0.052257 0.0467 0.040748 0.03502 0.029515 0.023489 0.016768 0.0094639
74 0.066262 0.066325 0.066098 0.065635 0.064994 0.06407 0.06286 0.061565 0.059379 0.057193 0.05542 0.054059 0.052697 0.047108 0.041109 0.035347 0.029822 0.02374 0.016915 0.0094008
75 0.065409 0.065813 0.065545 0.065137 0.064624 0.063811 0.062697 0.0615 0.05944 0.057379 0.055719 0.05446 0.0532 0.04756 0.041495 0.035682 0.030121 0.023981 0.01707 0.00936
76 0.064848 0.065283 0.064984 0.064612 0.064183 0.063491 0.062537 0.06149 0.059475 0.05746 0.055899 0.054792 0.053685 0.047996 0.041864 0.036009 0.03043 0.024241 0.017239 0.0094826
77 0.064101 0.064692 0.064396 0.064117 0.063852 0.06323 0.062251 0.0612 0.059392 0.057585 0.056179 0.055174 0.054169 0.048489 0.042356 0.03647 0.030832 0.024558 0.017437 0.009518
78 0.063325 0.064206 0.063783 0.063583 0.06355 0.063019 0.06199 0.06091 0.0593 0.05769 0.056439 0.055549 0.054659 0.048974 0.042826 0.036914 0.031239 0.024885 0.017627 0.0095315
79 0.062409 0.063699 0.063166 0.063009 0.063135 0.062727 0.061787 0.060798 0.059312 0.057826 0.056686 0.055892 0.055098 0.049463 0.043359 0.037419 0.031644 0.025178 0.017794 0.0095964
80 0.061825 0.062844 0.062328 0.062277 0.062574 0.062394 0.061738 0.06101 0.059537 0.058065 0.056963 0.056232 0.055501 0.04991 0.043848 0.037889 0.032031 0.025467 0.017961 0.009608
81 0.060965 0.061738 0.061386 0.061529 0.062044 0.062124 0.061769 0.061312 0.059805 0.058297 0.057236 0.056622 0.056008 0.050419 0.044349 0.03837 0.032482 0.025826 0.018149 0.0095706
82 0.060124 0.060762 0.060843 0.061043 0.061334 0.061501 0.061543 0.061456 0.060032 0.058607 0.057621 0.057074 0.056527 0.050912 0.044807 0.038799 0.032889 0.026171 0.018375 0.0095791
83 0.058959 0.05976 0.06027 0.060676 0.061004 0.061248 0.061409 0.061446 0.060202 0.058958 0.05804 0.057448 0.056855 0.051283 0.04523 0.039223 0.033262 0.026479 0.018601 0.0096472
84 0.058163 0.059167 0.059755 0.060235 0.060634 0.060946 0.061173 0.061286 0.060218 0.05915 0.058334 0.05777 0.057206 0.051681 0.045676 0.039661 0.033634 0.026779 0.018821 0.0097124
85 0.057429 0.058493 0.05935 0.05997 0.060411 0.060738 0.06095 0.061063 0.06015 0.059237 0.058529 0.058025 0.057522 0.05206 0.046118 0.040098 0.034002 0.027065 0.019011 0.0097777
86 0.056758 0.057746 0.058873 0.059634 0.060121 0.060489 0.060739 0.060897 0.060095 0.059293 0.058683 0.058265 0.057847 0.052455 0.046582 0.040579 0.034446 0.027423 0.019215 0.0098605
87 0.055911 0.057239 0.058469 0.059288 0.059799 0.060173 0.060408 0.060569 0.059958 0.059347 0.058903 0.058626 0.058348 0.052908 0.046968 0.040971 0.034917 0.027852 0.019439 0.0099085
88 0.055193 0.056359 0.057845 0.058814 0.059395 0.059811 0.060063 0.060252 0.059777 0.059302 0.059047 0.059011 0.058975 0.053532 0.047567 0.041545 0.035467 0.02831 0.019718 0.010017
89 0.054134 0.055424 0.056893 0.058071 0.059031 0.059635 0.059883 0.060077 0.059723 0.059369 0.05926 0.059395 0.05953 0.054147 0.048229 0.042187 0.03602 0.028781 0.020116 0.010095
90 0.05305 0.054582 0.055907 0.057181 0.058416 0.059261 0.059714 0.060104 0.059847 0.059591 0.059632 0.059971 0.060311 0.054787 0.048696 0.042595 0.036483 0.029241 0.020493 0.010138
91 0.052253 0.053649 0.055153 0.056547 0.057859 0.058829 0.059457 0.060028 0.060001 0.059974 0.060082 0.060325 0.060568 0.055188 0.049266 0.043215 0.037036 0.029675 0.02074 0.010156
92 0.051679 0.053129 0.054693 0.056102 0.057393 0.058419 0.05918 0.059889 0.060053 0.060216 0.060416 0.060652 0.060888 0.05558 0.049735 0.043639 0.037292 0.029859 0.020979 0.010208
93 0.05102 0.052844 0.054293 0.055636 0.0569 0.058034 0.059039 0.059968 0.060104 0.060241 0.060482 0.060827 0.061171 0.055875 0.050033 0.043979 0.037714 0.030276 0.021275 0.010289
94 0.05025 0.052318 0.053682 0.055073 0.056485 0.057728 0.058805 0.059808 0.060052 0.060296 0.060638 0.061078 0.061518 0.056269 0.05047 0.04448 0.038298 0.030808 0.021576 0.010366
95 0.049284 0.051671 0.052902 0.054389 0.05607 0.057477 0.058609 0.059681 0.060137 0.060592 0.060964 0.061251 0.061539 0.05655 0.051052 0.045183 0.038944 0.031319 0.021849 0.010537
96 0.048478 0.050759 0.051842 0.053395 0.055302 0.057003 0.0585 0.059905 0.060373 0.060841 0.061223 0.061521 0.061818 0.057049 0.051789 0.045984 0.039634 0.031856 0.022176 0.010552
97 0.047609 0.049853 0.051243 0.052855 0.054635 0.056484 0.058402 0.06018 0.060502 0.060824 0.061171 0.061544 0.061916 0.057466 0.05255 0.046828 0.040302 0.032394 0.022647 0.010596
98 0.046714 0.049199 0.050882 0.052454 0.053943 0.055875 0.058251 0.060417 0.060423 0.060429 0.060777 0.061467 0.062157 0.058016 0.053406 0.047741 0.041021 0.032943 0.023058 0.010827
99 0.045719 0.048422 0.050446 0.052113 0.053513 0.055505 0.05809 0.060442 0.060395 0.060348 0.060693 0.061429 0.062165 0.058359 0.054113 0.048492 0.041495 0.033366 0.023727 0.011168
100 0.044839 0.047424 0.04992 0.051776 0.053151 0.055248 0.058067 0.060626 0.060499 0.060371 0.060667 0.061386 0.062105 0.058599 0.054683 0.049125 0.041923 0.033799 0.024446 0.011345
101 0.04364 0.046552 0.049049 0.051081 0.052764 0.055117 0.058139 0.060866 0.060537 0.060208 0.06043 0.061203 0.061975 0.058882 0.055414 0.050075 0.042866 0.034602 0.024935 0.011665
102 0.042233 0.045523 0.047966 0.050329 0.052631 0.05521 0.058066 0.060646 0.060375 0.060104 0.060335 0.061068 0.061801 0.059253 0.056388 0.051244 0.043822 0.03537 0.025546 0.01209
103 0.041679 0.044495 0.047046 0.049668 0.052343 0.055234 0.058341 0.061119 0.060506 0.059893 0.059965 0.06072 0.061475 0.059393 0.057035 0.052095 0.044573 0.036043 0.026172 0.012204
104 0.04096 0.04421 0.046731 0.049392 0.05216 0.055308 0.058838 0.061929 0.060495 0.05906 0.058921 0.060077 0.061232 0.059483 0.057453 0.052686 0.045182 0.036668 0.02681 0.012402
105 0.040451 0.04375 0.046306 0.049104 0.052083 0.055313 0.058795 0.061826 0.060196 0.058566 0.058401 0.059702 0.061004 0.059608 0.057952 0.053366 0.045852 0.037345 0.027516 0.012863
106 0.040219 0.043558 0.045845 0.048678 0.051921 0.055289 0.058782 0.061805 0.05996 0.058114 0.057929 0.059404 0.060879 0.059757 0.058383 0.053913 0.046348 0.037824 0.028023 0.01337
107 0.039718 0.043158 0.045101 0.048026 0.051688 0.055391 0.059133 0.062343 0.060037 0.057731 0.057438 0.059156 0.060874 0.060076 0.059035 0.054589 0.046736 0.038064 0.028299 0.013405
108 0.038663 0.042151 0.044172 0.047334 0.051355 0.055393 0.059449 0.06291 0.060215 0.05752 0.057079 0.058891 0.060704 0.060303 0.059689 0.055461 0.047621 0.038775 0.02859 0.013727
109 0.03785 0.041284 0.043344 0.046674 0.050959 0.055475 0.060222 0.064237 0.060694 0.057151 0.056278 0.058074 0.05987 0.060114 0.060207 0.056337 0.048503 0.039619 0.029335 0.013772
110 0.037503 0.041106 0.04339 0.046581 0.050452 0.054885 0.059879 0.064087 0.06016 0.056232 0.055434 0.057765 0.060097 0.06051 0.060737 0.057017 0.04935 0.040528 0.030168 0.014122
111 0.037015 0.040797 0.043245 0.046245 0.049661 0.054202 0.059867 0.064634 0.060115 0.055595 0.054632 0.057224 0.059817 0.060804 0.061636 0.058049 0.050045 0.0411 0.0309 0.014415
112 0.03645 0.040352 0.043224 0.04625 0.049391 0.053975 0.060001 0.065067 0.060209 0.055351 0.054261 0.05694 0.059619 0.060916 0.06208 0.058439 0.049993 0.041057 0.031469 0.014955
113 0.036104 0.039968 0.043056 0.046062 0.049007 0.053671 0.060055 0.06545 0.060629 0.055807 0.054571 0.056922 0.059272 0.060825 0.0623 0.058588 0.049687 0.040715 0.031649 0.015663
114 0.036092 0.040603 0.044028 0.046601 0.048536 0.053049 0.060142 0.066108 0.06043 0.054752 0.053367 0.056275 0.059183 0.060894 0.062488 0.0588 0.049831 0.040882 0.031961 0.015979
115 0.035926 0.041299 0.044777 0.047095 0.048541 0.052861 0.060055 0.066054 0.059684 0.053314 0.051916 0.055489 0.059061 0.060864 0.062495 0.059008 0.050403 0.04159 0.032499 0.01707
