1 0 0 0 0 0 0 0 0 0 0 0 0 0 0 0 0 0 0 0 0
2 0 0 0 0 0 0 0 0 0 0 0 0 0 0 0 0 0 0 0 0
3 0 0 0 0 0 0 0 0 0 0 0 0 0 0 0 0 0 0 0 0
4 0 0 0 0 0 0 0 0 0 0 0 0 0 0 0 0 0 0 0 0
5 0 0 0 0 0 0 0 0 0 0 0 0 0 0 0 0 0 0 0 0
6 0 0 0 0 0 0 0 0 0 0 0 0 0 0 0 0 0 0 0 0
7 0 0 0 0 0 0 0 0 0 0 0 0 0 0 0 0 0 0 0 0
8 0 0 0 0 0 0 0 0 0 0 0 0 0 0 0 0 0 0 0 0
9 0 0 0 0 0 0 0 0 0 0 0 0 0 0 0 0 0 0 0 0
10 0 0 0 0 0 0 0 0 0 0 0 0 0 0 0 0 0 0 0 0
11 0 0 0 0 0 0 0 0 0 0 0 0 0 0 0 0 0 0 0 0
12 0 0 0 0 0 0 0 0 0 0 0 0 0 0 0 0 0 0 0 0
13 0 0 0 0 0 0 0 0 0 0 0 0 0 0 0 0 0 0 0 0
14 0 0 0 0 0 0 0 0 0 0 0 0 0 0 0 0 0 0 0 0
15 0 0 0 0 0 0 0 0 0 0 0 0 0 0 0 0 0 0 0 0
16 0 0 0 0 0 0 0 0 0 0 0 0 0 0 0 0 0 0 0 0
17 0 0 0 0 0 0 0 0 0 0 0 0 0 0 0 0 0 0 0 0
18 0 0 0 0 0 0 0 0 0 0 0 0 0 0 0 0 0 0 0 0
19 0 0 0 0 0 0 0 0 0 0 0 0 0 0 0 0 0 0 0 0
20 0 0 0 0 0 0 0 0 0 0 0 0 0 0 0 0 0 0 0 0
21 0 0 0 0 0 0 0 0 0 0 0 0 0 0 0 0 0 0 0 0
22 0 0 0 0 0 0 0 0 0 0 0 0 0 0 0 0 0 0 0 0
23 0 0 0 0 0 0 0 0 0 0 0 0 0 0 0 0 0 0 0 0
24 0 0 0 0 0 0 0 0 0 0 0 0 0 0 0 0 0 0 0 0
25 0 0 0 0 0 0 0 0 0 0 0 0 0 0 0 0 0 0 0 0
26 0.043158 0.046415 0.053387 0.05504 0.052696 0.053389 0.057116 0.06018 0.056387 0.052595 0.052408 0.055826 0.059245 0.055482 0.051025 0.045847 0.039948 0.03667 0.036881 0.036305
27 0.044838 0.052301 0.057134 0.05886 0.058251 0.058591 0.05988 0.060666 0.056238 0.051811 0.05069 0.052875 0.05506 0.051702 0.047808 0.043046 0.037416 0.034315 0.034582 0.033938
28 0.058879 0.065805 0.067229 0.067051 0.06567 0.063312 0.059976 0.056708 0.054148 0.051587 0.049222 0.047051 0.044881 0.042525 0.04015 0.037618 0.034929 0.03255 0.030585 0.030125
29 0.067621 0.070129 0.069136 0.067092 0.064258 0.061336 0.058325 0.055382 0.053141 0.0509 0.04859 0.046213 0.043836 0.041516 0.039202 0.037017 0.034961 0.032626 0.029918 0.0288
30 0.071652 0.072536 0.070038 0.066953 0.063427 0.0604 0.057872 0.055351 0.0529 0.050449 0.048079 0.045791 0.043503 0.041251 0.039002 0.036739 0.034462 0.032153 0.029801 0.02764
31 0.073234 0.073668 0.069991 0.066865 0.064153 0.061447 0.058748 0.056053 0.053404 0.050754 0.048185 0.045696 0.043207 0.040751 0.038298 0.035883 0.033503 0.031104 0.028676 0.026377
32 0.074875 0.074297 0.070588 0.067377 0.064541 0.061793 0.059132 0.056468 0.053768 0.051069 0.048393 0.045742 0.043091 0.040444 0.037797 0.035171 0.032565 0.030024 0.027569 0.025297
33 0.077219 0.074318 0.071352 0.068373 0.065385 0.062436 0.059526 0.056629 0.053875 0.05112 0.048347 0.045555 0.042763 0.03995 0.037136 0.034401 0.031746 0.029139 0.026595 0.024136
34 0.078105 0.075166 0.072141 0.069133 0.066137 0.063138 0.060135 0.057133 0.054136 0.051138 0.0482 0.045323 0.042445 0.039501 0.036551 0.033703 0.030957 0.028254 0.025607 0.023097
35 0.079165 0.075987 0.072926 0.06984 0.066736 0.063644 0.060562 0.057478 0.054368 0.051259 0.04817 0.045103 0.042035 0.039053 0.036079 0.033159 0.030291 0.027456 0.024663 0.022026
36 0.080146 0.076937 0.073727 0.070513 0.067297 0.064082 0.060869 0.057661 0.054492 0.051324 0.048148 0.044965 0.041781 0.038702 0.035634 0.032605 0.029617 0.026673 0.023789 0.021038
37 0.080885 0.077625 0.074337 0.071064 0.0678 0.064522 0.061228 0.057936 0.054664 0.051393 0.048124 0.044859 0.041593 0.038426 0.035267 0.032138 0.029036 0.02598 0.022984 0.020139
38 0.081578 0.078224 0.074868 0.07152 0.068179 0.064835 0.061488 0.058143 0.054812 0.051482 0.048157 0.044839 0.041521 0.038242 0.034968 0.031718 0.028494 0.025334 0.02226 0.019338
39 0.085545 0.082743 0.078817 0.075038 0.071368 0.067929 0.064719 0.061461 0.057695 0.053928 0.047393 0.038088 0.028784 0.030076 0.032392 0.031834 0.028401 0.024888 0.02127 0.017632
40 0.085737 0.082887 0.079292 0.075708 0.072133 0.06865 0.06526 0.061838 0.058095 0.054351 0.047482 0.037488 0.027493 0.029225 0.03209 0.031719 0.028111 0.024481 0.020822 0.017138
41 0.086487 0.083136 0.079648 0.076219 0.072835 0.069341 0.065737 0.062109 0.05823 0.054351 0.047226 0.036856 0.026485 0.028602 0.031926 0.031707 0.027943 0.024168 0.02038 0.016613
42 0.086498 0.083346 0.079799 0.07626 0.072728 0.069235 0.065783 0.062299 0.058483 0.054667 0.047554 0.037145 0.026736 0.028724 0.031911 0.031558 0.027667 0.023761 0.019834 0.016015
43 0.086171 0.082817 0.079391 0.075997 0.072627 0.069204 0.065728 0.062238 0.058591 0.054944 0.048095 0.038043 0.027992 0.029452 0.032026 0.03131 0.027304 0.023306 0.019321 0.015444
44 0.085919 0.082545 0.07922 0.075839 0.072415 0.068977 0.065525 0.06206 0.058466 0.054873 0.048335 0.038853 0.029371 0.030291 0.032218 0.031142 0.027065 0.023009 0.018981 0.014897
45 0.085492 0.082064 0.078985 0.075785 0.072493 0.069084 0.065558 0.062025 0.058416 0.054808 0.048511 0.039525 0.030539 0.030968 0.032307 0.030926 0.026823 0.022711 0.018584 0.014395
46 0.085114 0.081966 0.078864 0.07562 0.072267 0.06888 0.065457 0.062017 0.058396 0.054775 0.048727 0.040252 0.031777 0.031675 0.032383 0.030681 0.02657 0.022416 0.018204 0.013958
47 0.084803 0.082018 0.078629 0.075323 0.07208 0.068751 0.065338 0.06191 0.05832 0.05473 0.04893 0.04092 0.032909 0.03237 0.032554 0.03055 0.026358 0.022126 0.017842 0.013539
48 0.084422 0.081603 0.078368 0.075202 0.072087 0.068796 0.06533 0.061849 0.058221 0.054593 0.049018 0.041496 0.033975 0.033055 0.032774 0.030491 0.026208 0.021886 0.017515 0.01311
49 0.083891 0.081242 0.078154 0.075029 0.071877 0.068632 0.065293 0.061926 0.058266 0.054607 0.049202 0.042053 0.034904 0.033643 0.032951 0.030443 0.026118 0.021731 0.01726 0.012777
50 0.08357 0.080973 0.077933 0.074844 0.07172 0.068508 0.06521 0.06188 0.05822 0.05456 0.049347 0.04258 0.035814 0.034237 0.033163 0.030422 0.026013 0.021541 0.016984 0.01248
51 0.083046 0.080496 0.077607 0.074602 0.071512 0.068352 0.065123 0.06186 0.058248 0.054636 0.049616 0.043188 0.03676 0.034845 0.033366 0.0304 0.025946 0.021413 0.016775 0.012211
52 0.082555 0.079877 0.077275 0.074398 0.071314 0.068207 0.065077 0.061906 0.05832 0.054733 0.049879 0.043759 0.037638 0.035413 0.033565 0.030381 0.025861 0.021277 0.016609 0.011956
53 0.082047 0.079429 0.076781 0.074007 0.071138 0.068136 0.065001 0.061834 0.05834 0.054845 0.050185 0.044358 0.038531 0.036011 0.033811 0.030415 0.025822 0.021175 0.016454 0.011681
54 0.08147 0.079046 0.076454 0.073743 0.070943 0.067985 0.064871 0.06173 0.058315 0.054901 0.050433 0.044914 0.039394 0.036609 0.034087 0.030497 0.025836 0.021106 0.016283 0.011382
55 0.080853 0.078575 0.07608 0.073461 0.070749 0.067869 0.064822 0.061744 0.058347 0.05495 0.050633 0.045396 0.040159 0.037143 0.034341 0.030589 0.025886 0.021084 0.016147 0.011172
56 0.080312 0.078106 0.07571 0.073174 0.070532 0.067723 0.064744 0.06173 0.058345 0.054961 0.050807 0.045885 0.040962 0.037697 0.034592 0.030673 0.025941 0.021084 0.016062 0.01096
57 0.079737 0.077613 0.075323 0.072854 0.07025 0.067519 0.06466 0.061758 0.058399 0.055041 0.05103 0.046368 0.041706 0.038233 0.034875 0.030799 0.026004 0.021074 0.015964 0.010792
58 0.079083 0.077071 0.074883 0.072528 0.070047 0.067395 0.064569 0.061705 0.058437 0.055169 0.051318 0.046885 0.042451 0.038751 0.035121 0.030895 0.026073 0.021088 0.015886 0.010645
59 0.078417 0.076518 0.074422 0.072166 0.06979 0.067234 0.064499 0.06172 0.058492 0.055264 0.051557 0.047373 0.043188 0.039276 0.03539 0.031023 0.026173 0.021144 0.015876 0.01048
60 0.077791 0.075978 0.073992 0.071851 0.069594 0.067116 0.064415 0.061675 0.05852 0.055365 0.051801 0.047828 0.043855 0.03978 0.035695 0.031186 0.026253 0.021155 0.015838 0.010311
61 0.077178 0.075408 0.073554 0.071492 0.069273 0.066871 0.064285 0.061654 0.058557 0.055461 0.052042 0.0483 0.044558 0.040316 0.036026 0.031394 0.02642 0.021246 0.015805 0.010162
62 0.076482 0.074821 0.073042 0.071087 0.068999 0.066705 0.064206 0.061659 0.058627 0.055595 0.052311 0.048776 0.045241 0.040832 0.036338 0.03158 0.026558 0.021319 0.01579 0.010034
63 0.075873 0.074241 0.072594 0.070747 0.068749 0.066538 0.064115 0.061642 0.058655 0.055667 0.05251 0.049182 0.045854 0.041309 0.036646 0.031783 0.026721 0.021422 0.015808 0.009943
64 0.075121 0.073618 0.072136 0.070393 0.068456 0.066324 0.063997 0.061618 0.058702 0.055786 0.052766 0.04964 0.046515 0.041813 0.036958 0.031989 0.026904 0.021552 0.015843 0.0098686
65 0.0744 0.073125 0.071716 0.070019 0.068106 0.066058 0.063875 0.061631 0.058767 0.055902 0.053004 0.050073 0.047142 0.042299 0.037271 0.032199 0.027082 0.021678 0.015893 0.0097589
66 0.073729 0.0726 0.071242 0.069611 0.067775 0.065816 0.063735 0.061591 0.058812 0.056032 0.053259 0.050491 0.047723 0.042777 0.03762 0.032448 0.027262 0.021804 0.015984 0.0096905
67 0.073021 0.071772 0.07064 0.069185 0.067488 0.065648 0.063664 0.061616 0.058917 0.056217 0.053559 0.050943 0.048327 0.043271 0.03798 0.03271 0.027462 0.021931 0.016022 0.0096267
68 0.072094 0.071067 0.0701 0.068787 0.067213 0.065476 0.063576 0.061613 0.058999 0.056386 0.053844 0.051374 0.048905 0.043768 0.038374 0.033019 0.027702 0.022085 0.016068 0.0095497
69 0.07142 0.07041 0.069585 0.068414 0.066981 0.065337 0.063481 0.061565 0.059028 0.056492 0.05407 0.051762 0.049455 0.044226 0.038716 0.03328 0.027918 0.022235 0.016124 0.0095023
70 0.07039 0.069853 0.069041 0.067946 0.066638 0.06509 0.063303 0.061459 0.059032 0.056605 0.054333 0.052218 0.050102 0.044774 0.039135 0.033623 0.028238 0.022485 0.016243 0.0094942
71 0.069583 0.069229 0.068544 0.067535 0.066282 0.06484 0.063211 0.061512 0.059104 0.056696 0.054523 0.052585 0.050647 0.045245 0.039508 0.033925 0.028497 0.022681 0.016349 0.0095032
72 0.068725 0.068625 0.067949 0.067043 0.065965 0.064663 0.063138 0.061538 0.059161 0.056783 0.05471 0.052941 0.051173 0.045718 0.039907 0.034265 0.028792 0.022904 0.016465 0.0095342
73 0.067845 0.067674 0.067396 0.066717 0.065736 0.064523 0.063079 0.061555 0.059214 0.056873 0.054899 0.053292 0.051684 0.046184 0.040307 0.034621 0.029127 0.023168 0.016591 0.0095146
74 0.067054 0.066949 0.066748 0.066196 0.065378 0.064317 0.063012 0.061621 0.059345 0.057068 0.055176 0.053667 0.052158 0.04661 0.040672 0.03495 0.029446 0.023429 0.016732 0.0094742
75 0.066371 0.066452 0.066226 0.065749 0.065084 0.064132 0.062895 0.061572 0.059371 0.057169 0.055373 0.053984 0.052595 0.047011 0.04102 0.035267 0.029751 0.023684 0.016883 0.0094121
76 0.065611 0.065925 0.065671 0.065253 0.064712 0.063866 0.062715 0.061483 0.059407 0.057332 0.055654 0.054373 0.053091 0.047469 0.041426 0.035625 0.030065 0.023931 0.017035 0.009356
77 0.064948 0.065417 0.065119 0.064736 0.06429 0.063575 0.06259 0.061512 0.059473 0.057434 0.055849 0.054717 0.053586 0.047895 0.041764 0.035915 0.030349 0.024177 0.017199 0.009455
78 0.064317 0.064832 0.064508 0.064203 0.063912 0.06328 0.062306 0.061254 0.059405 0.057555 0.056117 0.055091 0.054065 0.048385 0.042256 0.036376 0.030746 0.024488 0.017395 0.0095099
79 0.063482 0.064316 0.063903 0.063682 0.063607 0.063071 0.062075 0.061019 0.059349 0.057678 0.056384 0.055464 0.054545 0.048856 0.042705 0.036801 0.031143 0.024812 0.017582 0.0095268
80 0.062645 0.063851 0.063339 0.063164 0.063244 0.062793 0.061812 0.060785 0.059281 0.057778 0.05662 0.055808 0.054996 0.049351 0.043238 0.037304 0.03155 0.025109 0.017755 0.009576
81 0.062006 0.063047 0.062513 0.062438 0.062707 0.062477 0.061746 0.060949 0.059477 0.058005 0.056896 0.05615 0.055404 0.049804 0.043735 0.03778 0.031939 0.025396 0.01792 0.0096114
82 0.061129 0.062 0.061585 0.061674 0.062143 0.062176 0.061775 0.061277 0.059768 0.05826 0.057181 0.056531 0.055881 0.050298 0.044238 0.038267 0.032384 0.025748 0.018108 0.0095794
83 0.060356 0.060977 0.060951 0.061122 0.06144 0.061594 0.061584 0.061447 0.059996 0.058546 0.057544 0.056991 0.056438 0.050821 0.044714 0.038707 0.0328 0.026093 0.01832 0.00956
84 0.059169 0.059932 0.060401 0.060782 0.061096 0.061318 0.061447 0.061451 0.060171 0.058891 0.057958 0.05737 0.056782 0.051198 0.045132 0.039126 0.033181 0.026413 0.018551 0.0096316
85 0.058357 0.059324 0.059881 0.060331 0.060698 0.060998 0.061229 0.061342 0.060228 0.059115 0.058268 0.057688 0.057108 0.051579 0.045571 0.03956 0.033548 0.02671 0.018771 0.009693
86 0.057581 0.058649 0.059461 0.060043 0.060451 0.060769 0.060994 0.061117 0.060171 0.059225 0.058494 0.057978 0.057461 0.051975 0.046007 0.039986 0.033911 0.026998 0.018968 0.0097615
87 0.056922 0.057927 0.058971 0.059706 0.060208 0.060574 0.060803 0.060938 0.060108 0.059278 0.058637 0.058185 0.057733 0.052353 0.046496 0.040492 0.034342 0.027327 0.019162 0.009839
88 0.056126 0.0574 0.058595 0.059388 0.059878 0.060243 0.06048 0.06064 0.059993 0.059346 0.058861 0.058537 0.058213 0.052775 0.046843 0.040851 0.034799 0.027753 0.019382 0.0098972
89 0.055388 0.056555 0.057993 0.058934 0.059502 0.059903 0.060137 0.060307 0.059811 0.059314 0.059019 0.058924 0.05883 0.053383 0.047419 0.041403 0.035335 0.028202 0.01965 0.0099886
90 0.054374 0.055589 0.057149 0.058297 0.059136 0.059664 0.059882 0.06005 0.059703 0.059355 0.059225 0.059311 0.059398 0.05401 0.048093 0.042058 0.035906 0.028682 0.020033 0.010083
91 0.053228 0.054799 0.056123 0.057377 0.058578 0.059376 0.059771 0.060105 0.059818 0.05953 0.059536 0.059837 0.060137 0.054645 0.048593 0.042503 0.036378 0.029135 0.020407 0.010126
92 0.052391 0.053799 0.055303 0.056687 0.057983 0.058928 0.059522 0.060057 0.059973 0.059889 0.059985 0.060259 0.060534 0.055114 0.049144 0.043078 0.036918 0.029586 0.020696 0.010153
93 0.051805 0.053192 0.054758 0.056177 0.057487 0.05851 0.059247 0.059931 0.060065 0.0602 0.060377 0.060595 0.060814 0.055493 0.049635 0.043552 0.037244 0.029821 0.020914 0.01018
94 0.051207 0.05294 0.054406 0.055744 0.056985 0.058094 0.059071 0.059972 0.060099 0.060226 0.060455 0.060786 0.061116 0.055817 0.049973 0.043898 0.037591 0.03015 0.021199 0.010271
95 0.05048 0.052487 0.053853 0.055211 0.056562 0.057783 0.058874 0.059884 0.060061 0.060238 0.060553 0.061007 0.06146 0.056177 0.05034 0.044334 0.038161 0.030697 0.021513 0.010325
96 0.049523 0.051833 0.053093 0.054564 0.056194 0.057558 0.058656 0.059694 0.060106 0.060518 0.060886 0.061211 0.061536 0.056477 0.050897 0.044998 0.03878 0.031191 0.021778 0.010507
97 0.048674 0.051017 0.052124 0.053651 0.055494 0.057114 0.058512 0.059829 0.060317 0.060805 0.061188 0.061468 0.061747 0.056916 0.05159 0.045773 0.039465 0.031718 0.022057 0.010542
98 0.047807 0.050041 0.051391 0.053003 0.05481 0.056617 0.058424 0.060103 0.060468 0.060833 0.061191 0.061542 0.061893 0.057366 0.052367 0.046623 0.040132 0.032259 0.022545 0.010586
99 0.046924 0.049318 0.05096 0.052556 0.054117 0.056034 0.058307 0.060386 0.060459 0.060532 0.060868 0.061467 0.062065 0.057864 0.053198 0.047533 0.040868 0.032827 0.022954 0.010764
100 0.045904 0.048661 0.05058 0.052202 0.053601 0.055566 0.058096 0.0604 0.06037 0.060339 0.060699 0.061451 0.062202 0.058309 0.053966 0.048327 0.04139 0.033271 0.023576 0.01109
101 0.045055 0.047563 0.050032 0.051881 0.053262 0.055326 0.058071 0.060565 0.060472 0.060379 0.060682 0.061382 0.062081 0.058527 0.054561 0.048998 0.041839 0.033709 0.024288 0.011328
102 0.043957 0.046793 0.049319 0.051274 0.052802 0.05508 0.058109 0.060845 0.060546 0.060248 0.060478 0.061238 0.061997 0.058807 0.055234 0.049845 0.04264 0.034416 0.024837 0.011535
103 0.042612 0.045798 0.048172 0.050452 0.052662 0.055218 0.058119 0.060735 0.06041 0.060085 0.060303 0.061062 0.061822 0.059154 0.056155 0.050975 0.043614 0.035202 0.025391 0.012056
104 0.041814 0.044754 0.047185 0.049732 0.052366 0.05521 0.058263 0.061006 0.060533 0.06006 0.060153 0.060811 0.061469 0.059322 0.056905 0.051933 0.044408 0.035883 0.026027 0.012164
105 0.041178 0.044275 0.046833 0.049493 0.05223 0.055312 0.058738 0.061748 0.060456 0.059164 0.059077 0.060196 0.061315 0.059486 0.057372 0.052562 0.045056 0.036534 0.026661 0.012313
106 0.040536 0.043904 0.046432 0.049187 0.052113 0.055353 0.058906 0.061999 0.060339 0.05868 0.05847 0.059709 0.060949 0.059499 0.057788 0.05318 0.045674 0.037177 0.027361 0.012746
107 0.040262 0.043559 0.046015 0.048889 0.052076 0.055353 0.058719 0.06164 0.05996 0.05828 0.058121 0.059484 0.060847 0.059649 0.058205 0.053737 0.046247 0.037755 0.027931 0.013272
108 0.039932 0.043365 0.045305 0.048175 0.051743 0.055374 0.059068 0.062242 0.060028 0.057815 0.057541 0.059207 0.060872 0.060007 0.058896 0.054403 0.046528 0.037884 0.028216 0.013397
109 0.038914 0.042391 0.04438 0.047498 0.051466 0.055405 0.059317 0.062658 0.060102 0.057546 0.057172 0.058981 0.060789 0.060289 0.059565 0.055283 0.047442 0.03863 0.028526 0.013647
110 0.037987 0.041378 0.043513 0.046839 0.051058 0.055471 0.060078 0.063983 0.060631 0.057279 0.056491 0.058268 0.060045 0.060149 0.060091 0.056136 0.048283 0.039399 0.029145 0.013778
111 0.037634 0.041195 0.043421 0.046646 0.050622 0.055078 0.060015 0.064174 0.060292 0.05641 0.055585 0.057816 0.060047 0.06037 0.060508 0.056761 0.049128 0.04033 0.029981 0.01399
112 0.037173 0.040909 0.043271 0.046277 0.049768 0.054297 0.059862 0.064545 0.06011 0.055674 0.054752 0.057345 0.059937 0.060781 0.061456 0.057829 0.049901 0.04098 0.030736 0.014397
113 0.036644 0.040526 0.043297 0.046269 0.049393 0.053965 0.059984 0.065046 0.060202 0.055359 0.054262 0.056912 0.059562 0.060853 0.062013 0.058421 0.050078 0.04113 0.031376 0.014709
114 0.036115 0.040022 0.04294 0.045978 0.049107 0.053801 0.06006 0.065349 0.060603 0.055857 0.054651 0.056986 0.059321 0.060809 0.062216 0.058511 0.049695 0.040738 0.031593 0.015648
115 0.036163 0.040389 0.043805 0.046514 0.04869 0.05324 0.060165 0.065995 0.060498 0.055002 0.053639 0.056411 0.059183 0.060881 0.062476 0.058771 0.049766 0.0408 0.031887 0.015726
