1 0 0 0 0 0 0 0 0 0 0 0 0 0 0 0 0 0 0 0 0
2 0 0 0 0 0 0 0 0 0 0 0 0 0 0 0 0 0 0 0 0
3 0 0 0 0 0 0 0 0 0 0 0 0 0 0 0 0 0 0 0 0
4 0 0 0 0 0 0 0 0 0 0 0 0 0 0 0 0 0 0 0 0
5 0 0 0 0 0 0 0 0 0 0 0 0 0 0 0 0 0 0 0 0
6 0 0 0 0 0 0 0 0 0 0 0 0 0 0 0 0 0 0 0 0
7 0 0 0 0 0 0 0 0 0 0 0 0 0 0 0 0 0 0 0 0
8 0 0 0 0 0 0 0 0 0 0 0 0 0 0 0 0 0 0 0 0
9 0 0 0 0 0 0 0 0 0 0 0 0 0 0 0 0 0 0 0 0
10 0 0 0 0 0 0 0 0 0 0 0 0 0 0 0 0 0 0 0 0
11 0 0 0 0 0 0 0 0 0 0 0 0 0 0 0 0 0 0 0 0
12 0 0 0 0 0 0 0 0 0 0 0 0 0 0 0 0 0 0 0 0
13 0 0 0 0 0 0 0 0 0 0 0 0 0 0 0 0 0 0 0 0
14 0 0 0 0 0 0 0 0 0 0 0 0 0 0 0 0 0 0 0 0
15 0 0 0 0 0 0 0 0 0 0 0 0 0 0 0 0 0 0 0 0
16 0 0 0 0 0 0 0 0 0 0 0 0 0 0 0 0 0 0 0 0
17 0 0 0 0 0 0 0 0 0 0 0 0 0 0 0 0 0 0 0 0
18 0 0 0 0 0 0 0 0 0 0 0 0 0 0 0 0 0 0 0 0
19 0 0 0 0 0 0 0 0 0 0 0 0 0 0 0 0 0 0 0 0
20 0 0 0 0 0 0 0 0 0 0 0 0 0 0 0 0 0 0 0 0
21 0 0 0 0 0 0 0 0 0 0 0 0 0 0 0 0 0 0 0 0
22 0 0 0 0 0 0 0 0 0 0 0 0 0 0 0 0 0 0 0 0
23 0.043282 0.04653 0.0535 0.055138 0.052771 0.053478 0.057256 0.06036 0.056483 0.052607 0.052366 0.055761 0.059156 0.055382 0.050914 0.045731 0.039832 0.036548 0.036746 0.036159
24 0.057387 0.063608 0.065839 0.066251 0.065297 0.063243 0.060089 0.056975 0.054271 0.051566 0.049512 0.048108 0.046705 0.043999 0.041166 0.037931 0.034293 0.03182 0.030898 0.031042
25 0.066088 0.068663 0.068243 0.067098 0.065408 0.062716 0.059021 0.055456 0.053223 0.050989 0.048657 0.046224 0.043792 0.041551 0.039329 0.037142 0.034988 0.032542 0.029706 0.029162
26 0.06947 0.071665 0.069854 0.066991 0.063338 0.060403 0.058185 0.05593 0.053285 0.05064 0.048185 0.045919 0.043654 0.041379 0.039104 0.036868 0.034669 0.032451 0.030206 0.027804
27 0.073006 0.073865 0.069962 0.066595 0.063629 0.060872 0.058324 0.055776 0.053231 0.050686 0.048185 0.045726 0.043268 0.040936 0.038617 0.036262 0.03387 0.031438 0.028953 0.026796
28 0.074473 0.074204 0.070341 0.067146 0.064451 0.061702 0.058899 0.056118 0.053569 0.051021 0.048427 0.045787 0.043147 0.040551 0.03796 0.035388 0.032836 0.030355 0.02797 0.025656
29 0.077111 0.074069 0.070993 0.068026 0.06514 0.062255 0.05937 0.056502 0.053798 0.051094 0.048363 0.045604 0.042846 0.040096 0.037347 0.034641 0.031978 0.029385 0.026887 0.024495
30 0.077864 0.075 0.071981 0.068955 0.065922 0.062924 0.059959 0.056995 0.054051 0.051107 0.048207 0.045349 0.042492 0.039595 0.036693 0.033898 0.031208 0.028535 0.025884 0.023379
31 0.078878 0.075731 0.072704 0.069659 0.066601 0.063541 0.060478 0.057412 0.054311 0.051209 0.04815 0.045133 0.042115 0.039155 0.036199 0.033309 0.030484 0.027684 0.024918 0.02233
32 0.079838 0.07667 0.073498 0.070311 0.067111 0.063939 0.060796 0.057651 0.054497 0.051343 0.048176 0.044997 0.041819 0.038775 0.035744 0.032759 0.029822 0.026912 0.024037 0.021306
33 0.08059 0.077402 0.074146 0.070899 0.067659 0.064392 0.061097 0.05781 0.054594 0.051378 0.04815 0.04491 0.041669 0.03853 0.035401 0.032294 0.029208 0.026187 0.023254 0.02043
34 0.081395 0.078059 0.074734 0.071404 0.068072 0.064741 0.061411 0.058082 0.054762 0.051443 0.048136 0.044841 0.041547 0.038301 0.03506 0.031838 0.028636 0.025503 0.022463 0.019573
35 0.082159 0.07862 0.075185 0.071804 0.068465 0.065087 0.061673 0.058262 0.054899 0.051535 0.048175 0.044819 0.041464 0.038101 0.034737 0.031412 0.028127 0.024908 0.021775 0.018794
36 0.082589 0.079116 0.075688 0.072266 0.068849 0.065422 0.061983 0.058543 0.055089 0.051634 0.048189 0.044751 0.041314 0.03788 0.034446 0.031049 0.027689 0.024373 0.021115 0.018014
37 0.083079 0.079585 0.076095 0.072634 0.069194 0.06573 0.062242 0.058753 0.055244 0.051735 0.048226 0.044718 0.04121 0.037701 0.034192 0.030712 0.027262 0.023857 0.020514 0.017318
38 0.083376 0.079893 0.0765 0.073027 0.069493 0.065981 0.062492 0.058994 0.055413 0.051832 0.048259 0.044696 0.041132 0.037559 0.033985 0.030428 0.026887 0.023397 0.019974 0.016684
39 0.086334 0.082925 0.079492 0.076066 0.072644 0.069209 0.065761 0.062292 0.058618 0.054944 0.048003 0.037795 0.027587 0.029194 0.031943 0.031339 0.027382 0.023417 0.019438 0.015618
40 0.085982 0.082605 0.079327 0.075981 0.072584 0.069117 0.065578 0.062035 0.058443 0.05485 0.048231 0.038587 0.028943 0.030033 0.03216 0.031191 0.027125 0.023088 0.019092 0.015049
41 0.085611 0.08205 0.079037 0.07585 0.072533 0.069112 0.065587 0.062054 0.058448 0.054841 0.048471 0.039336 0.030202 0.030763 0.032262 0.030965 0.026871 0.022781 0.018696 0.014532
42 0.085322 0.082015 0.078757 0.075529 0.072324 0.068993 0.065535 0.062062 0.058427 0.054792 0.04866 0.04003 0.031401 0.031457 0.032353 0.030755 0.026661 0.022522 0.018323 0.014083
43 0.084949 0.082046 0.07875 0.075454 0.072159 0.068798 0.065372 0.061931 0.05833 0.054729 0.048851 0.040697 0.032543 0.032135 0.032476 0.030569 0.026412 0.022206 0.017936 0.013655
44 0.084626 0.081734 0.078475 0.075245 0.072037 0.068726 0.065312 0.06188 0.058257 0.054635 0.048997 0.041345 0.033692 0.032864 0.032695 0.030484 0.02623 0.021938 0.017595 0.013234
45 0.084053 0.081379 0.078262 0.07513 0.071988 0.068717 0.065317 0.061895 0.058239 0.054583 0.049125 0.041864 0.034604 0.033444 0.032875 0.030438 0.026133 0.021768 0.017324 0.012861
46 0.0837 0.081071 0.077999 0.07492 0.071836 0.068622 0.065277 0.061902 0.058217 0.054532 0.049258 0.042394 0.03553 0.034043 0.033076 0.030401 0.02602 0.021578 0.017056 0.012568
47 0.083252 0.080703 0.077717 0.074664 0.071562 0.068385 0.065135 0.061852 0.058242 0.054631 0.049554 0.043011 0.036469 0.034651 0.033291 0.03039 0.025948 0.021434 0.016824 0.012287
48 0.082744 0.080067 0.077401 0.074481 0.07137 0.068246 0.065109 0.061929 0.058311 0.054692 0.049776 0.043564 0.037352 0.035223 0.033489 0.030373 0.025874 0.021307 0.01665 0.012042
49 0.082256 0.079558 0.076909 0.074113 0.071208 0.068191 0.065062 0.061896 0.058348 0.054799 0.050068 0.044154 0.03824 0.03581 0.033718 0.030387 0.025816 0.021194 0.016504 0.011768
50 0.081707 0.079179 0.076565 0.073835 0.071019 0.068044 0.064911 0.061751 0.058309 0.054867 0.050343 0.044737 0.039131 0.036422 0.033993 0.030458 0.025818 0.021116 0.016331 0.011464
51 0.081064 0.078703 0.076177 0.07354 0.070819 0.067924 0.064853 0.061753 0.058344 0.054936 0.050567 0.045238 0.039909 0.036975 0.034273 0.030571 0.025868 0.021079 0.016176 0.011228
52 0.080461 0.078221 0.075799 0.073265 0.070646 0.067818 0.064779 0.061711 0.058332 0.054952 0.050757 0.045744 0.040732 0.037531 0.034506 0.030636 0.025922 0.021086 0.016085 0.011018
53 0.079901 0.077766 0.075447 0.072959 0.070344 0.067583 0.064676 0.061729 0.058366 0.055004 0.050957 0.046226 0.041496 0.038084 0.034799 0.030768 0.025991 0.021079 0.015987 0.010837
54 0.079287 0.07725 0.075036 0.072642 0.070112 0.067426 0.064585 0.061705 0.058428 0.055152 0.051255 0.046737 0.042219 0.038583 0.035031 0.030851 0.026041 0.021075 0.0159 0.010686
55 0.078623 0.076697 0.074592 0.072297 0.069859 0.06726 0.064501 0.0617 0.058473 0.055245 0.051501 0.04724 0.042979 0.039118 0.035295 0.030967 0.026132 0.021119 0.015869 0.010534
56 0.077996 0.076187 0.074142 0.071949 0.069645 0.067144 0.064447 0.061706 0.058518 0.05533 0.051718 0.047681 0.043644 0.039616 0.035589 0.031123 0.026216 0.021143 0.015847 0.010359
57 0.077383 0.075605 0.073712 0.071622 0.069382 0.06695 0.064326 0.061659 0.058538 0.055418 0.051954 0.048146 0.044338 0.040145 0.035915 0.031319 0.026358 0.021209 0.015813 0.010207
58 0.076724 0.075024 0.0732 0.071202 0.069074 0.066754 0.064242 0.061681 0.058615 0.055548 0.052215 0.048616 0.045016 0.040665 0.03624 0.031523 0.026513 0.021292 0.01579 0.010067
59 0.076036 0.074419 0.072753 0.070879 0.068847 0.066609 0.064166 0.061672 0.058655 0.055637 0.052432 0.049039 0.045646 0.041147 0.036542 0.031713 0.026662 0.021382 0.015798 0.0099674
60 0.075322 0.073808 0.07226 0.07049 0.068553 0.066404 0.064045 0.061634 0.05869 0.055746 0.052681 0.049493 0.046306 0.041661 0.036874 0.031938 0.026852 0.021512 0.015837 0.0098945
61 0.074627 0.073291 0.071862 0.070147 0.068218 0.066141 0.063918 0.061636 0.058752 0.055868 0.052928 0.049934 0.046939 0.042137 0.03716 0.032123 0.027027 0.02164 0.015866 0.0097885
62 0.073917 0.072774 0.071389 0.069731 0.067869 0.065883 0.063774 0.061604 0.058796 0.055989 0.053177 0.050359 0.047542 0.042632 0.037521 0.032381 0.027214 0.021771 0.015964 0.0097122
63 0.073236 0.071986 0.070828 0.069335 0.067589 0.065707 0.063689 0.06161 0.05889 0.05617 0.053476 0.050806 0.048137 0.043114 0.037864 0.032625 0.027396 0.021888 0.016008 0.0096457
64 0.072356 0.071274 0.070243 0.068887 0.067287 0.065529 0.063611 0.061629 0.058989 0.056349 0.053769 0.05125 0.048731 0.043617 0.038252 0.032924 0.027632 0.022041 0.016054 0.0095762
65 0.071604 0.070593 0.069784 0.068575 0.067065 0.065374 0.063502 0.06157 0.059018 0.056466 0.054009 0.051646 0.049283 0.04408 0.038602 0.03319 0.027843 0.022182 0.016103 0.0095106
66 0.07066 0.070008 0.069195 0.068093 0.066775 0.065197 0.063361 0.061471 0.059025 0.056578 0.054265 0.052086 0.049907 0.044607 0.039006 0.033517 0.028138 0.022407 0.016206 0.0094985
67 0.069793 0.069405 0.068669 0.067641 0.066395 0.064932 0.063251 0.061506 0.059088 0.056671 0.054469 0.052484 0.050499 0.045113 0.039399 0.033834 0.028418 0.022622 0.016319 0.0094918
68 0.069019 0.068812 0.068096 0.067151 0.066034 0.064703 0.063159 0.06154 0.059152 0.056763 0.05466 0.052841 0.051023 0.045581 0.039789 0.034162 0.028701 0.022836 0.016434 0.0095415
69 0.068083 0.06794 0.067578 0.066835 0.065806 0.064558 0.063091 0.061546 0.059193 0.05684 0.054839 0.05319 0.05154 0.046053 0.040195 0.034519 0.029026 0.023087 0.016554 0.009527
70 0.067259 0.067136 0.066919 0.066332 0.065466 0.064372 0.06305 0.061641 0.059331 0.057022 0.055098 0.05356 0.052022 0.046489 0.04057 0.034857 0.029352 0.02335 0.016685 0.0094879
71 0.066503 0.066611 0.06639 0.065886 0.06517 0.064182 0.062924 0.06158 0.059364 0.057147 0.055326 0.0539 0.052473 0.046894 0.040914 0.035171 0.029665 0.023617 0.016846 0.0094376
72 0.065872 0.066052 0.06582 0.06539 0.064812 0.063934 0.062757 0.061498 0.059386 0.057274 0.055564 0.054255 0.052946 0.047343 0.041325 0.03554 0.02999 0.02387 0.016993 0.0093778
73 0.06503 0.065561 0.065269 0.064879 0.064415 0.063672 0.062649 0.061536 0.059481 0.057427 0.055812 0.054635 0.053457 0.047776 0.041659 0.035818 0.030254 0.024097 0.017152 0.0094205
74 0.064534 0.06499 0.064649 0.064316 0.063988 0.06335 0.062401 0.061367 0.059447 0.057526 0.05604 0.054987 0.053934 0.048247 0.042112 0.03624 0.03063 0.024398 0.017339 0.0095039
75 0.063667 0.064435 0.064074 0.063833 0.063682 0.063125 0.062163 0.061133 0.059396 0.057659 0.056313 0.055358 0.054403 0.048716 0.042571 0.036674 0.031025 0.024716 0.017528 0.0095272
76 0.062928 0.063973 0.063511 0.063335 0.063376 0.062881 0.06185 0.060776 0.059252 0.057728 0.05655 0.055716 0.054883 0.049223 0.043096 0.03717 0.031445 0.025036 0.017716 0.0095561
77 0.062167 0.063281 0.06273 0.062627 0.062862 0.062573 0.061762 0.060892 0.059415 0.057938 0.056818 0.056055 0.055292 0.04968 0.043599 0.037651 0.031835 0.025321 0.017878 0.0096248
78 0.061392 0.062327 0.061855 0.061875 0.062263 0.062222 0.061752 0.061191 0.059699 0.058206 0.057112 0.056416 0.055721 0.050147 0.044101 0.038141 0.032265 0.025653 0.018061 0.0095997
79 0.060597 0.061222 0.061051 0.061231 0.061675 0.061821 0.061667 0.061397 0.059923 0.05845 0.057432 0.056868 0.056304 0.050692 0.044592 0.03859 0.032687 0.025995 0.018253 0.0095513
80 0.059521 0.060233 0.06056 0.060878 0.061188 0.061386 0.061474 0.061437 0.060113 0.058789 0.057841 0.057268 0.056696 0.051094 0.045006 0.039001 0.033078 0.026332 0.018489 0.0096166
81 0.058559 0.059477 0.060015 0.060442 0.060784 0.06107 0.061299 0.061405 0.060237 0.059069 0.05819 0.057602 0.057013 0.051471 0.04545 0.039442 0.033449 0.026631 0.018715 0.0096813
82 0.057731 0.058809 0.059565 0.060107 0.060489 0.060802 0.061048 0.061185 0.060201 0.059217 0.058459 0.057928 0.057397 0.051885 0.045892 0.039869 0.033815 0.026926 0.018925 0.0097512
83 0.05708 0.058116 0.059082 0.05979 0.060305 0.060664 0.060867 0.060978 0.06012 0.059263 0.058599 0.05813 0.05766 0.052255 0.046373 0.040358 0.03421 0.027221 0.019109 0.00982
84 0.056348 0.057509 0.058685 0.059458 0.059929 0.060298 0.060565 0.060747 0.060041 0.059335 0.058804 0.058449 0.058093 0.052674 0.046766 0.040766 0.034676 0.027635 0.01933 0.0098914
85 0.05556 0.056791 0.058146 0.059046 0.059603 0.059999 0.060232 0.060397 0.059867 0.059336 0.058989 0.058825 0.058662 0.053218 0.047263 0.041254 0.03519 0.028081 0.01958 0.009961
86 0.05467 0.055868 0.057442 0.058512 0.059204 0.059665 0.059895 0.060071 0.059699 0.059326 0.059166 0.059218 0.05927 0.05386 0.047921 0.041889 0.035763 0.028561 0.019927 0.010073
87 0.053543 0.055013 0.056347 0.057585 0.05875 0.059498 0.059829 0.060102 0.059778 0.059454 0.059419 0.059673 0.059927 0.054481 0.048482 0.04241 0.036264 0.029017 0.020307 0.010121
88 0.052631 0.054084 0.055476 0.056806 0.058089 0.059017 0.05959 0.060098 0.059933 0.059768 0.059847 0.06017 0.060494 0.055024 0.048993 0.04291 0.036775 0.029484 0.020652 0.010159
89 0.051943 0.053329 0.05482 0.056225 0.057566 0.058594 0.059309 0.05997 0.060069 0.060167 0.06032 0.060529 0.060737 0.055402 0.04953 0.043466 0.037211 0.0298 0.020849 0.010165
90 0.051371 0.053001 0.0545 0.055854 0.057099 0.058183 0.059106 0.059959 0.060093 0.060226 0.060448 0.060756 0.061065 0.055765 0.049923 0.043819 0.037453 0.030006 0.021118 0.010258
91 0.050669 0.052613 0.054012 0.055362 0.056675 0.057869 0.058944 0.059938 0.060095 0.060251 0.06054 0.06096 0.06138 0.056054 0.050173 0.044151 0.037989 0.030559 0.021442 0.010324
92 0.049758 0.051983 0.053292 0.054739 0.056291 0.057608 0.058689 0.059707 0.060072 0.060438 0.060811 0.061193 0.061575 0.056431 0.050751 0.044811 0.038611 0.031061 0.021716 0.01046
93 0.04883 0.051258 0.052419 0.053938 0.055726 0.057248 0.058505 0.059696 0.06022 0.060743 0.061137 0.0614 0.061662 0.056785 0.051409 0.04558 0.039296 0.031592 0.021998 0.010557
94 0.047985 0.050214 0.051524 0.053143 0.054994 0.056757 0.058431 0.059996 0.060424 0.060852 0.061233 0.061567 0.0619 0.05728 0.052179 0.04641 0.039971 0.03213 0.022422 0.010586
95 0.047125 0.049409 0.05101 0.052645 0.054304 0.056208 0.058355 0.060329 0.060506 0.060682 0.061015 0.061503 0.061992 0.057713 0.052974 0.047297 0.040685 0.032691 0.022859 0.010698
96 0.04615 0.048856 0.050669 0.052249 0.053655 0.055614 0.058126 0.060413 0.060375 0.060337 0.060709 0.06149 0.062272 0.05827 0.053804 0.048145 0.041291 0.033181 0.023397 0.010995
97 0.045279 0.047856 0.050146 0.051927 0.053326 0.055376 0.058078 0.060535 0.060457 0.060378 0.060685 0.061377 0.062069 0.058453 0.05442 0.048854 0.041755 0.033617 0.024094 0.011318
98 0.044281 0.047036 0.049592 0.051462 0.052817 0.055014 0.058053 0.060802 0.060555 0.060308 0.060563 0.061321 0.062078 0.058761 0.055049 0.049592 0.042388 0.034213 0.024744 0.011373
99 0.042975 0.046058 0.048437 0.050628 0.052677 0.055181 0.058141 0.060807 0.060449 0.060091 0.060314 0.061119 0.061923 0.059081 0.055888 0.050652 0.043374 0.035013 0.02521 0.011981
100 0.041883 0.044997 0.047443 0.049927 0.05244 0.055176 0.058135 0.060803 0.060458 0.060113 0.060275 0.060943 0.061612 0.059342 0.056788 0.051747 0.04422 0.0357 0.025857 0.012143
101 0.041333 0.044252 0.046865 0.049538 0.052257 0.055261 0.058549 0.06146 0.06046 0.05946 0.059453 0.060437 0.061422 0.059492 0.05728 0.05242 0.044912 0.03638 0.026486 0.012284
102 0.040539 0.043991 0.046489 0.0492 0.052069 0.05533 0.05898 0.062163 0.060505 0.058848 0.058625 0.059836 0.061046 0.059483 0.057652 0.052986 0.045487 0.03699 0.027166 0.012617
103 0.040205 0.043422 0.046081 0.049006 0.05213 0.055303 0.058523 0.06133 0.059867 0.058404 0.058348 0.059698 0.061048 0.059776 0.05825 0.053727 0.046207 0.037689 0.027843 0.013144
104 0.040029 0.043477 0.045453 0.048276 0.051735 0.055288 0.058933 0.062073 0.059986 0.0579 0.057669 0.059295 0.060921 0.059961 0.05875 0.054265 0.046503 0.037901 0.028178 0.013408
105 0.03918 0.042635 0.044582 0.047636 0.051522 0.05539 0.059239 0.062532 0.060061 0.05759 0.057258 0.059065 0.060873 0.060259 0.05941 0.055062 0.047217 0.038457 0.02848 0.013554
106 0.038179 0.041608 0.043706 0.046974 0.051122 0.055396 0.059797 0.063539 0.060483 0.057427 0.056783 0.058553 0.060322 0.060235 0.059969 0.055908 0.048053 0.039178 0.028946 0.013821
107 0.03769 0.041207 0.043367 0.046639 0.050746 0.055237 0.060111 0.06422 0.060414 0.056608 0.055763 0.057877 0.059992 0.060315 0.060465 0.056679 0.048958 0.040112 0.02977 0.013829
108 0.037249 0.040941 0.043274 0.046339 0.049954 0.05445 0.059829 0.064356 0.060088 0.05582 0.054967 0.05753 0.060093 0.060757 0.061237 0.057567 0.049747 0.040858 0.030549 0.014394
109 0.036723 0.040579 0.043234 0.046223 0.049462 0.054029 0.059924 0.064883 0.060172 0.055461 0.054403 0.056998 0.059593 0.060827 0.061929 0.058386 0.050197 0.041242 0.031265 0.014467
110 0.036059 0.040043 0.042945 0.046022 0.049231 0.053897 0.06002 0.065187 0.060456 0.055726 0.05459 0.05705 0.05951 0.060903 0.062193 0.058487 0.049785 0.040843 0.031579 0.015476
111 0.036141 0.040036 0.043442 0.046314 0.048785 0.053383 0.060109 0.065781 0.060556 0.055331 0.054022 0.056628 0.059234 0.060916 0.062509 0.05878 0.049731 0.040743 0.031835 0.015724
112 0.03584 0.041019 0.044454 0.04689 0.048575 0.053013 0.060203 0.066228 0.060217 0.054205 0.052769 0.055909 0.059049 0.06083 0.06248 0.058838 0.049903 0.040976 0.032059 0.016543
113 0.036092 0.04146 0.044984 0.047086 0.048118 0.052302 0.059637 0.06575 0.059229 0.052708 0.051425 0.055382 0.059339 0.061017 0.062475 0.059136 0.051 0.042404 0.033194 0.017262
114 0.03638 0.042065 0.045805 0.047446 0.047512 0.051639 0.059827 0.06666 0.05948 0.0523 0.0508 0.054979 0.059159 0.060612 0.061801 0.058601 0.051014 0.042697 0.033408 0.017816
115 0.036358 0.043437 0.046895 0.048346 0.048289 0.052299 0.060375 0.067073 0.05951 0.051947 0.049904 0.053381 0.056857 0.059451 0.061959 0.059304 0.051486 0.04265 0.032458 0.018022
