1 0 0 0 0 0 0 0 0 0 0 0 0 0 0 0 0 0 0 0 0
2 0 0 0 0 0 0 0 0 0 0 0 0 0 0 0 0 0 0 0 0
3 0 0 0 0 0 0 0 0 0 0 0 0 0 0 0 0 0 0 0 0
4 0 0 0 0 0 0 0 0 0 0 0 0 0 0 0 0 0 0 0 0
5 0 0 0 0 0 0 0 0 0 0 0 0 0 0 0 0 0 0 0 0
6 0 0 0 0 0 0 0 0 0 0 0 0 0 0 0 0 0 0 0 0
7 0 0 0 0 0 0 0 0 0 0 0 0 0 0 0 0 0 0 0 0
8 0 0 0 0 0 0 0 0 0 0 0 0 0 0 0 0 0 0 0 0
9 0 0 0 0 0 0 0 0 0 0 0 0 0 0 0 0 0 0 0 0
10 0 0 0 0 0 0 0 0 0 0 0 0 0 0 0 0 0 0 0 0
11 0 0 0 0 0 0 0 0 0 0 0 0 0 0 0 0 0 0 0 0
12 0 0 0 0 0 0 0 0 0 0 0 0 0 0 0 0 0 0 0 0
13 0 0 0 0 0 0 0 0 0 0 0 0 0 0 0 0 0 0 0 0
14 0 0 0 0 0 0 0 0 0 0 0 0 0 0 0 0 0 0 0 0
15 0 0 0 0 0 0 0 0 0 0 0 0 0 0 0 0 0 0 0 0
16 0 0 0 0 0 0 0 0 0 0 0 0 0 0 0 0 0 0 0 0
17 0 0 0 0 0 0 0 0 0 0 0 0 0 0 0 0 0 0 0 0
18 0 0 0 0 0 0 0 0 0 0 0 0 0 0 0 0 0 0 0 0
19 0 0 0 0 0 0 0 0 0 0 0 0 0 0 0 0 0 0 0 0
20 0 0 0 0 0 0 0 0 0 0 0 0 0 0 0 0 0 0 0 0
21 0 0 0 0 0 0 0 0 0 0 0 0 0 0 0 0 0 0 0 0
22 0 0 0 0 0 0 0 0 0 0 0 0 0 0 0 0 0 0 0 0
23 0 0 0 0 0 0 0 0 0 0 0 0 0 0 0 0 0 0 0 0
24 0 0 0 0 0 0 0 0 0 0 0 0 0 0 0 0 0 0 0 0
25 0 0 0 0 0 0 0 0 0 0 0 0 0 0 0 0 0 0 0 0
26 0 0 0 0 0 0 0 0 0 0 0 0 0 0 0 0 0 0 0 0
27 0.043101 0.04636 0.053332 0.05499 0.052657 0.053357 0.057091 0.060162 0.056378 0.052594 0.052416 0.055843 0.059271 0.055514 0.051062 0.045886 0.039988 0.036712 0.036929 0.036358
28 0.043519 0.051067 0.056123 0.057814 0.056976 0.057571 0.059596 0.061049 0.056582 0.052115 0.051112 0.053573 0.056035 0.052566 0.048523 0.043653 0.037955 0.034782 0.034973 0.034416
29 0.058778 0.065705 0.067112 0.066918 0.065521 0.063185 0.059911 0.0567 0.054139 0.051577 0.049263 0.047195 0.045127 0.042717 0.040275 0.037651 0.034847 0.032464 0.030643 0.030272
30 0.06722 0.069857 0.069015 0.06713 0.064461 0.061563 0.058437 0.055387 0.053128 0.05087 0.048582 0.046266 0.04395 0.04159 0.039226 0.037017 0.034962 0.032613 0.029871 0.028856
31 0.071222 0.072251 0.069988 0.066984 0.063423 0.060399 0.057913 0.055428 0.052963 0.050499 0.048124 0.04584 0.043555 0.041297 0.039041 0.036779 0.034514 0.032218 0.029882 0.027681
32 0.07329 0.073709 0.069908 0.066757 0.064093 0.0614 0.05868 0.055968 0.05335 0.050732 0.04818 0.045696 0.043212 0.040781 0.038354 0.035948 0.033564 0.031168 0.028754 0.026454
33 0.074818 0.074188 0.070532 0.067343 0.064506 0.061762 0.059111 0.056456 0.05376 0.051064 0.048396 0.045757 0.043119 0.040473 0.037828 0.035207 0.03261 0.030079 0.027635 0.025357
34 0.07713 0.074184 0.071268 0.068323 0.065358 0.062418 0.059503 0.056603 0.053867 0.05113 0.048369 0.045582 0.042796 0.03999 0.037182 0.034449 0.031793 0.029191 0.02666 0.024205
35 0.078066 0.075107 0.072098 0.069093 0.06609 0.063091 0.060095 0.057101 0.054118 0.051135 0.048212 0.045348 0.042485 0.039537 0.036581 0.033737 0.031002 0.028305 0.025655 0.023145
36 0.079107 0.075936 0.072881 0.069805 0.066713 0.063627 0.060547 0.057464 0.054358 0.051252 0.048169 0.04511 0.042051 0.039074 0.036105 0.033189 0.030327 0.027497 0.024709 0.022079
37 0.080093 0.076893 0.073689 0.07048 0.067267 0.064061 0.06086 0.057663 0.054493 0.051324 0.048148 0.044967 0.041785 0.038713 0.035651 0.032631 0.029653 0.026715 0.023831 0.021083
38 0.080824 0.077583 0.074292 0.07103 0.067789 0.064515 0.061209 0.057907 0.054646 0.051385 0.048125 0.044867 0.041608 0.038448 0.035297 0.03217 0.029067 0.026016 0.023033 0.020189
39 0.084692 0.081439 0.077647 0.074032 0.070548 0.067209 0.064015 0.06079 0.057255 0.053719 0.047639 0.039014 0.030389 0.031443 0.033433 0.032571 0.028855 0.025282 0.021899 0.018128
40 0.085509 0.082694 0.078773 0.074994 0.071323 0.067887 0.064685 0.061434 0.057675 0.053916 0.047402 0.038133 0.028864 0.030133 0.03242 0.031851 0.028425 0.024918 0.021304 0.017661
41 0.085684 0.082872 0.07927 0.075685 0.072114 0.068631 0.065236 0.061812 0.058074 0.054335 0.047484 0.037519 0.027554 0.029264 0.032104 0.031725 0.028126 0.024501 0.020844 0.017166
42 0.086451 0.0831 0.079647 0.076215 0.072797 0.069295 0.065709 0.062097 0.05822 0.054343 0.047231 0.036883 0.026535 0.028634 0.031936 0.03171 0.027955 0.024188 0.020407 0.016647
43 0.086504 0.083331 0.079807 0.076288 0.072772 0.069277 0.065802 0.062296 0.058461 0.054625 0.0475 0.037086 0.026671 0.02869 0.031912 0.031579 0.027691 0.023789 0.019869 0.016049
44 0.086191 0.082813 0.07939 0.075995 0.072622 0.069205 0.065744 0.062265 0.058608 0.054951 0.048081 0.038001 0.02792 0.029408 0.032014 0.031319 0.027321 0.023329 0.019345 0.01548
45 0.085916 0.082548 0.079233 0.075859 0.072442 0.068998 0.065525 0.062043 0.058455 0.054868 0.04832 0.038813 0.029305 0.030255 0.032216 0.031159 0.027083 0.023029 0.019005 0.014928
46 0.085496 0.082025 0.078975 0.075791 0.072507 0.069099 0.065565 0.062026 0.058422 0.054818 0.048511 0.039499 0.030487 0.030939 0.032306 0.030939 0.026838 0.022728 0.018608 0.014422
47 0.08513 0.081957 0.078831 0.075592 0.072269 0.068894 0.065468 0.062024 0.058405 0.054786 0.048726 0.040224 0.031723 0.031646 0.032383 0.030698 0.02659 0.022439 0.018231 0.013983
48 0.084827 0.082033 0.078631 0.075322 0.072082 0.068756 0.065342 0.061912 0.058323 0.054734 0.048921 0.040884 0.032847 0.032333 0.032547 0.03056 0.026373 0.022146 0.017864 0.013562
49 0.084452 0.081608 0.07837 0.075198 0.072076 0.068786 0.065329 0.061856 0.058228 0.054601 0.049016 0.041473 0.03393 0.033028 0.032768 0.030498 0.026217 0.0219 0.017532 0.013134
50 0.083901 0.081251 0.078165 0.075041 0.07189 0.068642 0.065298 0.061926 0.058267 0.054607 0.049193 0.042024 0.034855 0.033612 0.032941 0.030447 0.026128 0.021745 0.017274 0.012793
51 0.083585 0.080981 0.077947 0.074862 0.071737 0.068522 0.065217 0.061881 0.058218 0.054554 0.049332 0.04255 0.035768 0.034207 0.033152 0.030422 0.026018 0.021551 0.016999 0.012497
52 0.083067 0.080519 0.077615 0.074607 0.071523 0.068362 0.065126 0.061857 0.058246 0.054635 0.049607 0.043162 0.036716 0.034817 0.033357 0.030402 0.02595 0.02142 0.016786 0.012226
53 0.082579 0.0799 0.077306 0.074423 0.071322 0.068207 0.065078 0.061907 0.058316 0.054725 0.049861 0.043726 0.03759 0.035383 0.033555 0.030382 0.025866 0.021285 0.016619 0.011972
54 0.082074 0.07945 0.076799 0.074021 0.071146 0.068142 0.065009 0.061844 0.058341 0.054838 0.050166 0.044325 0.038484 0.03598 0.033798 0.030414 0.025825 0.021181 0.016465 0.011699
55 0.081501 0.079073 0.076476 0.073759 0.070951 0.067989 0.064873 0.06173 0.058311 0.054893 0.050418 0.044887 0.039356 0.036582 0.034075 0.030492 0.025835 0.02111 0.016293 0.011396
56 0.080884 0.078589 0.076089 0.073468 0.070756 0.067876 0.064829 0.061751 0.05835 0.054949 0.050623 0.045371 0.040118 0.037116 0.034332 0.030589 0.025886 0.021086 0.016154 0.011183
57 0.080342 0.078116 0.075716 0.073182 0.070546 0.067736 0.064753 0.061733 0.058347 0.05496 0.050798 0.045861 0.040924 0.03767 0.034579 0.030669 0.02594 0.021087 0.01607 0.010971
58 0.079758 0.077633 0.075338 0.072868 0.070264 0.067529 0.064662 0.061751 0.058392 0.055034 0.051018 0.046345 0.041672 0.038211 0.034869 0.0308 0.026006 0.021078 0.015971 0.010801
59 0.07911 0.077095 0.074903 0.072545 0.070063 0.067406 0.064573 0.061702 0.058433 0.055164 0.051306 0.04686 0.042413 0.038725 0.03511 0.030892 0.026071 0.021088 0.01589 0.010653
60 0.078447 0.076544 0.074447 0.072185 0.069798 0.067235 0.064496 0.061714 0.058488 0.055261 0.051549 0.047353 0.043157 0.039252 0.035376 0.031016 0.026172 0.021145 0.015876 0.01049
61 0.077821 0.07601 0.074017 0.071867 0.069599 0.067116 0.064417 0.061677 0.058521 0.055365 0.051793 0.047807 0.043821 0.039753 0.035678 0.031176 0.026248 0.021154 0.01584 0.010319
62 0.077209 0.075439 0.073584 0.071517 0.06929 0.066881 0.064289 0.061652 0.058552 0.055451 0.052026 0.048276 0.044526 0.040291 0.036008 0.031381 0.02641 0.02124 0.015807 0.01017
63 0.076523 0.074855 0.07307 0.071107 0.069011 0.066712 0.064211 0.061662 0.058624 0.055586 0.052294 0.048748 0.045202 0.040803 0.036322 0.031571 0.026551 0.021315 0.015791 0.01004
64 0.075903 0.074271 0.072623 0.070771 0.068766 0.06655 0.064123 0.061646 0.058654 0.055662 0.052496 0.049157 0.045817 0.041281 0.036628 0.031772 0.026712 0.021416 0.015807 0.0099475
65 0.075157 0.073651 0.072157 0.07041 0.068473 0.066337 0.064004 0.06162 0.058699 0.055779 0.052751 0.049614 0.046478 0.041786 0.036944 0.03198 0.026896 0.021546 0.015842 0.0098754
66 0.074441 0.073155 0.071742 0.070041 0.068126 0.066073 0.063884 0.061634 0.058765 0.055895 0.05299 0.050048 0.047105 0.04227 0.037251 0.032185 0.027072 0.021672 0.015888 0.0097637
67 0.073765 0.072653 0.071275 0.069632 0.06779 0.065826 0.063739 0.06159 0.058805 0.056021 0.053241 0.050464 0.047688 0.042749 0.037601 0.032435 0.027252 0.021798 0.015983 0.009694
68 0.073062 0.071813 0.070675 0.069213 0.067507 0.065658 0.063668 0.061614 0.058911 0.056207 0.053543 0.050917 0.048292 0.043243 0.037959 0.032695 0.02745 0.021923 0.01602 0.0096296
69 0.072143 0.071108 0.070123 0.068801 0.067225 0.065486 0.063582 0.061615 0.058997 0.056378 0.05383 0.051351 0.048873 0.043742 0.038354 0.033004 0.027691 0.022078 0.016065 0.0095538
70 0.071491 0.070443 0.069622 0.068443 0.066996 0.065343 0.063483 0.061563 0.059023 0.056484 0.054055 0.051738 0.04942 0.044197 0.038693 0.033261 0.027902 0.022223 0.016119 0.0095027
71 0.070448 0.069886 0.069074 0.067977 0.066666 0.06511 0.063309 0.061453 0.059025 0.056597 0.05432 0.052193 0.050066 0.044743 0.039111 0.033603 0.028219 0.022471 0.016236 0.0094943
72 0.069628 0.069265 0.068572 0.067558 0.066304 0.064857 0.063218 0.06151 0.0591 0.05669 0.054511 0.052564 0.050618 0.045219 0.039486 0.033907 0.028481 0.022669 0.016343 0.0095003
73 0.068788 0.068673 0.067982 0.067065 0.065979 0.064671 0.063142 0.061537 0.059156 0.056776 0.054697 0.05292 0.051142 0.04569 0.039883 0.034244 0.028773 0.02289 0.016458 0.0095341
74 0.067895 0.067717 0.067433 0.066745 0.065754 0.064533 0.063081 0.061551 0.059207 0.056863 0.054884 0.053271 0.051658 0.04616 0.040286 0.034602 0.029108 0.023153 0.016583 0.0095163
75 0.0671 0.066975 0.066782 0.066226 0.065398 0.06433 0.06302 0.061625 0.059343 0.05706 0.055161 0.053646 0.05213 0.046585 0.04065 0.034931 0.029426 0.023413 0.016722 0.0094759
76 0.066403 0.066488 0.066262 0.06578 0.065105 0.064145 0.062901 0.061573 0.059368 0.057162 0.055362 0.053965 0.052569 0.046985 0.040997 0.035246 0.029732 0.023669 0.016874 0.0094148
77 0.065672 0.065956 0.065705 0.065284 0.064735 0.06388 0.062719 0.061478 0.059398 0.057318 0.055635 0.054348 0.053062 0.047444 0.041407 0.035609 0.030049 0.023918 0.017025 0.009358
78 0.064973 0.065453 0.065155 0.06477 0.064319 0.063596 0.062603 0.061517 0.059474 0.057431 0.05584 0.054699 0.053558 0.047867 0.041736 0.035889 0.030326 0.024159 0.017188 0.0094474
79 0.064377 0.064871 0.064539 0.064227 0.063929 0.063295 0.062324 0.061275 0.059411 0.057547 0.056099 0.055067 0.054035 0.048355 0.042225 0.036347 0.03072 0.024468 0.017381 0.0095067
80 0.063529 0.064348 0.063943 0.063716 0.063624 0.063083 0.062095 0.061045 0.059359 0.057673 0.056366 0.055439 0.054512 0.048823 0.042674 0.036772 0.031117 0.024791 0.017569 0.0095243
81 0.062713 0.063884 0.063382 0.063206 0.063275 0.062813 0.06182 0.060782 0.059273 0.057765 0.056602 0.055785 0.054969 0.049321 0.043206 0.037274 0.031525 0.025091 0.017744 0.0095701
82 0.062058 0.063104 0.062564 0.062482 0.062743 0.062499 0.06175 0.060937 0.059462 0.057988 0.056876 0.056126 0.055376 0.049774 0.043703 0.037749 0.031913 0.025377 0.017908 0.0096108
83 0.061195 0.062077 0.061641 0.061714 0.06217 0.062189 0.061773 0.061261 0.059754 0.058248 0.057164 0.056505 0.055845 0.050264 0.044206 0.038237 0.032357 0.025725 0.018095 0.0095801
84 0.060418 0.061034 0.060978 0.06115 0.061491 0.061643 0.061603 0.061439 0.059982 0.058524 0.057518 0.056963 0.056408 0.05079 0.044684 0.038677 0.032772 0.026069 0.018303 0.0095532
85 0.059256 0.060006 0.060443 0.060809 0.06112 0.061335 0.061454 0.061448 0.060158 0.058869 0.05793 0.057343 0.056756 0.05117 0.0451 0.039095 0.033155 0.026392 0.018535 0.0096258
86 0.058413 0.05937 0.059921 0.060361 0.060718 0.061012 0.061244 0.061356 0.06023 0.059105 0.058249 0.057665 0.05708 0.051549 0.04554 0.039532 0.033523 0.026689 0.018756 0.009688
87 0.057627 0.058695 0.059493 0.060064 0.060464 0.060778 0.061007 0.061131 0.060176 0.059221 0.058483 0.057963 0.057443 0.05195 0.045976 0.039954 0.033885 0.026978 0.018955 0.0097565
88 0.05697 0.057979 0.059 0.059727 0.060233 0.060596 0.060818 0.060946 0.060108 0.059271 0.058624 0.058167 0.05771 0.052329 0.046472 0.040466 0.034311 0.027299 0.019146 0.0098319
89 0.05619 0.057437 0.058626 0.059412 0.059896 0.060259 0.0605 0.060662 0.060001 0.059341 0.058845 0.058513 0.058181 0.052746 0.046818 0.040825 0.034767 0.027723 0.019366 0.0098922
90 0.055443 0.056621 0.058039 0.058968 0.059531 0.059927 0.060156 0.06032 0.059817 0.059314 0.059008 0.058898 0.058789 0.053342 0.047379 0.041365 0.035299 0.028171 0.019631 0.0099798
91 0.054457 0.055654 0.057224 0.058357 0.059162 0.05967 0.059879 0.060039 0.059692 0.059345 0.059211 0.059289 0.059367 0.053974 0.048053 0.042018 0.035871 0.028653 0.020008 0.010077
92 0.053305 0.054861 0.056184 0.057431 0.058622 0.059407 0.059785 0.060105 0.059808 0.059511 0.059508 0.059797 0.060087 0.054603 0.04856 0.042474 0.036346 0.029104 0.020381 0.01012
93 0.052461 0.053876 0.055353 0.056723 0.058014 0.058953 0.05954 0.060066 0.059964 0.059862 0.059952 0.060233 0.060514 0.055085 0.049103 0.043035 0.03688 0.029557 0.02068 0.01015
94 0.051855 0.053239 0.054786 0.0562 0.057513 0.058535 0.059264 0.059941 0.060066 0.060192 0.060361 0.060575 0.060788 0.055463 0.049602 0.043523 0.037225 0.029805 0.020894 0.010171
95 0.051265 0.052973 0.054442 0.055777 0.057012 0.058113 0.059081 0.059974 0.060098 0.060221 0.060446 0.060771 0.061097 0.055797 0.049952 0.043871 0.037555 0.030114 0.021176 0.010265
96 0.050548 0.052539 0.053904 0.055252 0.056586 0.0578 0.058893 0.059904 0.060062 0.060221 0.060528 0.060984 0.06144 0.056148 0.050301 0.044292 0.038121 0.030664 0.021494 0.010321
97 0.049596 0.051885 0.053152 0.054615 0.056226 0.057577 0.058668 0.059699 0.060099 0.060499 0.060865 0.061198 0.06153 0.056453 0.050853 0.044947 0.038734 0.031155 0.021756 0.010493
98 0.048732 0.051092 0.052207 0.053729 0.055557 0.057153 0.058519 0.059807 0.060299 0.060791 0.061174 0.061447 0.06172 0.056873 0.051531 0.045711 0.039414 0.031678 0.022026 0.010538
99 0.047868 0.050098 0.051437 0.053047 0.054861 0.056656 0.058432 0.060084 0.060458 0.060833 0.061192 0.061537 0.061881 0.057336 0.052317 0.046567 0.040085 0.032219 0.022512 0.01058
100 0.046991 0.049358 0.050988 0.052589 0.054168 0.05608 0.058325 0.060379 0.060469 0.060558 0.060889 0.061463 0.062037 0.057819 0.053139 0.047472 0.040817 0.032787 0.022925 0.010746
101 0.045962 0.048733 0.050622 0.052231 0.053628 0.055586 0.058105 0.060399 0.060367 0.060336 0.060697 0.06145 0.062203 0.058288 0.053921 0.048277 0.041356 0.03324 0.023533 0.011067
102 0.04513 0.047644 0.050076 0.051909 0.053291 0.055348 0.058081 0.060564 0.06047 0.060376 0.060676 0.061369 0.062062 0.058495 0.054516 0.048953 0.041805 0.033676 0.024241 0.011319
103 0.044054 0.046869 0.049399 0.051332 0.052817 0.055074 0.058104 0.06084 0.060548 0.060256 0.060487 0.061241 0.061996 0.05878 0.05518 0.049779 0.042575 0.034362 0.024806 0.0115
104 0.042723 0.045881 0.048235 0.050492 0.052676 0.055224 0.058135 0.06076 0.06042 0.060079 0.060291 0.061056 0.06182 0.059122 0.056089 0.050899 0.043554 0.035153 0.025347 0.012044
105 0.041855 0.044833 0.047264 0.049793 0.052396 0.055213 0.058245 0.06097 0.060532 0.060094 0.060191 0.060822 0.061454 0.05929 0.056856 0.051877 0.044353 0.035831 0.025982 0.012149
106 0.041241 0.044295 0.046863 0.049523 0.052254 0.055316 0.05871 0.061696 0.060458 0.059221 0.059146 0.060234 0.061321 0.05947 0.057334 0.052513 0.045008 0.036487 0.026614 0.012298
107 0.040567 0.043953 0.046471 0.049214 0.052124 0.055365 0.058935 0.062043 0.060378 0.058714 0.058493 0.059716 0.060938 0.059468 0.057736 0.053119 0.045615 0.037123 0.027313 0.012715
108 0.040272 0.043556 0.046056 0.048939 0.05211 0.05536 0.05869 0.061581 0.059943 0.058305 0.058163 0.059518 0.060874 0.059658 0.058194 0.053713 0.046215 0.037719 0.027895 0.013241
109 0.039993 0.043427 0.045365 0.048219 0.05176 0.055371 0.059051 0.062213 0.060022 0.057831 0.057563 0.059216 0.060869 0.059982 0.05885 0.054351 0.046486 0.037851 0.02819 0.01339
110 0.039003 0.042462 0.04444 0.047546 0.051497 0.055416 0.059303 0.062623 0.060088 0.057553 0.057187 0.058991 0.060795 0.060269 0.059518 0.055222 0.047381 0.03858 0.028502 0.013623
111 0.03806 0.041457 0.043581 0.04689 0.051091 0.055471 0.06003 0.063896 0.060601 0.057305 0.056542 0.058311 0.06008 0.060148 0.06005 0.056073 0.048216 0.039334 0.029089 0.013774
112 0.037675 0.041225 0.043433 0.046666 0.050669 0.055129 0.060049 0.064192 0.060321 0.056449 0.055614 0.057817 0.06002 0.060338 0.060474 0.056718 0.04907 0.040266 0.029923 0.013952
113 0.037227 0.04095 0.043296 0.046303 0.049807 0.054327 0.059865 0.064524 0.060108 0.055692 0.054779 0.05737 0.05996 0.060766 0.061399 0.057761 0.049852 0.040938 0.030686 0.014387
114 0.036699 0.040575 0.043316 0.046289 0.049436 0.054005 0.059994 0.06503 0.060207 0.055385 0.054285 0.056906 0.059528 0.060813 0.061969 0.058389 0.050073 0.041125 0.031335 0.014641
115 0.036134 0.040052 0.042924 0.045969 0.049145 0.053847 0.060075 0.065335 0.060586 0.055838 0.054638 0.056986 0.059334 0.060806 0.062194 0.058489 0.049693 0.040739 0.031574 0.015641
