1 0 0 0 0 0 0 0 0 0 0 0 0 0 0 0 0 0 0 0 0
2 0 0 0 0 0 0 0 0 0 0 0 0 0 0 0 0 0 0 0 0
3 0 0 0 0 0 0 0 0 0 0 0 0 0 0 0 0 0 0 0 0
4 0 0 0 0 0 0 0 0 0 0 0 0 0 0 0 0 0 0 0 0
5 0 0 0 0 0 0 0 0 0 0 0 0 0 0 0 0 0 0 0 0
6 0 0 0 0 0 0 0 0 0 0 0 0 0 0 0 0 0 0 0 0
7 0 0 0 0 0 0 0 0 0 0 0 0 0 0 0 0 0 0 0 0
8 0 0 0 0 0 0 0 0 0 0 0 0 0 0 0 0 0 0 0 0
9 0 0 0 0 0 0 0 0 0 0 0 0 0 0 0 0 0 0 0 0
10 0 0 0 0 0 0 0 0 0 0 0 0 0 0 0 0 0 0 0 0
11 0 0 0 0 0 0 0 0 0 0 0 0 0 0 0 0 0 0 0 0
12 0 0 0 0 0 0 0 0 0 0 0 0 0 0 0 0 0 0 0 0
13 0 0 0 0 0 0 0 0 0 0 0 0 0 0 0 0 0 0 0 0
14 0 0 0 0 0 0 0 0 0 0 0 0 0 0 0 0 0 0 0 0
15 0 0 0 0 0 0 0 0 0 0 0 0 0 0 0 0 0 0 0 0
16 0 0 0 0 0 0 0 0 0 0 0 0 0 0 0 0 0 0 0 0
17 0 0 0 0 0 0 0 0 0 0 0 0 0 0 0 0 0 0 0 0
18 0 0 0 0 0 0 0 0 0 0 0 0 0 0 0 0 0 0 0 0
19 0 0 0 0 0 0 0 0 0 0 0 0 0 0 0 0 0 0 0 0
20 0 0 0 0 0 0 0 0 0 0 0 0 0 0 0 0 0 0 0 0
21 0 0 0 0 0 0 0 0 0 0 0 0 0 0 0 0 0 0 0 0
22 0 0 0 0 0 0 0 0 0 0 0 0 0 0 0 0 0 0 0 0
23 0.043201 0.046456 0.053428 0.055077 0.052726 0.053412 0.057134 0.060194 0.056395 0.052596 0.052402 0.055814 0.059226 0.055459 0.050998 0.045818 0.039918 0.036637 0.036845 0.036265
24 0.045221 0.05266 0.057431 0.059163 0.058612 0.058879 0.059963 0.060563 0.056144 0.051726 0.05057 0.052678 0.054785 0.051456 0.047601 0.042867 0.037256 0.034174 0.034461 0.033792
25 0.058946 0.065854 0.06728 0.067104 0.065724 0.063356 0.059999 0.056712 0.054149 0.051587 0.049205 0.047004 0.044802 0.04246 0.040103 0.037596 0.034938 0.03256 0.030554 0.030068
26 0.067766 0.070232 0.069191 0.067096 0.064209 0.061276 0.058296 0.055383 0.053144 0.050905 0.048588 0.046191 0.043794 0.041486 0.039186 0.037007 0.034948 0.032615 0.029917 0.028769
27 0.071778 0.072641 0.070067 0.066953 0.063434 0.06041 0.057882 0.055359 0.052897 0.050435 0.048058 0.045767 0.043476 0.041225 0.038977 0.036713 0.034433 0.032119 0.029762 0.027612
28 0.07324 0.073676 0.070032 0.066911 0.064181 0.061469 0.058773 0.056081 0.05342 0.050759 0.048182 0.04569 0.043197 0.040733 0.038272 0.035852 0.033474 0.031073 0.028641 0.026343
29 0.074935 0.074314 0.070612 0.067402 0.064563 0.06181 0.059143 0.056473 0.053771 0.051069 0.048389 0.045733 0.043076 0.040428 0.03778 0.035152 0.032543 0.029998 0.02754 0.025269
30 0.07727 0.07438 0.071391 0.068398 0.065401 0.062447 0.059536 0.056638 0.053876 0.051114 0.048336 0.045541 0.042746 0.03993 0.037113 0.034376 0.031722 0.029113 0.026566 0.024106
31 0.078138 0.075203 0.072169 0.069157 0.066161 0.063159 0.060151 0.057144 0.05414 0.051136 0.048192 0.045307 0.042423 0.039481 0.036533 0.033684 0.030934 0.028229 0.025584 0.023074
32 0.079201 0.07602 0.072953 0.069862 0.066751 0.063654 0.060569 0.057483 0.054371 0.051258 0.048166 0.045095 0.042023 0.039039 0.036064 0.033142 0.030272 0.027435 0.024641 0.022002
33 0.080175 0.076961 0.07375 0.070534 0.067314 0.064094 0.060875 0.057661 0.054491 0.051322 0.048145 0.04496 0.041774 0.038693 0.035622 0.03259 0.029598 0.026653 0.023769 0.021018
34 0.080922 0.077652 0.074363 0.071083 0.067809 0.064527 0.061235 0.057945 0.054669 0.051392 0.04812 0.044851 0.041583 0.038412 0.035252 0.032121 0.02902 0.025962 0.022963 0.020118
35 0.081606 0.078247 0.074887 0.071535 0.068191 0.064844 0.061494 0.058146 0.054813 0.051479 0.048153 0.044833 0.041513 0.038233 0.034956 0.031705 0.02848 0.025319 0.022244 0.01932
36 0.08223 0.078801 0.075399 0.07199 0.068577 0.06518 0.0618 0.058415 0.054983 0.051552 0.04815 0.044776 0.041403 0.038027 0.034651 0.031303 0.027982 0.024722 0.021543 0.018516
37 0.08278 0.079271 0.075799 0.072376 0.06899 0.065555 0.062072 0.058591 0.055126 0.05166 0.048201 0.044746 0.041292 0.037826 0.034359 0.030927 0.027531 0.024189 0.020921 0.017785
38 0.083167 0.079713 0.076237 0.072764 0.069295 0.065812 0.062316 0.058817 0.055289 0.05176 0.048236 0.044714 0.041193 0.03766 0.034126 0.030618 0.027135 0.023702 0.020335 0.017111
39 0.086521 0.083374 0.079813 0.076264 0.072725 0.06923 0.06578 0.062298 0.058487 0.054675 0.047565 0.037158 0.02675 0.028726 0.031899 0.031539 0.027648 0.02374 0.019813 0.015995
40 0.086188 0.08283 0.079406 0.076012 0.072639 0.069211 0.065727 0.062229 0.058583 0.054938 0.048094 0.038052 0.028009 0.029459 0.03202 0.031296 0.027287 0.023289 0.019305 0.015425
41 0.085945 0.082564 0.079234 0.075846 0.072414 0.068974 0.065526 0.062065 0.058468 0.05487 0.048334 0.03886 0.029386 0.030295 0.032208 0.031126 0.027048 0.022992 0.018964 0.01488
42 0.085514 0.0821 0.079006 0.075795 0.072497 0.069084 0.065558 0.062024 0.058412 0.054799 0.048504 0.039527 0.030549 0.030969 0.032298 0.030911 0.026809 0.022695 0.018568 0.01438
43 0.085133 0.08199 0.078887 0.075636 0.072274 0.068881 0.065457 0.062015 0.058391 0.054768 0.048723 0.040256 0.031789 0.031677 0.032373 0.030666 0.026554 0.0224 0.018188 0.013944
44 0.084817 0.082032 0.078645 0.075336 0.072087 0.068755 0.06534 0.061909 0.058315 0.054722 0.048925 0.040925 0.032924 0.032375 0.032547 0.030537 0.026344 0.022112 0.017827 0.013526
45 0.084432 0.08162 0.078384 0.075214 0.072095 0.0688 0.065331 0.061848 0.058217 0.054587 0.049014 0.041499 0.033985 0.033057 0.032767 0.03048 0.026196 0.021875 0.017503 0.013098
46 0.083907 0.081257 0.078164 0.075036 0.071881 0.068634 0.065295 0.061927 0.058264 0.0546 0.049198 0.042057 0.034915 0.033647 0.032946 0.030433 0.026107 0.021719 0.017249 0.012766
47 0.083584 0.080985 0.07794 0.074847 0.07172 0.068508 0.06521 0.06188 0.058219 0.054559 0.049348 0.042586 0.035824 0.034241 0.03316 0.030414 0.026004 0.021531 0.016973 0.01247
48 0.083055 0.080501 0.077615 0.07461 0.071514 0.068352 0.065124 0.061862 0.058248 0.054633 0.049615 0.043192 0.036769 0.034848 0.033362 0.030392 0.025937 0.021404 0.016766 0.012202
49 0.082562 0.079879 0.077273 0.074397 0.071318 0.068212 0.065079 0.061906 0.05832 0.054734 0.049882 0.043766 0.037649 0.035418 0.033562 0.030374 0.025852 0.021268 0.016601 0.011947
50 0.082051 0.079434 0.076784 0.074009 0.071141 0.068138 0.065 0.061831 0.058338 0.054846 0.050188 0.044365 0.038543 0.036016 0.033809 0.030408 0.025815 0.021167 0.016445 0.011672
51 0.08147 0.079047 0.076455 0.073745 0.070945 0.067988 0.064873 0.061731 0.058316 0.054901 0.050436 0.044919 0.039403 0.036613 0.034086 0.030492 0.025831 0.0211 0.016275 0.011375
52 0.080853 0.078575 0.076084 0.073466 0.070752 0.067871 0.064822 0.061742 0.058346 0.054949 0.050635 0.045402 0.040169 0.037147 0.034339 0.030583 0.025881 0.021078 0.016141 0.011165
53 0.08031 0.078112 0.075716 0.073177 0.070532 0.06772 0.064743 0.06173 0.058344 0.054959 0.050808 0.04589 0.040972 0.037702 0.034591 0.030669 0.025936 0.021079 0.016056 0.010954
54 0.079739 0.077614 0.075324 0.072854 0.070248 0.067517 0.064662 0.061761 0.058402 0.055042 0.051032 0.046373 0.041714 0.038236 0.034873 0.030794 0.025999 0.021069 0.015958 0.010787
55 0.07908 0.077069 0.074881 0.072526 0.070045 0.067393 0.06457 0.061707 0.058438 0.055169 0.05132 0.046891 0.042462 0.038757 0.035121 0.030892 0.02607 0.021085 0.015882 0.010641
56 0.078411 0.076514 0.074417 0.072163 0.06979 0.067236 0.064502 0.061724 0.058494 0.055264 0.051559 0.047378 0.043196 0.039281 0.035392 0.031022 0.02617 0.02114 0.015873 0.010475
57 0.077785 0.07597 0.073986 0.071848 0.069596 0.067118 0.064416 0.061675 0.05852 0.055365 0.051803 0.047834 0.043865 0.039787 0.035699 0.031187 0.026252 0.021153 0.015835 0.010307
58 0.07717 0.075399 0.073545 0.071484 0.069269 0.066869 0.064285 0.061656 0.05856 0.055464 0.052046 0.048308 0.044569 0.040324 0.03603 0.031396 0.026421 0.021246 0.015803 0.010158
59 0.076467 0.074809 0.073034 0.071081 0.068996 0.066704 0.064205 0.061659 0.058629 0.055598 0.052317 0.048786 0.045254 0.040841 0.036342 0.031581 0.026558 0.021318 0.015789 0.010031
60 0.075855 0.07423 0.072585 0.07074 0.068745 0.066536 0.064114 0.061642 0.058656 0.055671 0.052516 0.049192 0.045867 0.041319 0.036651 0.031786 0.026723 0.021423 0.015807 0.0099411
61 0.075106 0.073606 0.072128 0.070388 0.06845 0.066319 0.063994 0.061618 0.058704 0.05579 0.052772 0.04965 0.046529 0.041822 0.036963 0.031991 0.026907 0.021554 0.015843 0.0098662
62 0.074382 0.073112 0.071705 0.07001 0.068099 0.066053 0.063872 0.061631 0.058768 0.055906 0.053011 0.050084 0.047157 0.04231 0.037279 0.032204 0.027085 0.021681 0.015895 0.0097575
63 0.073711 0.072574 0.071226 0.069602 0.067769 0.065814 0.063734 0.061593 0.058816 0.056038 0.053267 0.050502 0.047738 0.042788 0.037628 0.032454 0.027266 0.021807 0.015985 0.0096897
64 0.072999 0.071751 0.070622 0.069172 0.067481 0.065644 0.063663 0.061619 0.058921 0.056223 0.053567 0.050955 0.048342 0.043284 0.037989 0.032717 0.027468 0.021935 0.016024 0.0096263
65 0.072067 0.071046 0.070088 0.068779 0.067207 0.065472 0.063574 0.061613 0.059002 0.05639 0.053852 0.051385 0.048919 0.04378 0.038383 0.033025 0.027708 0.022089 0.01607 0.0095492
66 0.071378 0.07039 0.069566 0.068398 0.066973 0.065334 0.063481 0.061568 0.059033 0.056498 0.054078 0.051775 0.049471 0.044241 0.038727 0.033289 0.027926 0.022241 0.016128 0.0095033
67 0.070355 0.069833 0.069022 0.067929 0.066624 0.065081 0.0633 0.061463 0.059037 0.05661 0.054342 0.052231 0.05012 0.044789 0.039147 0.033633 0.028247 0.022493 0.016247 0.0094955
68 0.069555 0.069207 0.06852 0.067514 0.066268 0.064833 0.063209 0.061516 0.059109 0.056703 0.054532 0.052598 0.050664 0.04526 0.039521 0.033936 0.028506 0.022689 0.016354 0.0095057
69 0.068684 0.068595 0.067928 0.06703 0.065956 0.064659 0.063137 0.06154 0.059165 0.056789 0.054718 0.052954 0.05119 0.045734 0.039922 0.034278 0.028803 0.022913 0.01647 0.0095361
70 0.06781 0.067645 0.067372 0.066699 0.065725 0.064518 0.063078 0.061559 0.05922 0.056881 0.054909 0.053305 0.0517 0.046199 0.04032 0.034633 0.029138 0.023177 0.016596 0.0095161
71 0.067019 0.066928 0.066728 0.066178 0.065366 0.064309 0.063007 0.061619 0.059347 0.057074 0.055185 0.05368 0.052174 0.046625 0.040685 0.034963 0.029458 0.02344 0.016739 0.0094761
72 0.066344 0.066425 0.066201 0.065728 0.065068 0.064122 0.06289 0.061574 0.059374 0.057175 0.055383 0.053998 0.052613 0.047027 0.041036 0.035281 0.029763 0.023694 0.01689 0.0094139
73 0.065566 0.065899 0.065645 0.065231 0.064696 0.063857 0.062712 0.061486 0.059414 0.057342 0.055666 0.054389 0.053111 0.047486 0.041441 0.035638 0.030077 0.023942 0.017043 0.0093582
74 0.064923 0.065387 0.065091 0.064713 0.064271 0.063561 0.062582 0.06151 0.059475 0.05744 0.055859 0.054732 0.053605 0.047914 0.041782 0.035932 0.030364 0.02419 0.017208 0.0094604
75 0.06427 0.064799 0.064483 0.064184 0.063899 0.063269 0.062295 0.061245 0.059404 0.057563 0.056131 0.055108 0.054086 0.048407 0.042278 0.036397 0.030763 0.024502 0.017405 0.0095145
76 0.063441 0.064287 0.06387 0.063655 0.063592 0.063061 0.062063 0.061007 0.059346 0.057685 0.056398 0.055483 0.054569 0.048879 0.042727 0.036822 0.031162 0.024828 0.017593 0.0095317
77 0.06259 0.06382 0.063303 0.063132 0.063222 0.06278 0.061807 0.060787 0.059288 0.057788 0.056634 0.055826 0.055018 0.049374 0.043261 0.037326 0.031569 0.025125 0.017766 0.009582
78 0.061961 0.063001 0.062474 0.062405 0.062682 0.062461 0.061741 0.060956 0.059487 0.058017 0.056911 0.056169 0.055427 0.049827 0.043759 0.037802 0.031958 0.025412 0.017932 0.009616
79 0.061085 0.06194 0.061541 0.061643 0.062122 0.062165 0.061773 0.061282 0.059776 0.05827 0.057195 0.056551 0.055907 0.050323 0.044262 0.03829 0.032405 0.025765 0.018119 0.0095838
80 0.060302 0.060929 0.060923 0.061097 0.061404 0.061562 0.061571 0.061451 0.060006 0.058562 0.057564 0.057014 0.056463 0.050846 0.044739 0.038731 0.032823 0.026112 0.018335 0.0095671
81 0.059098 0.059873 0.060364 0.060757 0.061077 0.061305 0.061441 0.061453 0.06018 0.058907 0.057978 0.057392 0.056805 0.051223 0.045157 0.039151 0.033203 0.026432 0.018565 0.0096385
82 0.058304 0.059281 0.059845 0.060302 0.060679 0.060984 0.061218 0.061334 0.06023 0.059125 0.058285 0.057709 0.057133 0.051604 0.045597 0.039585 0.033571 0.026729 0.018785 0.0097001
83 0.057534 0.058605 0.059428 0.060019 0.060436 0.060757 0.060984 0.061109 0.06017 0.059231 0.058506 0.057994 0.057482 0.051998 0.046034 0.040012 0.033934 0.027017 0.018982 0.0097684
84 0.05687 0.057876 0.058937 0.05968 0.060184 0.060554 0.06079 0.060932 0.060109 0.059286 0.058651 0.058206 0.057761 0.05238 0.046522 0.040518 0.034368 0.02735 0.019178 0.0098472
85 0.056062 0.057357 0.058559 0.059359 0.059857 0.060226 0.060466 0.060629 0.059991 0.059354 0.058876 0.05856 0.058243 0.052804 0.046871 0.040878 0.034827 0.027778 0.019399 0.0099052
86 0.055331 0.056494 0.057949 0.0589 0.059474 0.059882 0.060123 0.0603 0.05981 0.05932 0.059033 0.058949 0.058864 0.053418 0.047453 0.041436 0.035367 0.028229 0.019669 0.0099984
87 0.054306 0.05554 0.057089 0.058246 0.059108 0.059653 0.059879 0.060054 0.05971 0.059365 0.059239 0.059333 0.059427 0.054042 0.048127 0.042092 0.035936 0.028709 0.020054 0.010092
88 0.053171 0.054739 0.056067 0.057329 0.05854 0.059349 0.059757 0.060104 0.059824 0.059545 0.059559 0.059867 0.060176 0.054681 0.048625 0.042534 0.036408 0.029163 0.020428 0.010135
89 0.052335 0.053739 0.055255 0.056649 0.057951 0.058904 0.059505 0.060048 0.059978 0.059907 0.060009 0.060284 0.060558 0.055144 0.049179 0.043115 0.036951 0.029614 0.020715 0.010162
90 0.051747 0.053139 0.05472 0.056147 0.057457 0.058485 0.05923 0.059922 0.060065 0.060209 0.060393 0.060618 0.060843 0.055524 0.049669 0.043585 0.037272 0.029846 0.020936 0.010191
91 0.051143 0.052896 0.054363 0.055706 0.056956 0.058073 0.059058 0.059968 0.060101 0.060234 0.060469 0.060805 0.061142 0.055845 0.050002 0.043929 0.037625 0.030182 0.021222 0.010282
92 0.050408 0.052431 0.053801 0.055168 0.056534 0.057763 0.058857 0.05987 0.060061 0.060252 0.060575 0.061032 0.061488 0.05621 0.050377 0.044374 0.038198 0.030728 0.021536 0.010337
93 0.049447 0.051775 0.053033 0.054513 0.056159 0.057536 0.058642 0.059688 0.060111 0.060534 0.060908 0.061233 0.061558 0.056508 0.050939 0.045044 0.038822 0.031227 0.021803 0.01052
94 0.048608 0.050943 0.052049 0.053584 0.05544 0.057079 0.0585 0.05984 0.060329 0.060819 0.061207 0.061494 0.061781 0.056957 0.05164 0.045824 0.03951 0.031756 0.022086 0.010554
95 0.047738 0.049977 0.051339 0.052956 0.054764 0.056582 0.058411 0.060111 0.060474 0.060838 0.0612 0.061559 0.061919 0.057402 0.052413 0.046672 0.040176 0.032297 0.022574 0.010597
96 0.04685 0.049264 0.050918 0.052515 0.054068 0.055992 0.058287 0.060385 0.060455 0.060525 0.060868 0.061484 0.0621 0.057907 0.05325 0.047586 0.040915 0.032867 0.022984 0.01078
97 0.045834 0.048584 0.050527 0.052162 0.053566 0.05554 0.058084 0.060401 0.060373 0.060346 0.06071 0.061466 0.062221 0.058341 0.054012 0.048376 0.041432 0.033307 0.023611 0.011107
98 0.044975 0.047505 0.049983 0.051838 0.053223 0.055295 0.058052 0.060558 0.06047 0.060383 0.060693 0.061402 0.06211 0.058564 0.054607 0.049046 0.041881 0.033748 0.024325 0.011342
99 0.043859 0.046713 0.04924 0.051215 0.052775 0.055072 0.058104 0.060844 0.060547 0.06025 0.060485 0.061253 0.062021 0.058845 0.055287 0.049904 0.042696 0.034464 0.02487 0.011557
100 0.042502 0.045712 0.048104 0.050404 0.052635 0.0552 0.0581 0.060716 0.060405 0.060095 0.060321 0.061083 0.061846 0.059196 0.056215 0.051041 0.043671 0.035251 0.025431 0.012073
101 0.041754 0.044668 0.047105 0.04967 0.052333 0.055198 0.058265 0.061018 0.060532 0.060045 0.060141 0.060819 0.061498 0.059363 0.056956 0.051989 0.044463 0.035933 0.026067 0.012182
102 0.0411 0.044231 0.046784 0.049447 0.052193 0.05529 0.058741 0.061771 0.060453 0.059136 0.059048 0.06019 0.061332 0.059519 0.05742 0.052616 0.045108 0.036583 0.026703 0.012335
103 0.040478 0.043835 0.046372 0.04914 0.05208 0.055324 0.058872 0.061962 0.060313 0.058663 0.058468 0.059726 0.060984 0.059546 0.057848 0.053244 0.045735 0.037232 0.027407 0.012771
104 0.040221 0.043529 0.045956 0.048826 0.052029 0.055327 0.05872 0.061663 0.059965 0.058267 0.058105 0.05948 0.060854 0.059671 0.058241 0.053782 0.046294 0.037802 0.027972 0.013296
105 0.039852 0.043289 0.045235 0.048119 0.051709 0.055357 0.059064 0.062249 0.060028 0.057808 0.057537 0.059215 0.060894 0.060043 0.058948 0.054462 0.046588 0.037937 0.028253 0.013414
106 0.038815 0.042308 0.044308 0.047439 0.05142 0.055381 0.059322 0.062688 0.060117 0.057546 0.05717 0.058987 0.060805 0.060322 0.059616 0.055342 0.0475 0.038682 0.028562 0.013669
107 0.037898 0.041285 0.043434 0.046775 0.05101 0.055449 0.06009 0.064024 0.060646 0.057267 0.056472 0.058261 0.06005 0.060179 0.060147 0.056204 0.048351 0.039463 0.029197 0.013797
108 0.037568 0.04114 0.043382 0.046605 0.050566 0.055023 0.059977 0.064151 0.060271 0.05639 0.055577 0.05783 0.060083 0.060415 0.060562 0.056821 0.049193 0.040394 0.030035 0.014019
109 0.037098 0.040845 0.043228 0.046237 0.049718 0.054253 0.059841 0.064545 0.060104 0.055663 0.054744 0.057345 0.059947 0.060816 0.061517 0.057899 0.049962 0.041034 0.030786 0.014418
110 0.036563 0.040451 0.043247 0.046226 0.049344 0.053922 0.05996 0.065038 0.06019 0.055342 0.054255 0.056928 0.059601 0.060903 0.062072 0.05848 0.050126 0.041174 0.031428 0.014749
111 0.03607 0.039967 0.042922 0.045958 0.049056 0.053747 0.060031 0.065343 0.060604 0.055865 0.054662 0.056996 0.059331 0.060834 0.062257 0.058556 0.049732 0.040772 0.031629 0.015667
112 0.036103 0.04039 0.043809 0.046494 0.048628 0.053175 0.060135 0.065994 0.060476 0.054958 0.0536 0.056403 0.059206 0.060916 0.06252 0.058821 0.049819 0.040852 0.031933 0.015766
113 0.035833 0.041205 0.044669 0.047033 0.048569 0.052937 0.060135 0.06615 0.059913 0.053676 0.052244 0.055615 0.058986 0.060823 0.062512 0.058973 0.050206 0.041318 0.032266 0.016937
114 0.036274 0.041628 0.045202 0.047114 0.047778 0.051895 0.059465 0.065778 0.059088 0.052398 0.051159 0.05537 0.059581 0.06106 0.062275 0.058979 0.051171 0.04278 0.033613 0.017391
115 0.036262 0.042153 0.046031 0.047737 0.047814 0.051919 0.060054 0.066825 0.059506 0.052187 0.050548 0.054589 0.058629 0.060403 0.061957 0.058812 0.05097 0.042478 0.033122 0.018003
