1 0 0 0 0 0 0 0 0 0 0 0 0 0 0 0 0 0 0 0 0
2 0 0 0 0 0 0 0 0 0 0 0 0 0 0 0 0 0 0 0 0
3 0 0 0 0 0 0 0 0 0 0 0 0 0 0 0 0 0 0 0 0
4 0 0 0 0 0 0 0 0 0 0 0 0 0 0 0 0 0 0 0 0
5 0 0 0 0 0 0 0 0 0 0 0 0 0 0 0 0 0 0 0 0
6 0 0 0 0 0 0 0 0 0 0 0 0 0 0 0 0 0 0 0 0
7 0 0 0 0 0 0 0 0 0 0 0 0 0 0 0 0 0 0 0 0
8 0 0 0 0 0 0 0 0 0 0 0 0 0 0 0 0 0 0 0 0
9 0 0 0 0 0 0 0 0 0 0 0 0 0 0 0 0 0 0 0 0
10 0 0 0 0 0 0 0 0 0 0 0 0 0 0 0 0 0 0 0 0
11 0 0 0 0 0 0 0 0 0 0 0 0 0 0 0 0 0 0 0 0
12 0 0 0 0 0 0 0 0 0 0 0 0 0 0 0 0 0 0 0 0
13 0 0 0 0 0 0 0 0 0 0 0 0 0 0 0 0 0 0 0 0
14 0 0 0 0 0 0 0 0 0 0 0 0 0 0 0 0 0 0 0 0
15 0 0 0 0 0 0 0 0 0 0 0 0 0 0 0 0 0 0 0 0
16 0 0 0 0 0 0 0 0 0 0 0 0 0 0 0 0 0 0 0 0
17 0 0 0 0 0 0 0 0 0 0 0 0 0 0 0 0 0 0 0 0
18 0 0 0 0 0 0 0 0 0 0 0 0 0 0 0 0 0 0 0 0
19 0 0 0 0 0 0 0 0 0 0 0 0 0 0 0 0 0 0 0 0
20 0 0 0 0 0 0 0 0 0 0 0 0 0 0 0 0 0 0 0 0
21 0 0 0 0 0 0 0 0 0 0 0 0 0 0 0 0 0 0 0 0
22 0 0 0 0 0 0 0 0 0 0 0 0 0 0 0 0 0 0 0 0
23 0 0 0 0 0 0 0 0 0 0 0 0 0 0 0 0 0 0 0 0
24 0 0 0 0 0 0 0 0 0 0 0 0 0 0 0 0 0 0 0 0
25 0 0 0 0 0 0 0 0 0 0 0 0 0 0 0 0 0 0 0 0
26 0 0 0 0 0 0 0 0 0 0 0 0 0 0 0 0 0 0 0 0
27 0 0 0 0 0 0 0 0 0 0 0 0 0 0 0 0 0 0 0 0
28 0.043244 0.046497 0.053469 0.055113 0.052756 0.053435 0.057153 0.060207 0.056402 0.052596 0.052396 0.055801 0.059206 0.055436 0.050971 0.045788 0.039888 0.036606 0.036809 0.036226
29 0.051887 0.059897 0.063196 0.064799 0.065128 0.063773 0.060736 0.057653 0.054104 0.050555 0.048854 0.049 0.049147 0.046361 0.043291 0.039594 0.035269 0.0326 0.032137 0.03202
30 0.062488 0.067744 0.067625 0.066721 0.065229 0.062927 0.059815 0.056738 0.054018 0.051298 0.048741 0.046347 0.043954 0.041768 0.039601 0.037407 0.035185 0.03276 0.030067 0.029568
31 0.068587 0.071266 0.069783 0.067179 0.063732 0.06063 0.057872 0.055164 0.052964 0.050765 0.048421 0.045934 0.043446 0.041321 0.039231 0.037129 0.035015 0.032778 0.030377 0.028409
32 0.072455 0.073581 0.069894 0.066639 0.063711 0.060911 0.05824 0.055581 0.053045 0.050509 0.048054 0.04568 0.043306 0.041006 0.038714 0.03641 0.034094 0.031713 0.029245 0.027211
33 0.073361 0.073729 0.070064 0.066974 0.064316 0.061642 0.058952 0.056268 0.053643 0.051018 0.048413 0.045827 0.04324 0.04068 0.038122 0.035602 0.033122 0.030687 0.028311 0.026027
34 0.076543 0.074029 0.070839 0.067779 0.064816 0.061954 0.059193 0.056438 0.053758 0.051079 0.048382 0.045668 0.042954 0.040251 0.03755 0.034882 0.032248 0.029667 0.027155 0.024815
35 0.077525 0.074643 0.071666 0.06868 0.065686 0.06272 0.059781 0.056849 0.053986 0.051123 0.048277 0.045448 0.042619 0.039759 0.036896 0.034129 0.031458 0.028817 0.026215 0.023725
36 0.078542 0.075568 0.072482 0.069434 0.066416 0.063391 0.060358 0.057321 0.054235 0.05115 0.048131 0.045178 0.042225 0.039283 0.036343 0.033484 0.030709 0.027943 0.02519 0.022618
37 0.079445 0.076294 0.073192 0.070067 0.066924 0.063801 0.060696 0.057589 0.054452 0.051314 0.048185 0.045063 0.041942 0.038931 0.035932 0.032965 0.03003 0.027155 0.024358 0.021665
38 0.080375 0.077167 0.073962 0.070739 0.067502 0.06425 0.060984 0.057725 0.054539 0.051353 0.048153 0.044941 0.041729 0.038618 0.035516 0.032444 0.029402 0.026412 0.023493 0.020695
39 0.083717 0.080521 0.076652 0.073081 0.069734 0.066423 0.063149 0.059917 0.057127 0.054336 0.04861 0.039948 0.031286 0.032391 0.034441 0.033336 0.029076 0.02539 0.022469 0.018396
40 0.085022 0.082116 0.078198 0.074482 0.070919 0.06753 0.064316 0.061077 0.057567 0.054057 0.047785 0.038751 0.029716 0.030691 0.032634 0.031925 0.028565 0.025131 0.021601 0.017917
41 0.08575 0.082836 0.079132 0.075413 0.071682 0.068185 0.064921 0.06161 0.057812 0.054013 0.04734 0.037791 0.028243 0.029714 0.032252 0.031772 0.028277 0.024719 0.021078 0.01746
42 0.085828 0.082928 0.079637 0.076073 0.072305 0.068728 0.065343 0.061926 0.058187 0.054448 0.047479 0.037281 0.027083 0.028969 0.032023 0.031715 0.028044 0.024366 0.020677 0.016959
43 0.086395 0.083322 0.079783 0.07637 0.073052 0.069561 0.065898 0.062216 0.058333 0.05445 0.047237 0.036693 0.02615 0.028399 0.031885 0.031713 0.027884 0.024051 0.020212 0.016398
44 0.086348 0.083172 0.079602 0.076073 0.072576 0.069128 0.06573 0.062306 0.05861 0.054914 0.047898 0.037562 0.027226 0.028991 0.031926 0.031435 0.027518 0.023579 0.019611 0.015795
45 0.085993 0.082538 0.079306 0.075996 0.072627 0.069174 0.065635 0.062092 0.058507 0.054922 0.048211 0.038374 0.028537 0.029804 0.032144 0.031286 0.027228 0.023198 0.019203 0.015223
46 0.085681 0.082175 0.079125 0.075864 0.072446 0.069016 0.065575 0.062119 0.058497 0.054876 0.048422 0.039136 0.02985 0.030565 0.032248 0.031046 0.026959 0.022884 0.018823 0.014693
47 0.085385 0.082107 0.078886 0.075642 0.072379 0.06901 0.065536 0.062047 0.058412 0.054777 0.048567 0.039779 0.030992 0.03123 0.032342 0.030851 0.026757 0.022627 0.018448 0.014226
48 0.084982 0.081956 0.07883 0.075566 0.072198 0.068812 0.065407 0.061983 0.05837 0.054756 0.048801 0.040505 0.032208 0.031934 0.032437 0.03062 0.026484 0.022301 0.018055 0.013794
49 0.084598 0.081872 0.078588 0.075308 0.07203 0.068695 0.065304 0.061893 0.058282 0.05467 0.048969 0.041178 0.033387 0.032673 0.032643 0.030515 0.026289 0.022023 0.017705 0.01338
50 0.084176 0.081494 0.078324 0.07518 0.072055 0.068765 0.06531 0.06184 0.058207 0.054575 0.049074 0.041704 0.034333 0.03328 0.032837 0.030468 0.026172 0.021827 0.017414 0.012965
51 0.083753 0.081125 0.078038 0.074939 0.071829 0.068613 0.065289 0.061934 0.058249 0.054565 0.049234 0.042256 0.035278 0.033885 0.033032 0.030427 0.026069 0.021653 0.017158 0.012673
52 0.083422 0.080872 0.0778 0.074705 0.071593 0.068407 0.065148 0.061857 0.058236 0.054616 0.04948 0.042828 0.036176 0.03447 0.033243 0.030413 0.025981 0.021483 0.016896 0.012374
53 0.082848 0.080243 0.077482 0.074525 0.07142 0.06828 0.065106 0.061893 0.05828 0.054667 0.049708 0.043403 0.037099 0.035068 0.033451 0.030402 0.025921 0.021367 0.016716 0.01212
54 0.082346 0.079655 0.077032 0.074215 0.071253 0.068207 0.065076 0.061908 0.058342 0.054777 0.049993 0.04399 0.037987 0.03565 0.033667 0.030399 0.025846 0.02124 0.016563 0.011853
55 0.081826 0.079259 0.076633 0.073898 0.071079 0.068097 0.064951 0.061778 0.058322 0.054867 0.050285 0.044577 0.038869 0.036247 0.033924 0.030452 0.025831 0.021151 0.016392 0.011561
56 0.081213 0.078828 0.076275 0.073614 0.07087 0.06795 0.064855 0.061733 0.058337 0.054941 0.050531 0.045107 0.039684 0.03682 0.034203 0.030552 0.025865 0.021099 0.016227 0.011298
57 0.080605 0.078353 0.075908 0.073341 0.07068 0.067829 0.064786 0.061715 0.058349 0.054983 0.050736 0.045608 0.04048 0.03736 0.034435 0.03062 0.025915 0.021094 0.016116 0.011087
58 0.080064 0.077923 0.075578 0.073063 0.070422 0.067633 0.064696 0.061721 0.058354 0.054987 0.050895 0.046078 0.041261 0.037914 0.03471 0.03073 0.025973 0.021085 0.016023 0.010892
59 0.079494 0.077435 0.075198 0.072757 0.070164 0.067446 0.064604 0.06172 0.05841 0.0551 0.051153 0.046569 0.041985 0.038422 0.034958 0.030825 0.026023 0.021074 0.015928 0.010735
60 0.078845 0.076885 0.074728 0.072395 0.06993 0.067307 0.064525 0.061702 0.058454 0.055205 0.051413 0.047077 0.042741 0.038953 0.035217 0.030935 0.026107 0.021106 0.015877 0.010596
61 0.078191 0.07634 0.074253 0.072025 0.069691 0.067178 0.064486 0.061747 0.058523 0.055299 0.051637 0.047536 0.043435 0.039461 0.035499 0.031077 0.026196 0.021145 0.015867 0.010413
62 0.077585 0.075761 0.073821 0.071715 0.069484 0.067037 0.064375 0.06167 0.058529 0.055388 0.051878 0.047997 0.044117 0.03998 0.035819 0.031262 0.026311 0.021186 0.01583 0.010254
63 0.076958 0.07519 0.073345 0.071317 0.069151 0.066799 0.064261 0.061675 0.058589 0.055503 0.052129 0.048467 0.044806 0.040511 0.036156 0.031479 0.02648 0.021276 0.015797 0.010108
64 0.076217 0.074598 0.072869 0.070967 0.068934 0.066674 0.064189 0.061657 0.058636 0.055615 0.052376 0.048918 0.04546 0.041007 0.036457 0.031662 0.026619 0.021355 0.015795 0.0099961
65 0.075558 0.074013 0.072399 0.070594 0.068645 0.066471 0.064072 0.061624 0.058665 0.055706 0.052603 0.049355 0.046107 0.04151 0.036782 0.031879 0.026801 0.021477 0.015824 0.0099146
66 0.074873 0.073417 0.071996 0.07028 0.068341 0.066229 0.063943 0.061604 0.058719 0.055834 0.052863 0.049805 0.046747 0.041986 0.03706 0.032055 0.026973 0.021603 0.015852 0.0098204
67 0.074131 0.072926 0.071536 0.069861 0.067974 0.065959 0.063815 0.061612 0.058781 0.05595 0.053102 0.050236 0.04737 0.042487 0.037409 0.032299 0.027156 0.021731 0.015932 0.009732
68 0.073461 0.072247 0.071018 0.069467 0.067674 0.065754 0.063707 0.061599 0.058855 0.056112 0.053383 0.050668 0.047953 0.042963 0.037753 0.032543 0.027334 0.021849 0.015996 0.0096643
69 0.072705 0.071496 0.07041 0.069009 0.06737 0.065581 0.06364 0.061634 0.05896 0.056285 0.053669 0.051111 0.048552 0.043461 0.038124 0.032821 0.02755 0.021987 0.016036 0.0095991
70 0.071785 0.070809 0.069948 0.068689 0.067133 0.065415 0.063533 0.06159 0.059012 0.056434 0.05394 0.05153 0.049121 0.043943 0.038497 0.033108 0.027775 0.022135 0.016085 0.0095187
71 0.070957 0.070194 0.069367 0.068242 0.066895 0.065292 0.063432 0.061517 0.059028 0.056539 0.054176 0.051938 0.0497 0.044431 0.038869 0.033403 0.028033 0.022324 0.016164 0.0094979
72 0.070036 0.069627 0.06882 0.067754 0.066495 0.065001 0.063274 0.061486 0.059063 0.05664 0.054412 0.052379 0.050345 0.044977 0.039286 0.033739 0.028336 0.022559 0.016284 0.0094877
73 0.069318 0.069006 0.068285 0.067302 0.066123 0.064749 0.063182 0.061541 0.05914 0.056739 0.054602 0.05273 0.050857 0.045431 0.03966 0.034051 0.028604 0.022762 0.016395 0.009522
74 0.068382 0.068315 0.067768 0.06693 0.065874 0.064599 0.063105 0.061535 0.05917 0.056806 0.054772 0.053071 0.051369 0.045898 0.040063 0.034401 0.028913 0.022996 0.016508 0.0095266
75 0.067539 0.067409 0.067156 0.066519 0.065595 0.064441 0.063058 0.061591 0.059266 0.05694 0.054995 0.05343 0.051865 0.046347 0.040448 0.034749 0.029252 0.023268 0.016637 0.0094952
76 0.06677 0.066793 0.066577 0.066039 0.065261 0.064231 0.062948 0.061582 0.059345 0.057109 0.055258 0.053792 0.052327 0.046762 0.0408 0.035068 0.029564 0.023531 0.016792 0.0094517
77 0.066199 0.066247 0.066016 0.06556 0.064936 0.064024 0.062824 0.061539 0.059373 0.057207 0.055453 0.054113 0.052772 0.047179 0.041174 0.035405 0.029874 0.02378 0.016937 0.0093884
78 0.065288 0.065747 0.065465 0.065059 0.064561 0.063769 0.062684 0.061514 0.059454 0.057394 0.055747 0.054513 0.053279 0.047624 0.041541 0.035719 0.030158 0.024013 0.017092 0.0093778
79 0.064762 0.065201 0.064886 0.064517 0.064108 0.063437 0.062504 0.061477 0.059478 0.05748 0.055936 0.054846 0.053757 0.048069 0.041937 0.036076 0.030488 0.024286 0.017266 0.0094868
80 0.063964 0.064625 0.064314 0.064045 0.063807 0.0632 0.062224 0.061176 0.05939 0.057604 0.056216 0.055227 0.054237 0.048554 0.042417 0.036529 0.030888 0.024604 0.017461 0.0095178
81 0.063233 0.064142 0.063717 0.063528 0.063516 0.062982 0.061925 0.060823 0.059256 0.057689 0.056471 0.055602 0.054732 0.049055 0.042914 0.036997 0.031304 0.024932 0.017653 0.0095289
82 0.062357 0.063588 0.063039 0.062896 0.063056 0.062685 0.061781 0.060825 0.059338 0.057851 0.056717 0.055935 0.055153 0.049526 0.04343 0.037488 0.031699 0.025217 0.017814 0.0096057
83 0.061714 0.062712 0.062199 0.062161 0.062478 0.062339 0.061742 0.061068 0.059586 0.058105 0.057003 0.056281 0.055559 0.049975 0.04392 0.037961 0.032098 0.025518 0.017984 0.0095983
84 0.060869 0.061589 0.06126 0.061429 0.061971 0.062082 0.06176 0.061335 0.059834 0.058333 0.057284 0.056686 0.056089 0.050495 0.044418 0.038432 0.032538 0.02587 0.018171 0.0095558
85 0.05997 0.060615 0.06077 0.061004 0.061299 0.061472 0.061526 0.061451 0.060056 0.058661 0.057685 0.057127 0.056569 0.050955 0.044853 0.038847 0.032937 0.026213 0.018404 0.009586
86 0.058861 0.059693 0.060204 0.060612 0.060943 0.061199 0.06138 0.061437 0.060214 0.058992 0.058083 0.057487 0.056891 0.051329 0.045287 0.03928 0.033309 0.026516 0.018629 0.0096524
87 0.058046 0.059078 0.059719 0.060216 0.060606 0.06091 0.061129 0.061237 0.060201 0.059165 0.058369 0.057814 0.057259 0.051737 0.045736 0.039717 0.033681 0.026816 0.018847 0.0097199
88 0.057349 0.058405 0.059289 0.059932 0.060394 0.060726 0.060928 0.061032 0.060136 0.059239 0.058542 0.058046 0.05755 0.052107 0.046185 0.040167 0.034055 0.027102 0.019032 0.009785
89 0.056676 0.057695 0.058839 0.059598 0.060068 0.060432 0.060688 0.060853 0.060074 0.059295 0.058707 0.05831 0.057913 0.052511 0.046625 0.040624 0.034507 0.02748 0.019241 0.0098637
90 0.055836 0.05713 0.058393 0.059232 0.059753 0.060128 0.060358 0.060515 0.059925 0.059336 0.05892 0.058676 0.058432 0.05299 0.047045 0.041044 0.034989 0.027911 0.019473 0.0099124
91 0.055079 0.05625 0.057761 0.058743 0.059327 0.059749 0.060009 0.060205 0.059742 0.059278 0.05905 0.059055 0.059061 0.053629 0.047672 0.041646 0.035552 0.028382 0.019779 0.010034
92 0.053996 0.05533 0.056729 0.057924 0.058966 0.059619 0.059884 0.060093 0.059729 0.059365 0.059276 0.059462 0.059647 0.054243 0.048298 0.042246 0.036085 0.028845 0.020168 0.010094
93 0.052968 0.054469 0.055788 0.057071 0.058326 0.059198 0.059688 0.060114 0.059876 0.059638 0.059687 0.060023 0.06036 0.054838 0.04875 0.042654 0.036552 0.02931 0.02055 0.01014
94 0.052193 0.053581 0.055073 0.056465 0.057782 0.058766 0.059416 0.06001 0.060018 0.060026 0.060142 0.060365 0.060588 0.055231 0.049335 0.043291 0.0371 0.029719 0.020754 0.010147
95 0.051631 0.05313 0.054671 0.056057 0.057329 0.058368 0.059174 0.059923 0.060071 0.06022 0.060419 0.060669 0.06092 0.055615 0.049774 0.043665 0.03729 0.029854 0.021004 0.010216
96 0.050958 0.052814 0.054243 0.055583 0.056856 0.058002 0.059023 0.059966 0.060103 0.060241 0.060487 0.060841 0.061195 0.055895 0.050048 0.04401 0.037781 0.030349 0.021314 0.010291
97 0.050133 0.052244 0.053594 0.055 0.056449 0.057703 0.058763 0.059754 0.060043 0.060331 0.060687 0.061111 0.061534 0.056311 0.050542 0.044563 0.038377 0.030869 0.021604 0.010389
98 0.049163 0.051598 0.052803 0.054295 0.056002 0.057432 0.058584 0.059677 0.06016 0.060643 0.06101 0.061261 0.061512 0.056577 0.051141 0.045295 0.039041 0.031391 0.021883 0.010534
99 0.048365 0.050613 0.051774 0.053348 0.055232 0.056946 0.058492 0.059941 0.06039 0.060839 0.061214 0.061516 0.061818 0.057096 0.05189 0.046097 0.039718 0.031922 0.022239 0.010552
100 0.047515 0.049762 0.051185 0.052797 0.054552 0.056421 0.058406 0.060239 0.060513 0.060788 0.06112 0.06151 0.0619 0.057511 0.052659 0.046956 0.040401 0.032468 0.022698 0.010602
101 0.046613 0.049158 0.050863 0.052411 0.053841 0.055778 0.058222 0.060445 0.060392 0.060339 0.060689 0.061442 0.062195 0.058096 0.053527 0.04786 0.041092 0.033005 0.02316 0.010873
102 0.045639 0.0483 0.05039 0.052083 0.053477 0.055483 0.0581 0.060481 0.060414 0.060346 0.060671 0.061387 0.062104 0.058358 0.054182 0.048577 0.041546 0.033416 0.023826 0.011219
103 0.044732 0.047362 0.049871 0.051725 0.053087 0.055209 0.058089 0.060701 0.060526 0.060351 0.060626 0.061351 0.062077 0.058604 0.054725 0.04919 0.041999 0.033887 0.024548 0.01134
104 0.043496 0.046452 0.048909 0.050982 0.052768 0.055159 0.058155 0.060857 0.06051 0.060164 0.060377 0.061152 0.061926 0.058904 0.055515 0.050215 0.043006 0.034715 0.024983 0.011758
105 0.042104 0.045418 0.047865 0.050262 0.052622 0.05522 0.058058 0.060622 0.060362 0.060102 0.060323 0.061027 0.06173 0.059273 0.056509 0.051394 0.043927 0.035451 0.025631 0.012096
106 0.041634 0.044365 0.047012 0.04968 0.052364 0.055275 0.058414 0.061212 0.060485 0.059758 0.059805 0.060625 0.061445 0.059406 0.05709 0.052174 0.044656 0.036129 0.026255 0.012218
107 0.040859 0.044209 0.046702 0.049366 0.052158 0.055347 0.058933 0.062068 0.060529 0.058991 0.058803 0.059966 0.061129 0.059435 0.057465 0.05273 0.04523 0.036729 0.026893 0.012458
108 0.040435 0.043684 0.046266 0.049101 0.052127 0.055339 0.058737 0.061695 0.060106 0.058517 0.058376 0.059683 0.06099 0.059627 0.058007 0.053439 0.045923 0.037417 0.027591 0.012942
109 0.040237 0.043602 0.045768 0.048568 0.051842 0.055269 0.058847 0.061935 0.059959 0.057982 0.057775 0.059336 0.060897 0.059825 0.058499 0.054018 0.046381 0.037829 0.028058 0.013373
110 0.03962 0.043061 0.044999 0.047956 0.051678 0.055424 0.059194 0.062422 0.060039 0.057657 0.057342 0.059096 0.06085 0.060101 0.05911 0.054694 0.046854 0.038159 0.028327 0.013414
111 0.038572 0.042039 0.044076 0.047263 0.051315 0.055418 0.059571 0.063111 0.060305 0.057499 0.056985 0.058763 0.06054 0.060235 0.059727 0.055552 0.04771 0.038861 0.02867 0.013785
112 0.03787 0.041323 0.043391 0.046701 0.050944 0.055455 0.060234 0.06427 0.060632 0.056993 0.056102 0.057959 0.059816 0.060106 0.060243 0.056414 0.048618 0.039747 0.029444 0.013736
113 0.037476 0.041109 0.043402 0.04655 0.050341 0.054786 0.059884 0.064176 0.060136 0.056096 0.055273 0.057669 0.060064 0.06055 0.060851 0.057147 0.049437 0.040597 0.030254 0.0142
114 0.036969 0.04078 0.043281 0.046271 0.049629 0.054173 0.059903 0.064722 0.06013 0.055537 0.054531 0.057112 0.059692 0.060774 0.061711 0.058152 0.050097 0.041141 0.030988 0.014405
115 0.036361 0.040271 0.043205 0.046266 0.049424 0.054007 0.060017 0.065075 0.060284 0.055493 0.054398 0.056999 0.0596 0.060882 0.062036 0.05835 0.049825 0.040909 0.031474 0.015127
