1 0 0 0 0 0 0 0 0 0 0 0 0 0 0 0 0 0 0 0 0
2 0 0 0 0 0 0 0 0 0 0 0 0 0 0 0 0 0 0 0 0
3 0 0 0 0 0 0 0 0 0 0 0 0 0 0 0 0 0 0 0 0
4 0 0 0 0 0 0 0 0 0 0 0 0 0 0 0 0 0 0 0 0
5 0 0 0 0 0 0 0 0 0 0 0 0 0 0 0 0 0 0 0 0
6 0 0 0 0 0 0 0 0 0 0 0 0 0 0 0 0 0 0 0 0
7 0 0 0 0 0 0 0 0 0 0 0 0 0 0 0 0 0 0 0 0
8 0 0 0 0 0 0 0 0 0 0 0 0 0 0 0 0 0 0 0 0
9 0 0 0 0 0 0 0 0 0 0 0 0 0 0 0 0 0 0 0 0
10 0 0 0 0 0 0 0 0 0 0 0 0 0 0 0 0 0 0 0 0
11 0 0 0 0 0 0 0 0 0 0 0 0 0 0 0 0 0 0 0 0
12 0 0 0 0 0 0 0 0 0 0 0 0 0 0 0 0 0 0 0 0
13 0 0 0 0 0 0 0 0 0 0 0 0 0 0 0 0 0 0 0 0
14 0 0 0 0 0 0 0 0 0 0 0 0 0 0 0 0 0 0 0 0
15 0 0 0 0 0 0 0 0 0 0 0 0 0 0 0 0 0 0 0 0
16 0 0 0 0 0 0 0 0 0 0 0 0 0 0 0 0 0 0 0 0
17 0 0 0 0 0 0 0 0 0 0 0 0 0 0 0 0 0 0 0 0
18 0 0 0 0 0 0 0 0 0 0 0 0 0 0 0 0 0 0 0 0
19 0.043327 0.046576 0.053548 0.055185 0.052812 0.053481 0.057189 0.060234 0.056416 0.052598 0.052385 0.055777 0.059169 0.055391 0.050918 0.045732 0.03983 0.036544 0.036739 0.03615
20 0.057194 0.063404 0.065742 0.066223 0.065309 0.063272 0.060113 0.056993 0.054273 0.051552 0.049513 0.048154 0.046795 0.044083 0.041239 0.037985 0.034318 0.031836 0.030931 0.031069
21 0.066092 0.068709 0.06823 0.06709 0.065455 0.062782 0.059072 0.055491 0.053239 0.050988 0.04864 0.046196 0.043752 0.041519 0.039307 0.037121 0.03496 0.032515 0.029688 0.029155
22 0.069464 0.071655 0.06989 0.067036 0.063364 0.06042 0.058203 0.055947 0.053288 0.05063 0.048167 0.045901 0.043635 0.041361 0.039086 0.036851 0.034656 0.032441 0.0302 0.027805
23 0.073025 0.073905 0.070006 0.06662 0.063619 0.06085 0.058313 0.055775 0.053227 0.050679 0.048176 0.045718 0.043259 0.040927 0.038606 0.036253 0.033866 0.031435 0.028945 0.026794
24 0.074478 0.074246 0.070353 0.067147 0.064457 0.06171 0.058905 0.056122 0.053569 0.051015 0.048417 0.045775 0.043132 0.040538 0.037949 0.03538 0.03283 0.030352 0.02797 0.025654
25 0.07715 0.074098 0.071003 0.068028 0.065142 0.062255 0.059366 0.056493 0.05379 0.051088 0.048357 0.045598 0.042839 0.04009 0.037342 0.034637 0.031974 0.029381 0.026879 0.02449
26 0.077883 0.075014 0.071994 0.068965 0.065927 0.062925 0.059958 0.056993 0.054047 0.051102 0.0482 0.045342 0.042484 0.039588 0.036688 0.033893 0.031204 0.028532 0.025884 0.023379
27 0.078895 0.075744 0.072713 0.069666 0.066606 0.063543 0.060478 0.05741 0.054307 0.051203 0.048144 0.045127 0.04211 0.039149 0.036193 0.033303 0.03048 0.027682 0.024917 0.02233
28 0.079849 0.076677 0.073504 0.070315 0.067113 0.063939 0.060793 0.057647 0.054494 0.051342 0.048175 0.044995 0.041815 0.038771 0.035741 0.032756 0.029818 0.026909 0.024039 0.02131
29 0.080604 0.077414 0.074156 0.070907 0.067662 0.064392 0.061096 0.057807 0.054591 0.051374 0.048145 0.044904 0.041663 0.038524 0.035395 0.032289 0.029205 0.026186 0.023254 0.020432
30 0.081409 0.07807 0.07474 0.071408 0.068075 0.064742 0.06141 0.05808 0.054759 0.051438 0.04813 0.044836 0.041541 0.038296 0.035056 0.031835 0.028633 0.025502 0.022464 0.019576
31 0.082172 0.078629 0.075192 0.071809 0.068465 0.065086 0.061671 0.05826 0.054897 0.051534 0.048173 0.044815 0.041456 0.038094 0.034731 0.031409 0.028126 0.024908 0.021776 0.018797
32 0.0826 0.079125 0.075695 0.072271 0.068851 0.065421 0.061982 0.058542 0.055086 0.05163 0.048183 0.044746 0.041309 0.037876 0.034443 0.031047 0.027687 0.024372 0.021117 0.018019
33 0.083085 0.079591 0.076099 0.072636 0.069194 0.065729 0.062241 0.058751 0.055241 0.051732 0.048223 0.044714 0.041205 0.037697 0.034189 0.03071 0.027262 0.023859 0.020517 0.017323
34 0.08338 0.079898 0.076505 0.07303 0.069493 0.06598 0.062491 0.058993 0.05541 0.051827 0.048254 0.044692 0.041129 0.037557 0.033984 0.030427 0.026886 0.023397 0.019977 0.016689
35 0.083711 0.080245 0.076765 0.073278 0.069784 0.066259 0.062702 0.059141 0.055549 0.051956 0.048344 0.044715 0.041086 0.037439 0.033791 0.030156 0.026534 0.022969 0.019479 0.016097
36 0.083965 0.080462 0.077014 0.073531 0.070023 0.066489 0.062927 0.059357 0.055707 0.052058 0.048398 0.044729 0.041059 0.037359 0.033656 0.02995 0.026242 0.022584 0.01899 0.0155
37 0.084189 0.080725 0.077286 0.07379 0.070252 0.066676 0.063063 0.059447 0.055795 0.052143 0.048464 0.044759 0.041054 0.037285 0.03351 0.029747 0.025996 0.022275 0.018593 0.014953
38 0.084345 0.080941 0.077508 0.073998 0.070429 0.066827 0.063192 0.059555 0.055905 0.052256 0.048558 0.044812 0.041067 0.037237 0.033399 0.029575 0.025764 0.021965 0.018182 0.014485
39 0.084985 0.082074 0.078775 0.075475 0.072173 0.068807 0.065377 0.061932 0.058327 0.054723 0.048841 0.040681 0.032521 0.032116 0.032461 0.030555 0.0264 0.022197 0.017929 0.013651
40 0.08466 0.081764 0.078499 0.075263 0.072048 0.068732 0.065315 0.06188 0.058255 0.05463 0.048989 0.041331 0.033673 0.032846 0.03268 0.03047 0.026218 0.021928 0.017588 0.013231
41 0.084086 0.081408 0.078285 0.075148 0.072002 0.068726 0.065321 0.061893 0.058235 0.054577 0.049116 0.04185 0.034585 0.033428 0.032861 0.030426 0.026121 0.021758 0.017317 0.012857
42 0.083731 0.081097 0.07802 0.074937 0.071849 0.068631 0.065282 0.061903 0.058215 0.054527 0.049249 0.04238 0.035512 0.034026 0.033061 0.030389 0.026009 0.021569 0.01705 0.012565
43 0.083282 0.080729 0.077738 0.07468 0.071573 0.068393 0.065139 0.061853 0.058239 0.054626 0.049546 0.042998 0.03645 0.034635 0.033277 0.030378 0.025937 0.021425 0.016817 0.012284
44 0.082773 0.080091 0.077421 0.074497 0.071381 0.068253 0.065112 0.061929 0.058308 0.054686 0.049768 0.043552 0.037335 0.035208 0.033477 0.030362 0.025864 0.021299 0.016644 0.012038
45 0.082282 0.07958 0.076927 0.074128 0.071219 0.068198 0.065067 0.061898 0.058346 0.054795 0.05006 0.044142 0.038223 0.035796 0.033706 0.030376 0.025807 0.021187 0.016499 0.011766
46 0.081731 0.0792 0.076582 0.073849 0.071029 0.068052 0.064915 0.061752 0.058308 0.054863 0.050336 0.044725 0.039115 0.036408 0.033981 0.030448 0.025809 0.021108 0.016327 0.011462
47 0.081087 0.078722 0.076193 0.073553 0.070829 0.067931 0.064857 0.061753 0.058343 0.054932 0.050561 0.045228 0.039895 0.036963 0.034263 0.030562 0.02586 0.021072 0.016171 0.011226
48 0.080482 0.078239 0.075814 0.073277 0.070656 0.067825 0.064783 0.061712 0.058331 0.05495 0.050751 0.045734 0.040718 0.037518 0.034495 0.030627 0.025914 0.021079 0.01608 0.011016
49 0.07992 0.077782 0.075461 0.07297 0.070353 0.06759 0.06468 0.06173 0.058366 0.055001 0.050952 0.046217 0.041483 0.038072 0.034789 0.030759 0.025983 0.021073 0.015983 0.010835
50 0.079303 0.077264 0.075049 0.072652 0.07012 0.067432 0.064588 0.061706 0.058428 0.05515 0.05125 0.046729 0.042208 0.038572 0.035022 0.030843 0.026034 0.021069 0.015896 0.010684
51 0.078638 0.07671 0.074603 0.072307 0.069867 0.067266 0.064505 0.061702 0.058472 0.055243 0.051496 0.047232 0.042968 0.039108 0.035288 0.03096 0.026125 0.021113 0.015865 0.010534
52 0.078008 0.076197 0.074151 0.071957 0.069652 0.067149 0.06445 0.061708 0.058518 0.055328 0.051714 0.047674 0.043635 0.039608 0.035582 0.031116 0.026211 0.021139 0.015844 0.010359
53 0.077393 0.075614 0.073721 0.071629 0.069388 0.066955 0.06433 0.061661 0.058539 0.055417 0.051951 0.04814 0.04433 0.040138 0.035909 0.031313 0.026352 0.021205 0.01581 0.010207
54 0.076731 0.075031 0.073207 0.071209 0.069079 0.066758 0.064245 0.061683 0.058615 0.055547 0.052212 0.04861 0.045009 0.040658 0.036234 0.031518 0.026509 0.021289 0.015788 0.010068
55 0.076042 0.074424 0.072759 0.070884 0.068851 0.066613 0.064169 0.061674 0.058656 0.055637 0.052431 0.049035 0.045639 0.041142 0.036537 0.031709 0.026658 0.021379 0.015796 0.0099675
56 0.075325 0.073811 0.072264 0.070494 0.068556 0.066407 0.064047 0.061636 0.058691 0.055747 0.05268 0.04949 0.046301 0.041656 0.036871 0.031935 0.026849 0.02151 0.015836 0.0098948
57 0.074627 0.073293 0.071864 0.070149 0.06822 0.066144 0.06392 0.061638 0.058753 0.055869 0.052928 0.049932 0.046935 0.042133 0.037157 0.032121 0.027025 0.021638 0.015865 0.0097898
58 0.073917 0.072774 0.07139 0.069733 0.067871 0.065885 0.063776 0.061606 0.058798 0.05599 0.053177 0.050358 0.047539 0.04263 0.037519 0.032379 0.027212 0.02177 0.015962 0.0097133
59 0.073233 0.071984 0.070827 0.069335 0.06759 0.065709 0.063691 0.061612 0.058892 0.056172 0.053477 0.050806 0.048135 0.043113 0.037863 0.032624 0.027395 0.021888 0.016009 0.0096471
60 0.072348 0.07127 0.070241 0.068886 0.067288 0.06553 0.063613 0.061632 0.058991 0.056351 0.053771 0.051251 0.048731 0.043617 0.038252 0.032923 0.027631 0.022041 0.016055 0.0095784
61 0.071598 0.070587 0.06978 0.068572 0.067064 0.065375 0.063503 0.061572 0.05902 0.056469 0.054011 0.051648 0.049284 0.044081 0.038603 0.033191 0.027843 0.022183 0.016105 0.0095123
62 0.070649 0.070002 0.06919 0.06809 0.066773 0.065197 0.063363 0.061474 0.059028 0.056581 0.054268 0.052088 0.049908 0.044609 0.039008 0.033518 0.028139 0.022408 0.016207 0.0095006
63 0.069781 0.069396 0.068663 0.067637 0.066393 0.064931 0.063252 0.061508 0.059091 0.056674 0.054473 0.052487 0.050501 0.045116 0.039402 0.033837 0.028421 0.022624 0.016321 0.0094933
64 0.069002 0.068801 0.068088 0.067146 0.066031 0.064703 0.06316 0.061543 0.059155 0.056767 0.054664 0.052846 0.051027 0.045585 0.039793 0.034166 0.028704 0.022839 0.016436 0.0095436
65 0.068066 0.067922 0.067567 0.066828 0.065802 0.064557 0.063092 0.061548 0.059197 0.056845 0.054845 0.053195 0.051546 0.046058 0.0402 0.034524 0.02903 0.02309 0.016557 0.0095302
66 0.06724 0.06712 0.066907 0.066323 0.065461 0.06437 0.06305 0.061643 0.059335 0.057027 0.055104 0.053566 0.052029 0.046496 0.040576 0.034863 0.029357 0.023354 0.016689 0.0094919
67 0.066485 0.066595 0.066377 0.065877 0.065164 0.064179 0.062923 0.061582 0.059367 0.057152 0.055331 0.053906 0.05248 0.046901 0.04092 0.035177 0.029671 0.023622 0.01685 0.0094422
68 0.065847 0.066035 0.065806 0.065379 0.064804 0.06393 0.062756 0.061499 0.059389 0.05728 0.055571 0.054263 0.052955 0.047351 0.041333 0.035548 0.029997 0.023877 0.016998 0.0093828
69 0.06501 0.065541 0.065253 0.064866 0.064406 0.063666 0.062647 0.061537 0.059485 0.057433 0.055819 0.054643 0.053466 0.047785 0.041669 0.035828 0.030262 0.024104 0.017158 0.0094233
70 0.064509 0.064968 0.064631 0.064302 0.063979 0.063345 0.062399 0.061368 0.05945 0.057533 0.056048 0.054997 0.053945 0.048258 0.042122 0.036249 0.030638 0.024406 0.017345 0.0095086
71 0.063637 0.064412 0.064053 0.063816 0.063671 0.063119 0.062161 0.061134 0.0594 0.057666 0.056322 0.055369 0.054415 0.048728 0.042583 0.036685 0.031035 0.024725 0.017535 0.0095327
72 0.062893 0.06395 0.06349 0.063318 0.063364 0.062874 0.061847 0.060777 0.059256 0.057735 0.056559 0.055728 0.054897 0.049236 0.043108 0.037182 0.031456 0.025046 0.017724 0.0095609
73 0.062138 0.063252 0.062705 0.062608 0.062848 0.062565 0.061759 0.060894 0.059419 0.057945 0.056827 0.056067 0.055306 0.049694 0.043613 0.037664 0.031847 0.025331 0.017887 0.0096314
74 0.061355 0.062292 0.061827 0.061854 0.06225 0.062215 0.06175 0.061194 0.059705 0.058215 0.057123 0.05643 0.055736 0.050162 0.044117 0.038155 0.032278 0.025664 0.01807 0.0096071
75 0.060559 0.061187 0.061027 0.061213 0.061658 0.061807 0.061661 0.061398 0.059929 0.058459 0.057443 0.056882 0.056321 0.050709 0.044609 0.038606 0.032702 0.026008 0.018263 0.0095592
76 0.059475 0.060195 0.060534 0.060859 0.061174 0.061377 0.061469 0.061437 0.060118 0.058798 0.057853 0.057283 0.056714 0.051112 0.045024 0.039017 0.033094 0.026345 0.018499 0.0096231
77 0.058518 0.059444 0.059988 0.06042 0.060768 0.061058 0.061293 0.061404 0.06024 0.059077 0.058202 0.057616 0.057031 0.051489 0.045468 0.03946 0.033465 0.026645 0.018726 0.0096882
78 0.057692 0.058775 0.059538 0.060085 0.060472 0.06079 0.061041 0.061183 0.060203 0.059224 0.05847 0.057942 0.057415 0.051904 0.045911 0.039887 0.033832 0.026941 0.018937 0.0097583
79 0.057037 0.058076 0.059051 0.059766 0.060286 0.06065 0.06086 0.060976 0.060123 0.059271 0.058612 0.058146 0.057681 0.052276 0.046393 0.040378 0.034229 0.027237 0.019122 0.0098276
80 0.056298 0.057472 0.058653 0.059433 0.05991 0.060284 0.060556 0.060743 0.060043 0.059343 0.058817 0.058466 0.058115 0.052697 0.046789 0.040789 0.034696 0.027653 0.019344 0.0099001
81 0.055513 0.056745 0.05811 0.059018 0.059582 0.059984 0.060223 0.060394 0.05987 0.059345 0.059003 0.058844 0.058685 0.053242 0.047288 0.041278 0.035212 0.0281 0.019595 0.0099696
82 0.054614 0.055819 0.057399 0.058479 0.059184 0.059654 0.059887 0.060068 0.059702 0.059337 0.059182 0.059239 0.059295 0.053886 0.047948 0.041915 0.035787 0.028582 0.019942 0.010083
83 0.053484 0.054967 0.056307 0.057552 0.058725 0.059481 0.05982 0.060101 0.059783 0.059464 0.059435 0.059693 0.059952 0.054507 0.04851 0.042437 0.036288 0.029038 0.020323 0.010131
84 0.052575 0.054031 0.055436 0.056775 0.058065 0.059 0.05958 0.060095 0.059936 0.059778 0.059863 0.060192 0.06052 0.05505 0.04902 0.042937 0.036801 0.029506 0.02067 0.01017
85 0.051889 0.053281 0.054782 0.056194 0.057539 0.058573 0.059296 0.059964 0.06007 0.060175 0.060335 0.060549 0.060763 0.055429 0.049558 0.043495 0.03724 0.029825 0.020867 0.010176
86 0.051315 0.052958 0.05446 0.055818 0.057068 0.058159 0.059093 0.059956 0.060095 0.060235 0.060462 0.060777 0.061092 0.055794 0.049954 0.043849 0.03748 0.030029 0.021137 0.010269
87 0.050611 0.052565 0.053968 0.055324 0.056645 0.057847 0.05893 0.059932 0.060096 0.06026 0.060555 0.060982 0.061409 0.056085 0.050206 0.044183 0.038018 0.030584 0.021463 0.010337
88 0.049694 0.051931 0.053243 0.054699 0.056262 0.057588 0.058676 0.059702 0.060075 0.060448 0.060829 0.061217 0.061606 0.056462 0.050784 0.044844 0.038642 0.031089 0.021738 0.010471
89 0.048771 0.051199 0.052364 0.053891 0.05569 0.057223 0.058492 0.059696 0.060225 0.060755 0.061154 0.061424 0.061694 0.056818 0.051444 0.045615 0.039329 0.031622 0.022022 0.010571
90 0.047923 0.050158 0.051478 0.053104 0.05496 0.05673 0.058417 0.059992 0.060427 0.060861 0.061249 0.06159 0.061931 0.057312 0.052214 0.046445 0.040005 0.03216 0.022443 0.0106
91 0.047056 0.049356 0.050967 0.052606 0.054267 0.056178 0.058339 0.060325 0.060507 0.060689 0.061029 0.061526 0.062024 0.057748 0.05301 0.047334 0.04072 0.032723 0.022884 0.01071
92 0.046072 0.048795 0.050621 0.052211 0.053623 0.055589 0.058109 0.060405 0.060375 0.060345 0.060725 0.061515 0.062305 0.058306 0.053843 0.048185 0.041331 0.033216 0.02342 0.011007
93 0.045205 0.047782 0.050092 0.051886 0.053291 0.055349 0.058061 0.060527 0.060457 0.060386 0.060702 0.061403 0.062104 0.058492 0.054462 0.048898 0.041798 0.033654 0.024119 0.011334
94 0.044202 0.046971 0.049534 0.051413 0.052778 0.054986 0.058037 0.060798 0.060558 0.060318 0.060581 0.061348 0.062115 0.058801 0.055093 0.049635 0.042428 0.034248 0.024774 0.011383
95 0.04289 0.045987 0.048368 0.050572 0.052643 0.055161 0.058126 0.060798 0.060449 0.0601 0.060333 0.061147 0.061962 0.059125 0.055934 0.050699 0.04342 0.035053 0.02524 0.011991
96 0.041821 0.044924 0.047376 0.049871 0.052399 0.055149 0.05812 0.060799 0.06046 0.060121 0.06029 0.060968 0.061645 0.059381 0.056833 0.051794 0.044264 0.035739 0.025886 0.012161
97 0.041258 0.044199 0.046811 0.04949 0.052217 0.055231 0.058533 0.061456 0.060457 0.059459 0.059458 0.060456 0.061454 0.059531 0.057325 0.052468 0.044958 0.036421 0.026517 0.012302
98 0.040474 0.043922 0.046429 0.049149 0.052029 0.055297 0.058952 0.062139 0.060494 0.058849 0.058638 0.059861 0.061083 0.059528 0.057704 0.053041 0.04554 0.037037 0.027201 0.012633
99 0.040132 0.043377 0.046024 0.048951 0.052086 0.055267 0.058493 0.061307 0.059855 0.058403 0.058358 0.05972 0.061082 0.059819 0.058302 0.053783 0.046261 0.037738 0.027881 0.01316
100 0.039963 0.043421 0.045393 0.048222 0.051695 0.055259 0.058913 0.062062 0.059981 0.057899 0.057677 0.059314 0.060951 0.059998 0.058795 0.054313 0.046553 0.037947 0.028215 0.013429
101 0.039097 0.042556 0.044511 0.047577 0.051479 0.05536 0.059221 0.062523 0.06006 0.057596 0.057273 0.059091 0.06091 0.060303 0.059462 0.055117 0.047268 0.038504 0.028521 0.013572
102 0.038095 0.041525 0.043634 0.046914 0.051074 0.055363 0.059781 0.063541 0.060485 0.057429 0.056792 0.058574 0.060356 0.06028 0.060023 0.055966 0.048109 0.039228 0.028985 0.013847
103 0.03762 0.041144 0.043317 0.046591 0.050694 0.055189 0.060077 0.064198 0.060402 0.056606 0.055772 0.0579 0.060029 0.060362 0.060522 0.05674 0.049015 0.040163 0.02981 0.013847
104 0.037176 0.040876 0.043216 0.046281 0.049891 0.054396 0.059797 0.064346 0.060081 0.055816 0.054973 0.057551 0.06013 0.060805 0.061295 0.05763 0.049809 0.040915 0.030593 0.014421
105 0.03664 0.040501 0.043173 0.046167 0.049405 0.053979 0.059889 0.064863 0.060161 0.055458 0.054411 0.057019 0.059628 0.060875 0.06199 0.058455 0.050269 0.041308 0.031315 0.014496
106 0.036006 0.03998 0.042877 0.045957 0.049174 0.053853 0.059992 0.065173 0.060452 0.05573 0.054604 0.057071 0.059539 0.060944 0.062245 0.058546 0.049845 0.040899 0.031625 0.015488
107 0.036071 0.040002 0.04341 0.046273 0.048726 0.053325 0.06007 0.06576 0.060538 0.055317 0.054017 0.05664 0.059263 0.060958 0.062564 0.058842 0.049791 0.040798 0.031883 0.015752
108 0.035757 0.040978 0.044416 0.046851 0.048531 0.05297 0.060168 0.066201 0.060195 0.054189 0.052764 0.055921 0.059078 0.060873 0.062536 0.0589 0.049966 0.041036 0.032112 0.016557
109 0.036046 0.041412 0.044941 0.047035 0.04805 0.052234 0.059588 0.065719 0.059208 0.052697 0.051429 0.055403 0.059378 0.06107 0.062541 0.059205 0.051061 0.042456 0.033237 0.017291
110 0.036296 0.041995 0.045743 0.047396 0.047476 0.05161 0.059798 0.066632 0.05946 0.052288 0.050798 0.05499 0.059182 0.060651 0.061857 0.058667 0.051082 0.042765 0.033473 0.017841
111 0.03629 0.04342 0.046858 0.0483 0.048244 0.052255 0.060334 0.067036 0.059489 0.051943 0.049909 0.053388 0.056868 0.059477 0.062003 0.059358 0.05154 0.042707 0.032522 0.018059
112 0.035913 0.044234 0.047713 0.048988 0.048608 0.052401 0.060368 0.066998 0.059804 0.05261 0.050271 0.052789 0.055306 0.058401 0.061552 0.059415 0.05199 0.042999 0.031924 0.017717
113 0.034757 0.044034 0.048077 0.049374 0.048607 0.052293 0.060432 0.067229 0.060144 0.053058 0.050638 0.052884 0.05513 0.058186 0.061321 0.059243 0.051951 0.043083 0.032114 0.017445
114 0.033346 0.043728 0.048098 0.050123 0.050388 0.054265 0.061753 0.067922 0.060461 0.052999 0.050226 0.052141 0.054057 0.057564 0.061225 0.059184 0.05144 0.042567 0.032192 0.016322
115 0.032982 0.04399 0.048946 0.051684 0.052755 0.056559 0.063096 0.068363 0.060494 0.052626 0.049369 0.050725 0.052081 0.056158 0.060498 0.058888 0.051326 0.042344 0.031472 0.015645
