1 0 0 0 0 0 0 0 0 0 0 0 0 0 0 0 0 0 0 0 0
2 0 0 0 0 0 0 0 0 0 0 0 0 0 0 0 0 0 0 0 0
3 0 0 0 0 0 0 0 0 0 0 0 0 0 0 0 0 0 0 0 0
4 0 0 0 0 0 0 0 0 0 0 0 0 0 0 0 0 0 0 0 0
5 0 0 0 0 0 0 0 0 0 0 0 0 0 0 0 0 0 0 0 0
6 0 0 0 0 0 0 0 0 0 0 0 0 0 0 0 0 0 0 0 0
7 0 0 0 0 0 0 0 0 0 0 0 0 0 0 0 0 0 0 0 0
8 0 0 0 0 0 0 0 0 0 0 0 0 0 0 0 0 0 0 0 0
9 0 0 0 0 0 0 0 0 0 0 0 0 0 0 0 0 0 0 0 0
10 0 0 0 0 0 0 0 0 0 0 0 0 0 0 0 0 0 0 0 0
11 0 0 0 0 0 0 0 0 0 0 0 0 0 0 0 0 0 0 0 0
12 0 0 0 0 0 0 0 0 0 0 0 0 0 0 0 0 0 0 0 0
13 0.046288 0.053661 0.058257 0.060003 0.059609 0.059673 0.060196 0.060284 0.055887 0.051491 0.050239 0.052134 0.054029 0.050776 0.047025 0.042369 0.036808 0.033777 0.034115 0.033377
14 0.059634 0.066043 0.067415 0.06722 0.065846 0.063451 0.060034 0.056692 0.054122 0.051553 0.049124 0.046836 0.044549 0.042244 0.039938 0.0375 0.034929 0.032553 0.030437 0.029879
15 0.06804 0.070561 0.069376 0.067131 0.06409 0.061123 0.05823 0.055396 0.053162 0.050928 0.048584 0.046131 0.043677 0.041399 0.039137 0.036972 0.034905 0.032578 0.029906 0.028674
16 0.072072 0.072922 0.070162 0.066979 0.063477 0.060459 0.057926 0.055395 0.052898 0.050401 0.048002 0.045701 0.043401 0.041148 0.038899 0.03663 0.034341 0.032017 0.029643 0.027527
17 0.073285 0.073722 0.070169 0.067058 0.064277 0.061538 0.058841 0.056144 0.053457 0.05077 0.048172 0.045663 0.043154 0.04067 0.038189 0.03576 0.033383 0.030978 0.028534 0.026237
18 0.07551 0.074347 0.070703 0.067496 0.064618 0.061836 0.059149 0.05646 0.05375 0.05104 0.048349 0.045677 0.043005 0.040353 0.037702 0.035068 0.032451 0.029898 0.027431 0.02516
19 0.077416 0.074519 0.071497 0.068478 0.065461 0.062494 0.059578 0.056673 0.053887 0.051101 0.048306 0.045501 0.042696 0.039871 0.037044 0.034303 0.031648 0.029035 0.026476 0.024014
20 0.078264 0.075326 0.072264 0.069237 0.066237 0.063225 0.060201 0.057178 0.054153 0.051129 0.048164 0.045258 0.042353 0.039415 0.036473 0.033621 0.03086 0.02815 0.025508 0.022982
21 0.079324 0.076128 0.07304 0.069928 0.066799 0.063688 0.060594 0.057498 0.054376 0.051255 0.048152 0.045068 0.041983 0.038993 0.036013 0.033085 0.03021 0.027368 0.024571 0.021927
22 0.080274 0.077043 0.073829 0.070603 0.067369 0.064133 0.060894 0.057662 0.054488 0.051314 0.048132 0.044941 0.04175 0.038661 0.035582 0.032541 0.02954 0.026589 0.023707 0.020949
23 0.081046 0.077744 0.074448 0.071147 0.067841 0.064545 0.061258 0.057971 0.05468 0.051389 0.048104 0.044826 0.041547 0.038369 0.0352 0.032066 0.028966 0.025905 0.022897 0.020053
24 0.081701 0.078327 0.07495 0.071586 0.068232 0.064874 0.061515 0.058157 0.054814 0.051471 0.048137 0.044812 0.041488 0.038201 0.034918 0.031662 0.028433 0.025269 0.022191 0.019263
25 0.082309 0.078863 0.075449 0.072033 0.068614 0.065209 0.061816 0.05842 0.054986 0.051553 0.048145 0.044761 0.041378 0.037997 0.034616 0.031265 0.027944 0.024682 0.021495 0.018465
26 0.082843 0.07934 0.075852 0.072421 0.069034 0.065592 0.062096 0.058601 0.055122 0.051642 0.048177 0.044726 0.041274 0.037803 0.03433 0.030893 0.027491 0.024146 0.020879 0.017736
27 0.083216 0.079754 0.076275 0.072798 0.069323 0.065834 0.062331 0.058825 0.055293 0.05176 0.048231 0.044705 0.041178 0.037641 0.034102 0.03059 0.027104 0.023668 0.020299 0.017073
28 0.083594 0.080038 0.076578 0.073109 0.069633 0.066119 0.062567 0.059014 0.05545 0.051886 0.048305 0.044707 0.041109 0.037502 0.033895 0.030305 0.026733 0.023218 0.01978 0.016456
29 0.083873 0.080347 0.076886 0.073399 0.069892 0.066359 0.062798 0.059232 0.055611 0.05199 0.048355 0.044705 0.041056 0.037388 0.033719 0.030059 0.026407 0.022805 0.019271 0.015848
30 0.084074 0.080554 0.077092 0.073603 0.070093 0.066551 0.062978 0.059398 0.055748 0.052099 0.048433 0.044751 0.041068 0.03734 0.033606 0.029875 0.026147 0.022462 0.018835 0.015295
31 0.084304 0.08085 0.077397 0.073887 0.070333 0.066734 0.063088 0.059443 0.055806 0.052169 0.04849 0.044769 0.041048 0.037257 0.033459 0.029679 0.025918 0.022167 0.018428 0.014774
32 0.084393 0.080997 0.077528 0.074031 0.070512 0.066934 0.063297 0.059656 0.055977 0.052297 0.048577 0.044817 0.041058 0.037213 0.03336 0.029513 0.025673 0.021845 0.018033 0.014291
33 0.084428 0.081102 0.07765 0.074156 0.070631 0.067042 0.06339 0.059736 0.056069 0.052401 0.048678 0.044897 0.041117 0.037227 0.033327 0.029427 0.025528 0.021623 0.017712 0.01386
34 0.084346 0.080991 0.077652 0.074223 0.070726 0.067184 0.063599 0.06 0.056266 0.052532 0.048754 0.044932 0.04111 0.037206 0.033295 0.02937 0.025433 0.021459 0.017439 0.013481
35 0.084278 0.080996 0.077684 0.074297 0.070855 0.067334 0.063735 0.060123 0.056382 0.05264 0.048844 0.044994 0.041144 0.037229 0.033308 0.029332 0.025302 0.021248 0.017163 0.013112
36 0.084209 0.081035 0.077693 0.074308 0.070891 0.067369 0.063743 0.060113 0.056447 0.05278 0.049009 0.045133 0.041256 0.037329 0.033397 0.02936 0.025218 0.021066 0.0169 0.012745
37 0.084029 0.080906 0.077628 0.074301 0.070937 0.067455 0.063854 0.060247 0.056575 0.052903 0.049127 0.045245 0.041363 0.037402 0.033434 0.02936 0.02518 0.020958 0.016681 0.012415
38 0.083868 0.080887 0.077603 0.074278 0.070923 0.067461 0.063891 0.060313 0.05665 0.052986 0.049224 0.045362 0.041501 0.037525 0.033538 0.029422 0.025176 0.02085 0.016418 0.012125
39 0.082073 0.079456 0.0768 0.074024 0.071156 0.068148 0.065 0.061822 0.058333 0.054845 0.050195 0.044383 0.038571 0.036026 0.033797 0.030385 0.02579 0.021139 0.016417 0.011642
40 0.081481 0.079056 0.076463 0.073754 0.070957 0.067999 0.064879 0.061733 0.058318 0.054902 0.05044 0.044933 0.039426 0.036621 0.034077 0.030474 0.02581 0.021076 0.016249 0.011351
41 0.080859 0.07858 0.0761 0.073484 0.070766 0.067879 0.064824 0.061738 0.058342 0.054945 0.050637 0.045418 0.040198 0.037158 0.034329 0.030563 0.025861 0.021058 0.016119 0.011143
42 0.080311 0.078138 0.07574 0.073192 0.070533 0.067716 0.06474 0.061728 0.058341 0.054953 0.050807 0.045903 0.040999 0.037714 0.034586 0.030654 0.025919 0.021059 0.016035 0.010934
43 0.079754 0.077624 0.075335 0.072861 0.070248 0.067515 0.064662 0.061764 0.058403 0.055043 0.051038 0.046388 0.041739 0.038245 0.034864 0.030776 0.025981 0.021051 0.015939 0.01077
44 0.079076 0.077066 0.074879 0.072523 0.07004 0.06739 0.064573 0.061715 0.058443 0.055171 0.051327 0.04691 0.042493 0.038772 0.035118 0.03088 0.026058 0.021072 0.015868 0.010626
45 0.078401 0.076506 0.074407 0.072154 0.069786 0.067237 0.064509 0.061737 0.058501 0.055266 0.051563 0.047393 0.043223 0.039297 0.035395 0.031015 0.026159 0.021128 0.015863 0.01046
46 0.077768 0.075946 0.073969 0.071842 0.069602 0.067129 0.064421 0.061675 0.058519 0.055364 0.051808 0.047851 0.043895 0.039807 0.035707 0.031187 0.026248 0.021145 0.015825 0.010294
47 0.077147 0.075374 0.073519 0.071464 0.069257 0.066865 0.064288 0.061665 0.058567 0.05547 0.052057 0.048329 0.044601 0.040347 0.036042 0.0314 0.026423 0.021243 0.015795 0.010147
48 0.076423 0.074776 0.073011 0.071068 0.068993 0.066706 0.064207 0.061662 0.058636 0.055611 0.052335 0.04881 0.045284 0.040861 0.036352 0.031584 0.026559 0.021316 0.015783 0.010023
49 0.075796 0.074198 0.072556 0.070717 0.068732 0.06653 0.064111 0.061643 0.058662 0.055681 0.052535 0.049222 0.045909 0.041349 0.036668 0.031795 0.026729 0.021426 0.015806 0.0099352
50 0.075059 0.07357 0.072106 0.070371 0.068433 0.066305 0.063988 0.061618 0.05871 0.055802 0.052792 0.049681 0.046571 0.041851 0.036977 0.031997 0.026912 0.021557 0.015841 0.009859
51 0.074321 0.073071 0.07167 0.069981 0.068076 0.066037 0.063865 0.061632 0.058775 0.055918 0.053032 0.050117 0.047203 0.042346 0.037302 0.032218 0.027096 0.021687 0.015899 0.0097542
52 0.073649 0.072488 0.071175 0.069572 0.067751 0.065805 0.063733 0.0616 0.058829 0.056058 0.053295 0.05054 0.047784 0.042825 0.037653 0.032471 0.027279 0.021815 0.015988 0.0096878
53 0.072926 0.071681 0.070565 0.06913 0.067455 0.065633 0.063662 0.061628 0.058935 0.056242 0.053594 0.050993 0.048391 0.043324 0.038018 0.032738 0.027485 0.021946 0.016028 0.0096256
54 0.071976 0.070974 0.070048 0.068756 0.06719 0.065461 0.063569 0.061615 0.059011 0.056407 0.053877 0.051422 0.048966 0.043819 0.03841 0.033046 0.027725 0.022102 0.016077 0.0095485
55 0.071238 0.070327 0.069501 0.068349 0.06695 0.065328 0.063482 0.061575 0.059047 0.056518 0.054108 0.051817 0.049526 0.044288 0.038765 0.03332 0.027953 0.022262 0.016139 0.0095072
56 0.070235 0.069765 0.068959 0.067876 0.066584 0.065058 0.063296 0.061477 0.059053 0.056629 0.054369 0.052274 0.050179 0.04484 0.039188 0.033666 0.028275 0.022515 0.016262 0.0095005
57 0.069462 0.069132 0.068441 0.067446 0.066223 0.064809 0.063204 0.061529 0.059127 0.056725 0.054563 0.05264 0.050718 0.045309 0.039563 0.033972 0.028538 0.022713 0.01637 0.0095144
58 0.068547 0.06849 0.067864 0.066989 0.065928 0.064643 0.063133 0.061547 0.059177 0.056807 0.054747 0.052997 0.051246 0.045786 0.039968 0.034318 0.028838 0.022941 0.016489 0.0095433
59 0.067693 0.067547 0.067292 0.066639 0.065687 0.0645 0.063076 0.061571 0.059239 0.056906 0.054942 0.053348 0.051754 0.046248 0.040365 0.034674 0.029175 0.023207 0.016616 0.0095223
60 0.0669 0.066854 0.066657 0.066118 0.065323 0.06428 0.06299 0.061615 0.059356 0.057096 0.055219 0.053725 0.05223 0.046678 0.040733 0.035006 0.029498 0.023474 0.016763 0.0094837
61 0.066253 0.066332 0.066114 0.065655 0.065014 0.064088 0.062876 0.061578 0.059388 0.057198 0.055417 0.054044 0.052671 0.047084 0.041088 0.035329 0.029806 0.023729 0.016914 0.0094219
62 0.065422 0.06581 0.065557 0.065155 0.064642 0.063824 0.062702 0.061497 0.059436 0.057374 0.055709 0.054442 0.053175 0.047545 0.041492 0.035683 0.030119 0.023979 0.01707 0.0093673
63 0.064834 0.065281 0.064995 0.06463 0.064205 0.063514 0.062556 0.061505 0.059485 0.057465 0.055898 0.054784 0.053669 0.047978 0.041845 0.035991 0.030416 0.024232 0.017238 0.0094788
64 0.064106 0.064687 0.064393 0.064117 0.063853 0.063235 0.062263 0.061218 0.059404 0.05759 0.056178 0.055168 0.054158 0.048478 0.042347 0.036461 0.030822 0.024551 0.01744 0.0095311
65 0.0633 0.064181 0.063771 0.063576 0.063543 0.063025 0.062022 0.060964 0.059336 0.057707 0.056444 0.055545 0.054647 0.048956 0.042802 0.036892 0.031226 0.024881 0.017631 0.0095489
66 0.062399 0.063688 0.063175 0.063025 0.063148 0.062736 0.061791 0.060798 0.059313 0.057828 0.056687 0.055892 0.055096 0.049454 0.043343 0.037404 0.031636 0.025179 0.017804 0.0096033
67 0.061802 0.062842 0.062337 0.062292 0.062594 0.062406 0.061727 0.06098 0.059521 0.058061 0.056966 0.056235 0.055505 0.049908 0.043841 0.037881 0.032027 0.025469 0.017972 0.0096334
68 0.06093 0.061738 0.061391 0.061535 0.062048 0.062124 0.061763 0.061302 0.059804 0.058307 0.057246 0.056621 0.055997 0.050412 0.044347 0.038369 0.032478 0.025827 0.018161 0.0096007
69 0.060103 0.060752 0.060817 0.061017 0.061317 0.061492 0.06154 0.061458 0.060033 0.058608 0.057625 0.057085 0.056544 0.050928 0.044822 0.038812 0.032898 0.026177 0.018382 0.0095911
70 0.058917 0.059719 0.060243 0.060661 0.060999 0.06125 0.061412 0.06145 0.060202 0.058953 0.058039 0.057459 0.056879 0.051302 0.045241 0.039232 0.033276 0.026494 0.018612 0.0096618
71 0.058118 0.059128 0.059717 0.060203 0.060611 0.060937 0.061181 0.061309 0.060234 0.05916 0.058342 0.057781 0.05722 0.051694 0.045687 0.039673 0.033649 0.026795 0.018835 0.0097259
72 0.057367 0.058448 0.059309 0.059932 0.060378 0.060717 0.06095 0.061082 0.060168 0.059255 0.05855 0.058053 0.057555 0.052081 0.046126 0.040104 0.034015 0.027084 0.019031 0.0097935
73 0.056687 0.057697 0.058817 0.059589 0.060098 0.060483 0.060745 0.060913 0.060113 0.059313 0.058702 0.058281 0.057859 0.052477 0.046615 0.040609 0.034459 0.027431 0.019234 0.0098764
74 0.055835 0.05719 0.058423 0.059251 0.059774 0.060162 0.060417 0.060595 0.059986 0.059377 0.058929 0.058642 0.058355 0.052917 0.046982 0.040985 0.034928 0.027863 0.019457 0.0099334
75 0.055121 0.056302 0.057796 0.058777 0.059374 0.059805 0.060071 0.060272 0.059807 0.059341 0.059084 0.059034 0.058984 0.05354 0.047573 0.041552 0.035476 0.028323 0.019736 0.010033
76 0.054073 0.055366 0.056878 0.058065 0.05901 0.059609 0.059864 0.060067 0.059733 0.059399 0.059292 0.059411 0.05953 0.054154 0.048246 0.04221 0.036044 0.028801 0.020126 0.010124
77 0.052967 0.054526 0.055871 0.05716 0.058406 0.059256 0.059709 0.0601 0.059848 0.059596 0.059638 0.059974 0.06031 0.054808 0.04874 0.042643 0.036516 0.029261 0.020504 0.010167
78 0.052153 0.053568 0.055092 0.056504 0.057831 0.058812 0.059448 0.060025 0.059994 0.059963 0.060086 0.060362 0.060639 0.055242 0.049297 0.043237 0.037063 0.029708 0.020781 0.010193
79 0.051558 0.053009 0.054596 0.056029 0.057345 0.05839 0.059164 0.059885 0.060059 0.060233 0.060444 0.060692 0.06094 0.055631 0.049785 0.043698 0.03737 0.029931 0.02101 0.010229
80 0.050915 0.052738 0.05421 0.055571 0.056849 0.057996 0.059013 0.059953 0.060107 0.060261 0.060518 0.060877 0.061236 0.055946 0.050109 0.044043 0.037746 0.030293 0.021301 0.010318
81 0.050155 0.05223 0.053615 0.055018 0.056434 0.057693 0.058796 0.059823 0.060062 0.060301 0.060653 0.06112 0.061587 0.056326 0.050511 0.044512 0.038328 0.03084 0.021615 0.01038
82 0.049177 0.051569 0.052827 0.054333 0.056025 0.057443 0.058586 0.05967 0.060131 0.060592 0.060986 0.061315 0.061644 0.056625 0.05109 0.045204 0.03897 0.031352 0.021891 0.010568
83 0.048371 0.05068 0.051783 0.05335 0.055265 0.05697 0.058464 0.059871 0.060369 0.060866 0.061272 0.061585 0.061899 0.057102 0.051812 0.046 0.039666 0.031889 0.022189 0.010596
84 0.04749 0.04975 0.051154 0.052789 0.054599 0.056457 0.058364 0.060134 0.060497 0.06086 0.061236 0.061624 0.062013 0.057531 0.052577 0.046845 0.040333 0.032431 0.022677 0.010639
85 0.046583 0.049072 0.050766 0.052367 0.053897 0.055847 0.058217 0.060383 0.060443 0.060503 0.060871 0.061548 0.062225 0.058062 0.053432 0.047772 0.041081 0.033006 0.02309 0.010835
86 0.045582 0.04831 0.050336 0.052017 0.05344 0.055447 0.058039 0.060401 0.060386 0.060372 0.060751 0.061524 0.062296 0.058458 0.054174 0.048548 0.04158 0.033438 0.023731 0.011168
87 0.044699 0.047291 0.049801 0.051677 0.053078 0.055185 0.058 0.060559 0.060479 0.060398 0.060728 0.061469 0.062209 0.058693 0.054766 0.049211 0.042029 0.033882 0.024453 0.011392
88 0.043515 0.046436 0.048964 0.051003 0.052676 0.055036 0.058083 0.060837 0.060547 0.060258 0.060513 0.061311 0.062109 0.058981 0.055473 0.05011 0.042892 0.034633 0.02499 0.011633
89 0.042112 0.045408 0.047862 0.050231 0.052536 0.055135 0.058031 0.060648 0.060387 0.060127 0.060385 0.061162 0.061938 0.059346 0.056427 0.051269 0.043872 0.035422 0.02557 0.012134
90 0.041522 0.044366 0.046914 0.049543 0.052233 0.055135 0.05825 0.061042 0.060512 0.059982 0.060091 0.060839 0.061587 0.059494 0.057126 0.052176 0.044644 0.036098 0.026203 0.012242
91 0.040806 0.044053 0.046594 0.049272 0.052052 0.055205 0.058731 0.061827 0.060469 0.059111 0.059023 0.060204 0.061386 0.059623 0.057574 0.052794 0.045282 0.036745 0.026843 0.012407
92 0.040265 0.043583 0.046156 0.048968 0.051959 0.055221 0.058753 0.061832 0.060221 0.058609 0.058466 0.059789 0.061113 0.059718 0.05806 0.053472 0.045954 0.037431 0.027572 0.012859
93 0.040048 0.043393 0.045721 0.048578 0.051834 0.055204 0.058688 0.06171 0.059954 0.058199 0.05805 0.059506 0.060962 0.059826 0.05844 0.053988 0.046469 0.037952 0.028104 0.013375
94 0.039564 0.043017 0.044982 0.047917 0.051582 0.05529 0.059044 0.062268 0.060026 0.057784 0.057526 0.059254 0.060981 0.060179 0.059133 0.054672 0.046796 0.038123 0.028387 0.013475
95 0.038506 0.042008 0.044048 0.047224 0.051254 0.05529 0.059331 0.062785 0.060166 0.057547 0.057164 0.059015 0.060866 0.060442 0.059797 0.055551 0.047705 0.038862 0.028692 0.013747
96 0.037647 0.041087 0.043181 0.046531 0.050824 0.05535 0.060108 0.064141 0.060678 0.057215 0.0564 0.058233 0.060066 0.060278 0.060332 0.056433 0.04858 0.039677 0.029374 0.013865
97 0.037324 0.040931 0.043228 0.046446 0.050356 0.054817 0.05983 0.064059 0.060187 0.056316 0.055545 0.057876 0.060207 0.060599 0.060804 0.057084 0.049439 0.040614 0.03022 0.01412
98 0.036825 0.040612 0.043068 0.04609 0.049538 0.054095 0.059762 0.064536 0.060082 0.055628 0.054719 0.057355 0.059991 0.060944 0.061734 0.058147 0.050182 0.041231 0.030966 0.014495
99 0.036256 0.040167 0.043047 0.046085 0.049241 0.053846 0.059899 0.06499 0.060134 0.055278 0.054225 0.056976 0.059726 0.061067 0.062272 0.058681 0.050294 0.041332 0.031605 0.014882
100 0.035904 0.039771 0.042852 0.045881 0.048872 0.053555 0.059928 0.065322 0.060595 0.055869 0.05468 0.057029 0.059377 0.060934 0.062414 0.058728 0.049878 0.040905 0.031767 0.015739
101 0.035881 0.040381 0.043807 0.046414 0.048407 0.052943 0.060023 0.065985 0.060398 0.05481 0.053472 0.056383 0.059294 0.061046 0.062686 0.059009 0.050015 0.041043 0.032102 0.015902
102 0.035742 0.041108 0.044592 0.046934 0.048417 0.052769 0.059988 0.066017 0.05974 0.053464 0.052085 0.055603 0.059122 0.060981 0.062679 0.05917 0.050453 0.041574 0.032481 0.017082
103 0.036127 0.041528 0.045144 0.046989 0.047502 0.051633 0.05938 0.065849 0.059089 0.05233 0.051089 0.055366 0.059643 0.06116 0.06241 0.059144 0.051364 0.042975 0.033777 0.017504
104 0.036074 0.042263 0.046041 0.047699 0.047767 0.051867 0.059998 0.066765 0.059423 0.052081 0.050426 0.05446 0.058493 0.060394 0.062088 0.059015 0.051176 0.042651 0.033212 0.018108
105 0.036217 0.04413 0.047313 0.048574 0.048392 0.052335 0.060403 0.067105 0.059698 0.052291 0.049993 0.052805 0.055617 0.058742 0.061897 0.059614 0.051892 0.04288 0.032152 0.01795
106 0.035376 0.044062 0.047821 0.049131 0.048601 0.052282 0.060173 0.066753 0.05978 0.052808 0.050496 0.052845 0.055194 0.058332 0.061548 0.059521 0.052252 0.043279 0.032036 0.017713
107 0.033857 0.043688 0.047984 0.049523 0.048993 0.05276 0.060824 0.067539 0.060311 0.053084 0.050595 0.052844 0.055094 0.058156 0.061297 0.059172 0.051782 0.043002 0.032373 0.017123
108 0.033145 0.043763 0.048321 0.050706 0.051459 0.055347 0.062371 0.068104 0.060491 0.052879 0.04984 0.051376 0.052912 0.056937 0.061203 0.059373 0.051446 0.04241 0.031898 0.016016
109 0.032124 0.043675 0.049028 0.052105 0.053472 0.057203 0.063297 0.068148 0.060148 0.052148 0.049009 0.050733 0.052457 0.056155 0.060043 0.058481 0.051467 0.04281 0.031966 0.015531
110 0.030492 0.043386 0.050781 0.054058 0.054242 0.057359 0.06341 0.068215 0.060135 0.052056 0.048958 0.050844 0.052729 0.055107 0.057534 0.056241 0.051228 0.044009 0.033853 0.015364
111 0.029427 0.043638 0.052971 0.056711 0.05625 0.058566 0.063658 0.067585 0.059464 0.051342 0.048032 0.049532 0.051033 0.053399 0.055848 0.054993 0.050835 0.044904 0.036612 0.015201
112 0.030206 0.044929 0.053815 0.058075 0.058861 0.06084 0.064013 0.066204 0.058235 0.050266 0.046703 0.047545 0.048388 0.051463 0.054754 0.054477 0.050634 0.045841 0.039786 0.014966
113 0.028509 0.044539 0.054249 0.059924 0.062567 0.064238 0.064935 0.064881 0.057055 0.049228 0.04534 0.045391 0.045442 0.04939 0.053716 0.054137 0.050654 0.047214 0.043832 0.014759
114 0.026407 0.044056 0.054789 0.062217 0.067164 0.068451 0.06608 0.063243 0.055591 0.04794 0.043649 0.042719 0.041788 0.04682 0.052428 0.053714 0.050677 0.048914 0.048848 0.014502
115 0.023735 0.043445 0.055478 0.065137 0.073014 0.073813 0.067536 0.061158 0.05373 0.046302 0.041498 0.039318 0.037138 0.043547 0.050788 0.053174 0.050705 0.051077 0.055231 0.014174
