1 0 0 0 0 0 0 0 0 0 0 0 0 0 0 0 0 0 0 0 0
2 0 0 0 0 0 0 0 0 0 0 0 0 0 0 0 0 0 0 0 0
3 0 0 0 0 0 0 0 0 0 0 0 0 0 0 0 0 0 0 0 0
4 0 0 0 0 0 0 0 0 0 0 0 0 0 0 0 0 0 0 0 0
5 0 0 0 0 0 0 0 0 0 0 0 0 0 0 0 0 0 0 0 0
6 0 0 0 0 0 0 0 0 0 0 0 0 0 0 0 0 0 0 0 0
7 0 0 0 0 0 0 0 0 0 0 0 0 0 0 0 0 0 0 0 0
8 0 0 0 0 0 0 0 0 0 0 0 0 0 0 0 0 0 0 0 0
9 0 0 0 0 0 0 0 0 0 0 0 0 0 0 0 0 0 0 0 0
10 0 0 0 0 0 0 0 0 0 0 0 0 0 0 0 0 0 0 0 0
11 0 0 0 0 0 0 0 0 0 0 0 0 0 0 0 0 0 0 0 0
12 0 0 0 0 0 0 0 0 0 0 0 0 0 0 0 0 0 0 0 0
13 0.044202 0.05171 0.056659 0.058347 0.057587 0.058056 0.059754 0.060908 0.056441 0.051975 0.050908 0.053242 0.055576 0.052144 0.048155 0.043326 0.037657 0.03451 0.034719 0.034124
14 0.058944 0.065867 0.067267 0.067063 0.065654 0.06329 0.05997 0.056717 0.054142 0.051568 0.04922 0.0471 0.044979 0.042584 0.040163 0.03757 0.034807 0.032422 0.030542 0.030132
15 0.067554 0.070112 0.069176 0.067194 0.064427 0.0615 0.058412 0.055396 0.053133 0.050869 0.048561 0.046208 0.043856 0.041504 0.039152 0.036947 0.034889 0.032543 0.029813 0.028754
16 0.071589 0.072522 0.070113 0.067046 0.063483 0.060437 0.057907 0.055383 0.05292 0.050457 0.048078 0.045783 0.043487 0.041225 0.038965 0.036698 0.034424 0.03212 0.029776 0.027589
17 0.073385 0.073797 0.070043 0.066887 0.064178 0.061462 0.058737 0.056019 0.053373 0.050727 0.048156 0.045661 0.043166 0.040718 0.038274 0.03586 0.033474 0.031075 0.028655 0.026355
18 0.074971 0.074361 0.070648 0.067425 0.064572 0.061811 0.059142 0.056469 0.053759 0.051049 0.048368 0.045715 0.043063 0.040412 0.037761 0.035134 0.032531 0.029995 0.027546 0.02527
19 0.077298 0.074361 0.071394 0.068411 0.065417 0.062456 0.059531 0.05662 0.053864 0.051107 0.048331 0.045535 0.042739 0.039925 0.03711 0.034374 0.031717 0.029112 0.026576 0.024121
20 0.078198 0.075234 0.072197 0.069173 0.066159 0.063145 0.060133 0.057121 0.05412 0.051119 0.048181 0.045305 0.04243 0.039479 0.03652 0.033671 0.03093 0.02823 0.025582 0.023073
21 0.079245 0.07605 0.072975 0.069877 0.066764 0.063661 0.060568 0.057473 0.054356 0.05124 0.048146 0.045077 0.042008 0.039025 0.03605 0.03313 0.030265 0.027433 0.024644 0.022013
22 0.080223 0.076999 0.073773 0.070546 0.067318 0.064094 0.060876 0.057661 0.054484 0.051308 0.048126 0.044938 0.04175 0.038672 0.035604 0.032579 0.029596 0.026656 0.023773 0.021026
23 0.080951 0.07768 0.074378 0.071094 0.067825 0.064537 0.061229 0.057924 0.054649 0.051374 0.048103 0.044836 0.041569 0.038403 0.035246 0.032117 0.029015 0.025962 0.022975 0.020134
24 0.081639 0.078272 0.074906 0.071548 0.068197 0.064844 0.06149 0.058138 0.054803 0.051467 0.048139 0.044818 0.041497 0.038219 0.034946 0.031698 0.028476 0.02532 0.02225 0.019334
25 0.082257 0.078824 0.075416 0.072 0.06858 0.065178 0.061795 0.058407 0.054971 0.051535 0.048132 0.044762 0.041391 0.038019 0.034646 0.031299 0.027978 0.024722 0.021554 0.018534
26 0.082801 0.079287 0.075812 0.072382 0.068987 0.065547 0.062064 0.058582 0.05512 0.051658 0.048197 0.044737 0.041277 0.037814 0.03435 0.030923 0.027533 0.024196 0.02093 0.017801
27 0.083189 0.079731 0.076247 0.072769 0.069295 0.065808 0.06231 0.058809 0.055279 0.051749 0.048223 0.044702 0.041182 0.037651 0.03412 0.030615 0.027137 0.023709 0.020346 0.017128
28 0.08359 0.079998 0.076553 0.073082 0.069593 0.066079 0.062541 0.059002 0.055445 0.051889 0.04831 0.044709 0.041108 0.037509 0.03391 0.030329 0.026765 0.023257 0.019823 0.016509
29 0.083828 0.080323 0.076868 0.07338 0.069867 0.066334 0.062782 0.059223 0.055601 0.051978 0.048346 0.044703 0.04106 0.037398 0.033735 0.030079 0.026433 0.02284 0.019318 0.015904
30 0.084054 0.080532 0.077071 0.073582 0.070074 0.066534 0.062964 0.059387 0.055741 0.052095 0.048431 0.044748 0.041065 0.037343 0.033616 0.029892 0.026168 0.02249 0.018871 0.015344
31 0.084269 0.080818 0.07738 0.073878 0.07033 0.066732 0.063083 0.059436 0.055796 0.052156 0.048478 0.044763 0.041048 0.037263 0.033472 0.029696 0.025935 0.02219 0.018465 0.014814
32 0.084375 0.080984 0.077518 0.074018 0.070491 0.066909 0.063273 0.059634 0.055962 0.05229 0.048575 0.044818 0.041061 0.03722 0.03337 0.029529 0.025695 0.021874 0.018069 0.014335
33 0.084441 0.081103 0.077642 0.07414 0.070608 0.06702 0.063375 0.059728 0.05606 0.052392 0.04867 0.044891 0.041113 0.037228 0.033331 0.029435 0.025539 0.021642 0.017743 0.013899
34 0.084351 0.081003 0.07765 0.074213 0.070711 0.067168 0.063584 0.059987 0.056256 0.052525 0.048749 0.044929 0.041109 0.037205 0.033294 0.029373 0.025442 0.021475 0.01746 0.013515
35 0.084287 0.081006 0.077686 0.074294 0.070847 0.067325 0.063729 0.060119 0.056368 0.052616 0.048821 0.044982 0.041143 0.037228 0.033305 0.029333 0.025314 0.021269 0.017188 0.013141
36 0.084229 0.081019 0.077694 0.074308 0.070876 0.067352 0.063733 0.06011 0.056443 0.052775 0.049005 0.045131 0.041257 0.037326 0.033388 0.029353 0.02522 0.021078 0.016924 0.012778
37 0.084043 0.08091 0.077628 0.074299 0.070935 0.067451 0.063848 0.06024 0.056569 0.052899 0.049122 0.045237 0.041353 0.037393 0.033425 0.029355 0.025183 0.020969 0.016698 0.012443
38 0.083843 0.080863 0.077611 0.0743 0.070944 0.067477 0.0639 0.060315 0.056646 0.052978 0.049211 0.045344 0.041478 0.037508 0.033528 0.029417 0.025175 0.02086 0.016448 0.012154
39 0.082126 0.079497 0.076837 0.074051 0.071172 0.068159 0.065014 0.061837 0.058334 0.054831 0.050161 0.044326 0.038491 0.035972 0.033773 0.030379 0.025789 0.021147 0.016432 0.011671
40 0.081541 0.079107 0.076505 0.073785 0.070975 0.068008 0.064884 0.061733 0.058311 0.054888 0.050413 0.044886 0.039359 0.036573 0.034052 0.030462 0.025805 0.021079 0.016264 0.011371
41 0.080918 0.078632 0.07613 0.073502 0.070779 0.06789 0.064834 0.061747 0.058343 0.054939 0.050615 0.04537 0.040125 0.037109 0.034309 0.030558 0.025856 0.021057 0.016128 0.011161
42 0.080368 0.078161 0.075756 0.07321 0.070559 0.06774 0.064755 0.061734 0.058342 0.054951 0.05079 0.045861 0.040932 0.037666 0.034561 0.030643 0.025914 0.021061 0.016045 0.010951
43 0.079792 0.07766 0.075362 0.072885 0.070273 0.067535 0.06467 0.061762 0.058397 0.055032 0.051015 0.046346 0.041678 0.038205 0.034849 0.030773 0.02598 0.021054 0.015949 0.010783
44 0.079127 0.07711 0.074916 0.072555 0.070068 0.06741 0.06458 0.06171 0.058436 0.055162 0.051306 0.046866 0.042427 0.038726 0.035097 0.030872 0.026052 0.021069 0.015872 0.010638
45 0.078452 0.07655 0.074449 0.072189 0.06981 0.06725 0.064509 0.061726 0.058492 0.055259 0.051547 0.047357 0.043167 0.039254 0.035368 0.031002 0.026154 0.021127 0.015862 0.010476
46 0.077821 0.076002 0.074014 0.071871 0.069613 0.067131 0.064425 0.06168 0.058521 0.055362 0.051793 0.047815 0.043837 0.039761 0.035676 0.031167 0.026236 0.021141 0.015827 0.010308
47 0.0772 0.075427 0.07357 0.071506 0.069287 0.066883 0.064294 0.061661 0.058561 0.05546 0.052037 0.048291 0.044544 0.040301 0.03601 0.031377 0.026404 0.021232 0.015797 0.01016
48 0.076492 0.074833 0.073056 0.071101 0.069012 0.066717 0.064215 0.061666 0.05863 0.055595 0.052308 0.048768 0.045228 0.040819 0.036325 0.031567 0.026545 0.021308 0.015783 0.010032
49 0.075872 0.074248 0.072602 0.070755 0.068759 0.066548 0.064123 0.061649 0.058659 0.05567 0.05251 0.049178 0.045846 0.0413 0.036637 0.031774 0.026711 0.021414 0.015802 0.0099422
50 0.075118 0.073619 0.072141 0.0704 0.068462 0.066329 0.064002 0.061623 0.058706 0.05579 0.052767 0.049638 0.046509 0.041807 0.036952 0.031983 0.026897 0.021546 0.01584 0.0098705
51 0.074387 0.07312 0.071713 0.070019 0.068108 0.066062 0.06388 0.061638 0.058773 0.055908 0.053009 0.050075 0.047141 0.042297 0.037269 0.032196 0.027079 0.021676 0.01589 0.0097617
52 0.073711 0.072573 0.071229 0.069607 0.067776 0.06582 0.06374 0.061599 0.05882 0.05604 0.053266 0.050496 0.047726 0.042779 0.037621 0.032449 0.027262 0.021805 0.015986 0.009694
53 0.072993 0.071748 0.070622 0.069175 0.067485 0.06565 0.063669 0.061625 0.058926 0.056227 0.053568 0.050951 0.048333 0.043276 0.037984 0.032713 0.027465 0.021933 0.016025 0.0096311
54 0.072053 0.071038 0.070085 0.06878 0.06721 0.065476 0.063579 0.061619 0.059007 0.056395 0.053854 0.051384 0.048913 0.043776 0.038381 0.033025 0.027707 0.02209 0.016072 0.0095558
55 0.071353 0.070379 0.069558 0.068395 0.066974 0.065338 0.063487 0.061575 0.05904 0.056505 0.054084 0.051777 0.04947 0.04424 0.038727 0.03329 0.027926 0.022242 0.016131 0.0095084
56 0.070328 0.069818 0.069012 0.067923 0.066623 0.065083 0.063305 0.061469 0.059044 0.05662 0.05435 0.052235 0.050121 0.044791 0.03915 0.033636 0.028248 0.022494 0.016251 0.0095015
57 0.069527 0.069186 0.068504 0.067503 0.066263 0.064833 0.063212 0.061522 0.059117 0.056712 0.054541 0.052605 0.050669 0.045265 0.039526 0.033941 0.028511 0.022693 0.016359 0.0095098
58 0.068643 0.068564 0.067908 0.067017 0.06595 0.064657 0.06314 0.061547 0.059173 0.0568 0.05473 0.052964 0.051198 0.045743 0.03993 0.034285 0.028809 0.022919 0.016478 0.0095445
59 0.067769 0.067613 0.067348 0.066683 0.065716 0.064515 0.063079 0.061564 0.059228 0.056891 0.054921 0.053316 0.051712 0.04621 0.040332 0.034644 0.029146 0.023184 0.016605 0.0095265
60 0.06697 0.066893 0.066699 0.066157 0.065352 0.064302 0.063006 0.061624 0.059355 0.057086 0.055199 0.053694 0.052189 0.046641 0.040701 0.034977 0.029469 0.023449 0.016748 0.0094882
61 0.066298 0.066384 0.066168 0.065703 0.065051 0.064113 0.062888 0.061578 0.059383 0.057188 0.055398 0.054014 0.05263 0.047044 0.041052 0.035296 0.029777 0.023706 0.016901 0.0094275
62 0.065501 0.065855 0.065608 0.065203 0.064677 0.063846 0.062709 0.06149 0.059422 0.057354 0.055682 0.054406 0.05313 0.047507 0.041464 0.03566 0.030097 0.023958 0.017056 0.0093727
63 0.064869 0.065336 0.06505 0.064681 0.06425 0.063549 0.062578 0.061515 0.059485 0.057455 0.055878 0.054753 0.053629 0.047937 0.041804 0.035952 0.030383 0.024206 0.017222 0.0094676
64 0.064193 0.064742 0.064438 0.064151 0.063876 0.063256 0.062291 0.061249 0.059414 0.057579 0.056152 0.055133 0.054114 0.048434 0.042303 0.03642 0.030785 0.024522 0.017421 0.0095276
65 0.063361 0.064225 0.063816 0.063613 0.063564 0.063046 0.062057 0.061009 0.059356 0.057703 0.056421 0.055511 0.0546 0.04891 0.042758 0.036851 0.031189 0.024851 0.017613 0.0095473
66 0.062499 0.063752 0.063245 0.063088 0.063192 0.062763 0.061801 0.060792 0.0593 0.057808 0.05666 0.055857 0.055054 0.049408 0.043293 0.037357 0.031598 0.025151 0.017788 0.0095951
67 0.061874 0.062923 0.062411 0.062357 0.062648 0.06244 0.061733 0.06096 0.059499 0.058037 0.056938 0.056201 0.055464 0.049864 0.043794 0.037836 0.03199 0.025441 0.017955 0.0096351
68 0.060997 0.061848 0.061472 0.061593 0.062088 0.062145 0.061765 0.061287 0.059789 0.058291 0.057223 0.056584 0.055945 0.050362 0.044301 0.038327 0.032438 0.025795 0.018145 0.0096048
69 0.060197 0.06084 0.060861 0.061048 0.06136 0.061529 0.061556 0.061454 0.060019 0.058583 0.057594 0.057051 0.056508 0.050892 0.044784 0.038774 0.032861 0.026145 0.01836 0.0095836
70 0.058987 0.059772 0.060292 0.060706 0.061039 0.061281 0.06143 0.061455 0.060192 0.058929 0.058008 0.05743 0.056852 0.05127 0.045203 0.039194 0.033244 0.026468 0.018592 0.0096561
71 0.058195 0.05919 0.059771 0.060245 0.060638 0.060957 0.061203 0.061331 0.060238 0.059145 0.058315 0.057747 0.05718 0.051652 0.045644 0.039632 0.033614 0.026767 0.018815 0.009719
72 0.057427 0.05851 0.059353 0.059962 0.060394 0.060729 0.060968 0.061104 0.060177 0.059251 0.058536 0.058034 0.057531 0.052047 0.046081 0.040058 0.033979 0.027057 0.019014 0.009788
73 0.056753 0.057769 0.058856 0.059617 0.060133 0.060517 0.060769 0.060928 0.060117 0.059307 0.058685 0.058249 0.057814 0.052437 0.046582 0.040575 0.034417 0.027392 0.019214 0.0098682
74 0.055927 0.057253 0.058472 0.059289 0.059804 0.060189 0.060444 0.060622 0.059999 0.059376 0.058911 0.058605 0.058298 0.052864 0.046934 0.04094 0.034881 0.027824 0.019438 0.0099299
75 0.0552 0.056376 0.057853 0.058824 0.059415 0.059841 0.060099 0.060294 0.05982 0.059346 0.059072 0.058999 0.058926 0.053482 0.047518 0.041499 0.035425 0.02828 0.01971 0.010022
76 0.054165 0.055428 0.056978 0.058154 0.059049 0.059617 0.05986 0.060053 0.059722 0.059391 0.059279 0.059385 0.059492 0.054108 0.048193 0.042156 0.035998 0.028762 0.020091 0.010119
77 0.053038 0.054613 0.055958 0.057239 0.058472 0.059303 0.059732 0.0601 0.059836 0.059571 0.059599 0.05992 0.06024 0.05475 0.048699 0.042607 0.036474 0.029219 0.020469 0.010163
78 0.052205 0.053622 0.055151 0.056561 0.057882 0.058853 0.059474 0.060035 0.059982 0.059929 0.060048 0.060338 0.060627 0.055214 0.049249 0.043183 0.037017 0.029674 0.020765 0.010192
79 0.0516 0.053019 0.054617 0.056059 0.057383 0.058428 0.059193 0.059905 0.060067 0.060229 0.06043 0.060671 0.060913 0.055599 0.049747 0.043665 0.037353 0.029918 0.020986 0.010219
80 0.050988 0.052775 0.054254 0.055613 0.056882 0.05802 0.059025 0.059954 0.060105 0.060255 0.060508 0.060861 0.061215 0.055924 0.050087 0.044011 0.037697 0.030243 0.021271 0.010312
81 0.050246 0.052297 0.053683 0.055072 0.056464 0.057714 0.058824 0.059854 0.060065 0.060277 0.060619 0.061092 0.061565 0.05629 0.050459 0.044453 0.038273 0.030796 0.021591 0.010368
82 0.049272 0.051632 0.052902 0.054403 0.056076 0.057477 0.058606 0.059675 0.060119 0.060562 0.060956 0.061301 0.061645 0.056597 0.051028 0.04513 0.038905 0.031301 0.021863 0.010549
83 0.048447 0.050783 0.051902 0.053458 0.055344 0.057014 0.058468 0.059838 0.060345 0.060852 0.061258 0.061564 0.06187 0.057048 0.051731 0.045914 0.039598 0.031833 0.022141 0.010592
84 0.047568 0.049824 0.051212 0.052848 0.054669 0.056511 0.058372 0.060102 0.060483 0.060864 0.061245 0.061626 0.062006 0.057493 0.052506 0.046763 0.040265 0.032375 0.022631 0.010635
85 0.046666 0.049118 0.050796 0.052408 0.053968 0.055912 0.05824 0.06037 0.060459 0.060547 0.060911 0.06155 0.06219 0.058003 0.053349 0.047686 0.041013 0.032954 0.023051 0.010811
86 0.045654 0.048405 0.050388 0.052051 0.053474 0.05547 0.05804 0.060382 0.060376 0.060369 0.060755 0.061534 0.062314 0.05844 0.054116 0.048483 0.04154 0.033402 0.02367 0.011136
87 0.044782 0.047344 0.049844 0.051718 0.053122 0.055216 0.057998 0.06053 0.060466 0.060402 0.060736 0.061469 0.062202 0.058667 0.054719 0.049162 0.041997 0.033848 0.024389 0.011386
88 0.04364 0.046531 0.049071 0.05108 0.052689 0.055019 0.05807 0.060827 0.060551 0.060275 0.060534 0.061328 0.062121 0.058953 0.055402 0.050018 0.042801 0.034559 0.024951 0.01158
89 0.042263 0.045517 0.047943 0.050279 0.052546 0.055137 0.058051 0.060684 0.060402 0.06012 0.060373 0.061161 0.061949 0.059307 0.056333 0.05116 0.043789 0.035355 0.025508 0.012121
90 0.041575 0.044468 0.046956 0.049556 0.052238 0.055125 0.058218 0.060997 0.060525 0.060054 0.060172 0.06088 0.061588 0.059469 0.057077 0.052114 0.04458 0.036036 0.026145 0.012227
91 0.040893 0.044077 0.046634 0.04931 0.052077 0.055204 0.05869 0.061754 0.060449 0.059145 0.059079 0.060252 0.061425 0.059629 0.057546 0.052747 0.045234 0.036694 0.026785 0.012378
92 0.040294 0.04364 0.046201 0.048996 0.051966 0.055232 0.058794 0.0619 0.060285 0.058669 0.058507 0.059799 0.06109 0.059672 0.057993 0.053395 0.045881 0.037362 0.027508 0.012815
93 0.040062 0.04339 0.045787 0.048661 0.051895 0.055228 0.05866 0.06164 0.059954 0.058268 0.058128 0.059536 0.060943 0.059784 0.058376 0.053926 0.046434 0.037926 0.028068 0.013335
94 0.039646 0.043097 0.045061 0.047974 0.051601 0.055281 0.059014 0.062224 0.060021 0.057818 0.05757 0.059279 0.060987 0.060156 0.059078 0.054597 0.046712 0.038051 0.028357 0.013474
95 0.038591 0.042104 0.044131 0.04729 0.051299 0.055295 0.059277 0.062682 0.060121 0.05756 0.057204 0.059052 0.0609 0.060436 0.05975 0.055482 0.047632 0.038804 0.028673 0.013716
96 0.037669 0.041095 0.043244 0.046602 0.05087 0.055348 0.060037 0.064015 0.060643 0.057271 0.056498 0.058324 0.06015 0.060305 0.060297 0.056362 0.048501 0.039596 0.029302 0.013872
97 0.037372 0.040963 0.043236 0.046468 0.050421 0.054892 0.059881 0.064091 0.060239 0.056388 0.055607 0.057896 0.060186 0.060548 0.060723 0.056991 0.049353 0.040534 0.030144 0.014065
98 0.036886 0.040654 0.043075 0.0461 0.049578 0.054131 0.059757 0.064498 0.060079 0.055661 0.05477 0.057406 0.060043 0.060937 0.061663 0.05806 0.050126 0.041185 0.030901 0.014489
99 0.036326 0.040228 0.043067 0.046079 0.049221 0.05382 0.059876 0.064972 0.060151 0.055329 0.054274 0.056986 0.059699 0.061035 0.062239 0.058669 0.050327 0.041361 0.031565 0.014778
100 0.035909 0.039793 0.042805 0.045849 0.048915 0.05361 0.059934 0.065284 0.060573 0.055861 0.054685 0.057045 0.059405 0.060937 0.062389 0.058707 0.049891 0.040922 0.031751 0.015737
101 0.035903 0.040287 0.043709 0.046372 0.048463 0.053014 0.060025 0.065933 0.060429 0.054925 0.053597 0.056445 0.059292 0.06104 0.06268 0.058997 0.049989 0.04101 0.032072 0.015819
102 0.035712 0.041078 0.044555 0.046918 0.048445 0.052819 0.060039 0.066074 0.059858 0.053642 0.052243 0.055662 0.05908 0.060952 0.062675 0.05914 0.050348 0.041436 0.032362 0.016963
103 0.03611 0.041463 0.045057 0.046954 0.047575 0.051705 0.059344 0.065721 0.059045 0.052369 0.051158 0.055414 0.05967 0.061191 0.062448 0.059174 0.051367 0.042971 0.033788 0.017477
104 0.036061 0.042102 0.045933 0.047624 0.047709 0.05182 0.05996 0.066738 0.059442 0.052147 0.050537 0.054612 0.058687 0.060494 0.062081 0.058953 0.05111 0.042629 0.033298 0.018065
105 0.036216 0.044025 0.04721 0.048488 0.048335 0.052294 0.060366 0.06707 0.059636 0.052203 0.049968 0.052932 0.055895 0.058917 0.061944 0.059582 0.051829 0.042854 0.032252 0.017985
106 0.035467 0.044078 0.04778 0.049086 0.048591 0.052298 0.060207 0.0668 0.059784 0.052767 0.050453 0.052843 0.055233 0.058355 0.061548 0.0595 0.05221 0.04324 0.032032 0.017727
107 0.03404 0.043761 0.048009 0.049456 0.048798 0.052547 0.060701 0.067501 0.060304 0.053107 0.050635 0.052889 0.055143 0.058174 0.061281 0.059172 0.051847 0.043067 0.032348 0.017221
108 0.033164 0.043726 0.048223 0.050552 0.051254 0.055152 0.062246 0.068047 0.060473 0.052898 0.049923 0.051547 0.053172 0.057085 0.06122 0.059346 0.051463 0.042465 0.031983 0.016061
109 0.03228 0.043719 0.048991 0.051999 0.053307 0.057055 0.063244 0.068185 0.060218 0.05225 0.04909 0.050736 0.052382 0.05617 0.060166 0.058594 0.051455 0.042722 0.031868 0.015568
110 0.030636 0.043419 0.050578 0.053839 0.05417 0.057355 0.063394 0.068189 0.060125 0.052061 0.048971 0.050856 0.052741 0.055245 0.057809 0.056488 0.051282 0.043891 0.033591 0.015361
111 0.029333 0.043454 0.052734 0.056475 0.056056 0.058458 0.063681 0.067726 0.059589 0.051452 0.04816 0.049715 0.05127 0.053578 0.055959 0.055056 0.05087 0.044843 0.036365 0.015226
112 0.030346 0.044963 0.053782 0.057926 0.05856 0.060564 0.063939 0.066312 0.058331 0.05035 0.046813 0.047719 0.048626 0.05163 0.054836 0.054503 0.05063 0.045729 0.039458 0.014982
113 0.02868 0.04458 0.054208 0.059741 0.062199 0.0639 0.064845 0.065014 0.057172 0.049331 0.045475 0.045604 0.045733 0.049595 0.053818 0.054169 0.05065 0.047076 0.04343 0.014779
114 0.026622 0.044107 0.054737 0.061989 0.066702 0.068028 0.065966 0.063408 0.055739 0.04807 0.043819 0.042986 0.042154 0.047076 0.052556 0.053754 0.050673 0.048742 0.048344 0.014527
115 0.024011 0.04351 0.055411 0.064842 0.072419 0.073268 0.067389 0.061372 0.05392 0.046469 0.041717 0.039663 0.037609 0.043878 0.050952 0.053226 0.0507 0.050855 0.054582 0.014206
