1 0 0 0 0 0 0 0 0 0 0 0 0 0 0 0 0 0 0 0 0
2 0 0 0 0 0 0 0 0 0 0 0 0 0 0 0 0 0 0 0 0
3 0 0 0 0 0 0 0 0 0 0 0 0 0 0 0 0 0 0 0 0
4 0 0 0 0 0 0 0 0 0 0 0 0 0 0 0 0 0 0 0 0
5 0 0 0 0 0 0 0 0 0 0 0 0 0 0 0 0 0 0 0 0
6 0 0 0 0 0 0 0 0 0 0 0 0 0 0 0 0 0 0 0 0
7 0 0 0 0 0 0 0 0 0 0 0 0 0 0 0 0 0 0 0 0
8 0 0 0 0 0 0 0 0 0 0 0 0 0 0 0 0 0 0 0 0
9 0 0 0 0 0 0 0 0 0 0 0 0 0 0 0 0 0 0 0 0
10 0 0 0 0 0 0 0 0 0 0 0 0 0 0 0 0 0 0 0 0
11 0 0 0 0 0 0 0 0 0 0 0 0 0 0 0 0 0 0 0 0
12 0 0 0 0 0 0 0 0 0 0 0 0 0 0 0 0 0 0 0 0
13 0 0 0 0 0 0 0 0 0 0 0 0 0 0 0 0 0 0 0 0
14 0 0 0 0 0 0 0 0 0 0 0 0 0 0 0 0 0 0 0 0
15 0 0 0 0 0 0 0 0 0 0 0 0 0 0 0 0 0 0 0 0
16 0 0 0 0 0 0 0 0 0 0 0 0 0 0 0 0 0 0 0 0
17 0 0 0 0 0 0 0 0 0 0 0 0 0 0 0 0 0 0 0 0
18 0 0 0 0 0 0 0 0 0 0 0 0 0 0 0 0 0 0 0 0
19 0 0 0 0 0 0 0 0 0 0 0 0 0 0 0 0 0 0 0 0
20 0 0 0 0 0 0 0 0 0 0 0 0 0 0 0 0 0 0 0 0
21 0.043272 0.046524 0.053496 0.055138 0.052775 0.053451 0.057165 0.060216 0.056406 0.052597 0.052392 0.055793 0.059194 0.05542 0.050953 0.045769 0.039868 0.036585 0.036785 0.0362
22 0.048335 0.05631 0.060261 0.061993 0.062057 0.061582 0.060568 0.059265 0.054977 0.050688 0.049254 0.050675 0.052095 0.049057 0.045587 0.041324 0.036268 0.033387 0.033401 0.032916
23 0.060908 0.066203 0.067436 0.067197 0.065852 0.063489 0.060108 0.056794 0.054166 0.051538 0.048986 0.046509 0.044033 0.041841 0.039678 0.037428 0.035094 0.032732 0.030334 0.029673
24 0.068322 0.070921 0.069522 0.067014 0.063673 0.060675 0.05802 0.055406 0.05322 0.051033 0.048654 0.046083 0.043511 0.041325 0.039176 0.037062 0.034982 0.03268 0.030083 0.028638
25 0.07235 0.073148 0.07006 0.066862 0.063583 0.060641 0.058035 0.055437 0.052927 0.050417 0.047992 0.045652 0.043312 0.04106 0.038816 0.036549 0.034259 0.031916 0.0295 0.027484
26 0.073161 0.073747 0.070331 0.067228 0.064363 0.061563 0.05883 0.056106 0.05347 0.050834 0.04825 0.045717 0.043185 0.040663 0.038142 0.035681 0.033279 0.030865 0.028436 0.026148
27 0.076029 0.074217 0.070785 0.067626 0.064671 0.061843 0.059141 0.056439 0.05374 0.05104 0.048343 0.045648 0.042954 0.040303 0.037656 0.035015 0.03238 0.029811 0.027327 0.025031
28 0.077418 0.074498 0.071531 0.068537 0.065523 0.062562 0.059656 0.056757 0.053939 0.051122 0.048307 0.045494 0.042682 0.039843 0.037002 0.034253 0.031596 0.028971 0.02639 0.023917
29 0.078357 0.075397 0.072335 0.0693 0.066285 0.06327 0.060255 0.057237 0.054196 0.051155 0.048165 0.045227 0.042288 0.039368 0.036449 0.033596 0.030808 0.02807 0.025397 0.022845
30 0.079361 0.076169 0.073076 0.069959 0.066824 0.063712 0.060624 0.057532 0.054409 0.051286 0.048175 0.045076 0.041976 0.038979 0.035992 0.033051 0.030154 0.0273 0.024502 0.021842
31 0.080297 0.077065 0.073854 0.070637 0.067416 0.064177 0.060922 0.057674 0.054502 0.051329 0.048145 0.044949 0.041753 0.038659 0.035575 0.032521 0.029497 0.026529 0.023636 0.02086
32 0.081137 0.077807 0.074524 0.071209 0.067868 0.064547 0.061245 0.057947 0.054681 0.051416 0.048137 0.044846 0.041555 0.038361 0.035178 0.032023 0.028899 0.025825 0.022819 0.019975
33 0.081732 0.078363 0.074981 0.071612 0.068252 0.064895 0.06154 0.058186 0.054837 0.051488 0.048149 0.044819 0.04149 0.038194 0.034901 0.031637 0.0284 0.025222 0.022123 0.019181
34 0.082338 0.078883 0.075469 0.072057 0.068647 0.065241 0.06184 0.058436 0.05501 0.051584 0.048172 0.044774 0.041377 0.037985 0.034594 0.031234 0.027905 0.024632 0.021433 0.018389
35 0.082829 0.079397 0.075906 0.072458 0.069041 0.065596 0.062124 0.058649 0.05515 0.051651 0.048174 0.044721 0.041267 0.037797 0.034326 0.030881 0.027462 0.0241 0.020815 0.017657
36 0.083223 0.079762 0.076294 0.072822 0.06935 0.065861 0.062355 0.058847 0.055314 0.051781 0.048248 0.044717 0.041185 0.037639 0.034091 0.030567 0.027068 0.023622 0.020246 0.017009
37 0.08359 0.08007 0.076605 0.073133 0.069654 0.06614 0.062591 0.059041 0.055469 0.051898 0.048312 0.044712 0.041112 0.0375 0.033888 0.030289 0.026703 0.023176 0.019727 0.016389
38 0.083874 0.080372 0.076906 0.073422 0.069924 0.06639 0.06282 0.059246 0.055629 0.052011 0.048374 0.044716 0.041058 0.037384 0.033708 0.030038 0.026374 0.022761 0.019215 0.015778
39 0.085873 0.082439 0.079215 0.075867 0.072427 0.068987 0.065549 0.062096 0.058483 0.054871 0.048369 0.038977 0.029585 0.030403 0.032207 0.031069 0.026989 0.022926 0.018885 0.014783
40 0.085496 0.082213 0.079034 0.075773 0.072453 0.069041 0.065538 0.062024 0.058398 0.054771 0.048509 0.039611 0.030713 0.031058 0.032296 0.030866 0.026766 0.022646 0.018498 0.014298
41 0.085097 0.082005 0.078883 0.075619 0.072249 0.068857 0.065444 0.062012 0.058383 0.054755 0.048746 0.040357 0.031967 0.03178 0.032385 0.030627 0.026506 0.02234 0.018115 0.013873
42 0.084744 0.081989 0.078641 0.075341 0.072076 0.06874 0.065332 0.061906 0.058298 0.05469 0.048933 0.041028 0.033123 0.032497 0.032575 0.03051 0.026303 0.022057 0.01776 0.013457
43 0.084347 0.081611 0.078387 0.075217 0.072088 0.06879 0.065321 0.061837 0.058204 0.054572 0.049031 0.041581 0.034132 0.033146 0.032784 0.030459 0.026171 0.02184 0.017453 0.013029
44 0.083871 0.081228 0.078128 0.075004 0.071861 0.068623 0.065292 0.061929 0.058253 0.054577 0.049206 0.042138 0.03507 0.033744 0.032974 0.030418 0.026077 0.02168 0.017208 0.012718
45 0.083535 0.080955 0.077891 0.074793 0.071667 0.068466 0.065189 0.061879 0.058229 0.05458 0.049398 0.042683 0.035969 0.034336 0.033193 0.03041 0.025984 0.021497 0.016928 0.012419
46 0.082983 0.080411 0.077581 0.07459 0.07148 0.068321 0.065115 0.061873 0.058256 0.05464 0.049647 0.043277 0.036908 0.034938 0.033393 0.030389 0.025925 0.021382 0.016734 0.012158
47 0.082481 0.079791 0.077172 0.07432 0.071293 0.068212 0.065077 0.061904 0.058332 0.054761 0.04994 0.04387 0.037799 0.035516 0.033598 0.030373 0.02584 0.021248 0.016575 0.011898
48 0.081966 0.079369 0.076727 0.073967 0.071119 0.068123 0.064978 0.061804 0.058334 0.054863 0.050239 0.044461 0.038682 0.036111 0.033849 0.030416 0.025812 0.02115 0.016413 0.011616
49 0.081369 0.07896 0.076384 0.073694 0.070917 0.067975 0.064866 0.061731 0.058328 0.054925 0.050483 0.045003 0.039522 0.036697 0.034128 0.030508 0.025836 0.02109 0.016246 0.011335
50 0.080756 0.078488 0.076023 0.073426 0.070729 0.067856 0.064808 0.06173 0.058345 0.054961 0.050675 0.045489 0.040303 0.037235 0.034373 0.03059 0.025887 0.021077 0.016123 0.011126
51 0.08021 0.078057 0.075688 0.073151 0.07049 0.067679 0.064719 0.061722 0.058343 0.054964 0.050839 0.045966 0.041094 0.037788 0.034634 0.030686 0.025942 0.021073 0.016034 0.010921
52 0.079666 0.077561 0.075285 0.072819 0.070211 0.067484 0.064636 0.061745 0.058403 0.055062 0.051078 0.046453 0.041827 0.03831 0.034901 0.030797 0.026 0.021063 0.015938 0.010761
53 0.078992 0.076992 0.074817 0.07247 0.069995 0.067357 0.064557 0.061716 0.05845 0.055184 0.051357 0.04697 0.042583 0.038839 0.035157 0.030904 0.026079 0.021088 0.015874 0.010618
54 0.078322 0.076438 0.074345 0.072102 0.069746 0.067213 0.064503 0.061747 0.058512 0.055278 0.051589 0.047444 0.043298 0.039356 0.035434 0.03104 0.026175 0.021139 0.015873 0.010446
55 0.077695 0.075874 0.07391 0.071795 0.069566 0.067103 0.064406 0.061669 0.05852 0.05537 0.051831 0.047902 0.043973 0.03987 0.03575 0.031218 0.026274 0.021163 0.01583 0.010281
56 0.077075 0.075305 0.073454 0.071409 0.069217 0.06684 0.064276 0.061665 0.058572 0.05548 0.052081 0.048377 0.044673 0.040407 0.036088 0.031436 0.026451 0.021261 0.015798 0.010134
57 0.076349 0.074712 0.072959 0.07103 0.068969 0.066692 0.064199 0.061658 0.058635 0.055612 0.05235 0.048848 0.045347 0.040914 0.036391 0.031614 0.026584 0.021333 0.015789 0.010014
58 0.075713 0.074138 0.072499 0.07067 0.068696 0.066504 0.064093 0.061632 0.058662 0.055692 0.052562 0.049273 0.045984 0.041409 0.036709 0.031824 0.026755 0.021444 0.015813 0.0099279
59 0.074995 0.073514 0.072064 0.070336 0.068398 0.066275 0.063968 0.06161 0.058711 0.055813 0.052819 0.04973 0.046642 0.041904 0.037007 0.032017 0.026934 0.021573 0.015845 0.009845
60 0.074258 0.073021 0.071625 0.069941 0.06804 0.066008 0.063845 0.061622 0.058774 0.055926 0.053055 0.05016 0.047265 0.042398 0.03734 0.032246 0.027116 0.021703 0.015911 0.009746
61 0.07359 0.072412 0.071124 0.069536 0.067724 0.065786 0.063722 0.061597 0.058835 0.056074 0.053323 0.050584 0.047845 0.042874 0.037687 0.032495 0.027297 0.021826 0.01599 0.0096787
62 0.07287 0.071622 0.070512 0.069086 0.067424 0.065613 0.063651 0.061626 0.058939 0.056252 0.053617 0.051034 0.048451 0.043373 0.038054 0.032765 0.027505 0.021959 0.01603 0.0096166
63 0.071917 0.070924 0.070017 0.068735 0.067171 0.065445 0.063557 0.061606 0.05901 0.056414 0.053896 0.051457 0.049019 0.04386 0.038438 0.033065 0.027741 0.022112 0.016079 0.0095362
64 0.071159 0.070292 0.06946 0.068314 0.066932 0.065316 0.063465 0.061555 0.059038 0.056522 0.054127 0.051854 0.049582 0.044333 0.038798 0.033346 0.027978 0.022281 0.016145 0.0095024
65 0.070174 0.069729 0.06892 0.06784 0.066557 0.06504 0.063288 0.061477 0.059053 0.056629 0.05438 0.052305 0.050231 0.044884 0.03922 0.03369 0.028294 0.022527 0.016268 0.0094944
66 0.069427 0.0691 0.068398 0.067404 0.06619 0.064787 0.063194 0.06153 0.059129 0.056728 0.054574 0.052667 0.05076 0.045345 0.039592 0.033996 0.028557 0.022727 0.016376 0.0095152
67 0.068509 0.068447 0.067841 0.066975 0.065914 0.06463 0.063124 0.061541 0.059172 0.056803 0.054751 0.053016 0.051282 0.045818 0.039995 0.034341 0.028858 0.022955 0.016492 0.0095351
68 0.067659 0.067516 0.067261 0.066611 0.065664 0.064483 0.063069 0.061575 0.059243 0.056912 0.054954 0.053369 0.051783 0.046274 0.040386 0.034693 0.029196 0.023224 0.016619 0.0095099
69 0.066878 0.066848 0.066643 0.066101 0.065308 0.064267 0.062977 0.061603 0.05935 0.057096 0.055226 0.053741 0.052255 0.046698 0.040748 0.03502 0.029515 0.023488 0.016769 0.0094693
70 0.066252 0.066319 0.066095 0.065634 0.064995 0.064071 0.062864 0.061569 0.059383 0.057196 0.055422 0.054059 0.052696 0.047106 0.041108 0.035347 0.029822 0.02374 0.016917 0.0094066
71 0.065401 0.065805 0.065541 0.065135 0.064624 0.063812 0.062698 0.0615 0.05944 0.057381 0.05572 0.05446 0.0532 0.047561 0.041498 0.035686 0.030124 0.023983 0.017072 0.0093604
72 0.064836 0.065274 0.064979 0.06461 0.064183 0.063493 0.06254 0.061493 0.059478 0.057463 0.055902 0.054794 0.053686 0.047997 0.041865 0.036009 0.030431 0.024242 0.017241 0.0094832
73 0.064089 0.064682 0.064388 0.064112 0.063848 0.063229 0.062253 0.061203 0.059396 0.057589 0.056182 0.055177 0.054172 0.048491 0.042359 0.036473 0.030834 0.02456 0.017441 0.0095224
74 0.063308 0.064192 0.063773 0.063575 0.063544 0.063017 0.061994 0.06092 0.059308 0.057696 0.056444 0.055553 0.054662 0.048976 0.042826 0.036914 0.031241 0.024888 0.017632 0.0095371
75 0.06239 0.063686 0.063158 0.063004 0.063132 0.062726 0.061787 0.060799 0.059315 0.05783 0.056691 0.055897 0.055104 0.049467 0.043362 0.037422 0.031647 0.025183 0.0178 0.0095998
76 0.061807 0.062831 0.06232 0.062272 0.062572 0.062393 0.061735 0.061006 0.059537 0.058068 0.056968 0.056238 0.055508 0.049916 0.043853 0.037893 0.032035 0.02547 0.017966 0.0096156
77 0.060944 0.061724 0.061375 0.061521 0.062038 0.06212 0.061766 0.061311 0.059807 0.058302 0.057242 0.056627 0.056012 0.050424 0.044355 0.038376 0.032487 0.025831 0.018156 0.0095792
78 0.060102 0.060745 0.060827 0.061031 0.061326 0.061496 0.061541 0.061457 0.060034 0.05861 0.057627 0.057082 0.056537 0.050922 0.044817 0.038808 0.032897 0.026177 0.01838 0.0095839
79 0.058936 0.05974 0.060254 0.060664 0.060996 0.061244 0.061407 0.061446 0.060203 0.05896 0.058044 0.057456 0.056867 0.051294 0.045239 0.039232 0.033271 0.026488 0.018607 0.0096526
80 0.058137 0.059145 0.059736 0.060219 0.060623 0.06094 0.061172 0.061289 0.060222 0.059155 0.05834 0.057778 0.057216 0.051691 0.045686 0.039671 0.033644 0.026788 0.018828 0.0097178
81 0.057401 0.05847 0.059331 0.059954 0.060399 0.06073 0.060947 0.061065 0.060154 0.059243 0.058537 0.058037 0.057536 0.052072 0.046127 0.040107 0.034011 0.027075 0.01902 0.0097833
82 0.056726 0.05772 0.05885 0.059616 0.060109 0.060482 0.060737 0.060899 0.060099 0.0593 0.058692 0.058275 0.057858 0.052468 0.046598 0.040594 0.034456 0.027431 0.019224 0.0098667
83 0.055878 0.057212 0.058446 0.05927 0.059786 0.060165 0.060406 0.060572 0.059964 0.059356 0.058913 0.058636 0.058359 0.052919 0.04698 0.040983 0.034928 0.027861 0.019448 0.0099168
84 0.055159 0.05633 0.057822 0.058796 0.059382 0.059804 0.060061 0.060255 0.059784 0.059314 0.05906 0.059024 0.058987 0.053544 0.047577 0.041555 0.035478 0.02832 0.019725 0.010023
85 0.054101 0.055396 0.056872 0.058056 0.059018 0.059625 0.059877 0.060076 0.059727 0.059379 0.059272 0.059405 0.059539 0.054158 0.048243 0.042201 0.036033 0.028792 0.020124 0.010104
86 0.053014 0.054552 0.055883 0.057162 0.058403 0.059252 0.059709 0.060103 0.059849 0.059596 0.05964 0.05998 0.060321 0.054802 0.048716 0.042615 0.036499 0.029253 0.020502 0.010148
87 0.052214 0.053616 0.055125 0.056525 0.057843 0.058818 0.059451 0.060026 0.060001 0.059976 0.060089 0.06034 0.060591 0.055209 0.049282 0.04323 0.037051 0.02969 0.020755 0.010167
88 0.051636 0.053091 0.054661 0.056075 0.057372 0.058404 0.05917 0.059883 0.060053 0.060222 0.060427 0.060668 0.060908 0.055601 0.049757 0.043663 0.037319 0.029883 0.020992 0.010216
89 0.050977 0.052806 0.054261 0.05561 0.056879 0.058019 0.059029 0.059963 0.060106 0.060248 0.060494 0.060844 0.061194 0.0559 0.05006 0.044004 0.037732 0.030289 0.021287 0.010299
90 0.050207 0.052281 0.053651 0.055048 0.056464 0.057714 0.058798 0.059808 0.060055 0.060301 0.060648 0.061095 0.061543 0.056292 0.050491 0.044499 0.038316 0.030825 0.021592 0.010373
91 0.049237 0.05163 0.052867 0.054361 0.056048 0.057461 0.058599 0.059677 0.060137 0.060597 0.060975 0.061273 0.061571 0.056578 0.051073 0.045201 0.038962 0.031337 0.021867 0.01055
92 0.048433 0.050719 0.051809 0.053368 0.055281 0.056988 0.058489 0.059899 0.060374 0.06085 0.061239 0.061543 0.061846 0.057073 0.051808 0.046001 0.039654 0.031874 0.022187 0.010566
93 0.047561 0.04981 0.051206 0.052826 0.054613 0.056467 0.058389 0.060171 0.060503 0.060835 0.06119 0.061568 0.061947 0.057492 0.05257 0.046846 0.040322 0.032413 0.022662 0.01061
94 0.046661 0.049154 0.050843 0.052422 0.053919 0.055857 0.058237 0.060409 0.060428 0.060446 0.060801 0.061492 0.062184 0.05804 0.053428 0.047764 0.041048 0.032967 0.023067 0.010832
95 0.045666 0.048373 0.050404 0.052079 0.053486 0.055484 0.058074 0.060432 0.060394 0.060356 0.06071 0.061457 0.062203 0.058392 0.054141 0.048519 0.041527 0.033392 0.023738 0.011173
96 0.044783 0.047374 0.049877 0.051739 0.053121 0.055224 0.058048 0.060612 0.060496 0.060379 0.060685 0.061411 0.062138 0.058632 0.054716 0.049158 0.04196 0.03383 0.024458 0.011361
97 0.043584 0.046503 0.049007 0.051045 0.052734 0.055094 0.058124 0.060859 0.06054 0.06022 0.060451 0.061233 0.062014 0.058916 0.055443 0.0501 0.042888 0.034623 0.024957 0.011663
98 0.042172 0.04547 0.047922 0.050291 0.0526 0.055187 0.058052 0.060641 0.060377 0.060112 0.060352 0.061097 0.061842 0.059288 0.056414 0.051268 0.04385 0.035396 0.025563 0.012105
99 0.041622 0.04444 0.046999 0.049628 0.052309 0.055205 0.058317 0.061103 0.060506 0.05991 0.059991 0.06075 0.061509 0.059427 0.05707 0.05213 0.044605 0.03607 0.02619 0.012218
100 0.040899 0.044158 0.046683 0.04935 0.052124 0.055278 0.058811 0.061908 0.060489 0.05907 0.058944 0.060109 0.061274 0.059525 0.057495 0.052726 0.04522 0.0367 0.026829 0.012409
101 0.040389 0.043689 0.046252 0.049057 0.052043 0.055282 0.058775 0.061817 0.060195 0.058574 0.058418 0.059729 0.06104 0.059648 0.057994 0.05341 0.045894 0.037382 0.027542 0.012868
102 0.040163 0.043507 0.045796 0.048634 0.051884 0.055258 0.058757 0.061785 0.059957 0.058129 0.057954 0.059431 0.060908 0.059786 0.058413 0.053948 0.046391 0.037867 0.028053 0.013378
103 0.039658 0.043102 0.045052 0.047984 0.051652 0.055361 0.05911 0.062326 0.060034 0.057742 0.057458 0.059183 0.060908 0.060113 0.059074 0.054625 0.046767 0.038093 0.028331 0.013427
104 0.038602 0.042092 0.044121 0.04729 0.051317 0.05536 0.059421 0.062887 0.060207 0.057526 0.0571 0.058926 0.060752 0.060349 0.05973 0.055499 0.047657 0.038808 0.028619 0.013737
105 0.037788 0.041224 0.043286 0.046621 0.050913 0.055436 0.060189 0.064213 0.060687 0.057162 0.056303 0.058112 0.05992 0.060163 0.060254 0.05638 0.04854 0.039649 0.029359 0.013801
106 0.037441 0.04105 0.043339 0.046535 0.050411 0.054851 0.059855 0.064073 0.060159 0.056246 0.055458 0.057795 0.060133 0.060546 0.060773 0.057054 0.049391 0.040566 0.030195 0.014129
107 0.036948 0.040734 0.043189 0.046196 0.049617 0.054163 0.059835 0.06461 0.060105 0.0556 0.054651 0.057257 0.059863 0.060848 0.061677 0.058093 0.050096 0.041147 0.03093 0.014441
108 0.036377 0.040283 0.043164 0.046197 0.049344 0.053935 0.059968 0.065042 0.060191 0.05534 0.054262 0.056957 0.059653 0.060963 0.06214 0.058511 0.050077 0.041134 0.031515 0.014947
109 0.036043 0.039906 0.043002 0.046013 0.04896 0.053628 0.060017 0.065419 0.060617 0.055814 0.05459 0.056947 0.059303 0.060861 0.062343 0.058638 0.049747 0.040773 0.03169 0.015688
110 0.036023 0.040548 0.043974 0.046549 0.048486 0.053004 0.060103 0.066077 0.060417 0.054757 0.053385 0.056301 0.059216 0.06094 0.062548 0.058865 0.04989 0.040936 0.032008 0.015971
111 0.035874 0.041245 0.044726 0.047048 0.048498 0.052825 0.060027 0.066034 0.059684 0.053333 0.051944 0.055515 0.059086 0.060904 0.062553 0.059063 0.050434 0.041606 0.032512 0.017089
112 0.036308 0.041726 0.045346 0.047155 0.047606 0.051726 0.059515 0.066014 0.059166 0.052319 0.051023 0.055279 0.059536 0.061016 0.062228 0.058954 0.051196 0.042818 0.033614 0.017455
113 0.03623 0.042457 0.046223 0.047865 0.047911 0.051994 0.060114 0.066866 0.059461 0.052057 0.050336 0.054298 0.05826 0.060223 0.061992 0.058958 0.051121 0.042547 0.03299 0.018097
114 0.036374 0.044309 0.047497 0.048744 0.048533 0.052453 0.060505 0.067193 0.059777 0.052362 0.050012 0.052727 0.055443 0.058573 0.061744 0.059487 0.051804 0.042755 0.031888 0.017822
115 0.035515 0.044226 0.04799 0.049283 0.04872 0.052371 0.060237 0.066794 0.05982 0.052845 0.050504 0.052794 0.055084 0.058205 0.061406 0.059383 0.052135 0.043167 0.031909 0.017613
