1 0 0 0 0 0 0 0 0 0 0 0 0 0 0 0 0 0 0 0 0
2 0 0 0 0 0 0 0 0 0 0 0 0 0 0 0 0 0 0 0 0
3 0 0 0 0 0 0 0 0 0 0 0 0 0 0 0 0 0 0 0 0
4 0 0 0 0 0 0 0 0 0 0 0 0 0 0 0 0 0 0 0 0
5 0 0 0 0 0 0 0 0 0 0 0 0 0 0 0 0 0 0 0 0
6 0 0 0 0 0 0 0 0 0 0 0 0 0 0 0 0 0 0 0 0
7 0 0 0 0 0 0 0 0 0 0 0 0 0 0 0 0 0 0 0 0
8 0 0 0 0 0 0 0 0 0 0 0 0 0 0 0 0 0 0 0 0
9 0 0 0 0 0 0 0 0 0 0 0 0 0 0 0 0 0 0 0 0
10 0 0 0 0 0 0 0 0 0 0 0 0 0 0 0 0 0 0 0 0
11 0 0 0 0 0 0 0 0 0 0 0 0 0 0 0 0 0 0 0 0
12 0 0 0 0 0 0 0 0 0 0 0 0 0 0 0 0 0 0 0 0
13 0 0 0 0 0 0 0 0 0 0 0 0 0 0 0 0 0 0 0 0
14 0 0 0 0 0 0 0 0 0 0 0 0 0 0 0 0 0 0 0 0
15 0 0 0 0 0 0 0 0 0 0 0 0 0 0 0 0 0 0 0 0
16 0 0 0 0 0 0 0 0 0 0 0 0 0 0 0 0 0 0 0 0
17 0 0 0 0 0 0 0 0 0 0 0 0 0 0 0 0 0 0 0 0
18 0 0 0 0 0 0 0 0 0 0 0 0 0 0 0 0 0 0 0 0
19 0 0 0 0 0 0 0 0 0 0 0 0 0 0 0 0 0 0 0 0
20 0 0 0 0 0 0 0 0 0 0 0 0 0 0 0 0 0 0 0 0
21 0 0 0 0 0 0 0 0 0 0 0 0 0 0 0 0 0 0 0 0
22 0 0 0 0 0 0 0 0 0 0 0 0 0 0 0 0 0 0 0 0
23 0 0 0 0 0 0 0 0 0 0 0 0 0 0 0 0 0 0 0 0
24 0 0 0 0 0 0 0 0 0 0 0 0 0 0 0 0 0 0 0 0
25 0 0 0 0 0 0 0 0 0 0 0 0 0 0 0 0 0 0 0 0
26 0 0 0 0 0 0 0 0 0 0 0 0 0 0 0 0 0 0 0 0
27 0.04327 0.046521 0.053494 0.055136 0.052773 0.053449 0.057164 0.060215 0.056406 0.052597 0.052393 0.055794 0.059195 0.055422 0.050955 0.045771 0.03987 0.036587 0.036787 0.036202
28 0.056371 0.062556 0.065275 0.066012 0.065259 0.063307 0.060155 0.057039 0.054287 0.051536 0.049558 0.048355 0.047151 0.044428 0.041557 0.038247 0.034497 0.031991 0.031142 0.031276
29 0.065672 0.06871 0.068049 0.066955 0.065535 0.062955 0.059215 0.055602 0.053308 0.051015 0.048635 0.046168 0.043701 0.041503 0.03933 0.037157 0.034983 0.032542 0.029744 0.02922
30 0.06927 0.071458 0.069905 0.067121 0.063411 0.060417 0.058137 0.055828 0.053215 0.050603 0.04817 0.045915 0.04366 0.041395 0.039129 0.036905 0.034724 0.032523 0.030295 0.02792
31 0.072875 0.073866 0.070016 0.066608 0.063534 0.060749 0.058251 0.055751 0.053211 0.050672 0.04818 0.045735 0.04329 0.040963 0.038648 0.036306 0.033936 0.031512 0.029014 0.026883
32 0.074244 0.074245 0.070265 0.067047 0.064401 0.061689 0.05891 0.05615 0.053587 0.051023 0.048422 0.045782 0.043142 0.040563 0.03799 0.035433 0.032893 0.030426 0.028056 0.025734
33 0.077064 0.074021 0.070916 0.067938 0.065055 0.062182 0.059318 0.056471 0.053789 0.051106 0.048389 0.045638 0.042886 0.040139 0.037393 0.034695 0.032045 0.029455 0.026942 0.024558
34 0.077768 0.074911 0.071915 0.068901 0.065874 0.062882 0.059925 0.056971 0.05404 0.05111 0.048219 0.045367 0.042515 0.03963 0.03674 0.033953 0.031267 0.0286 0.025958 0.023455
35 0.078791 0.075651 0.072635 0.069604 0.066561 0.063512 0.060458 0.0574 0.054303 0.051207 0.048156 0.045151 0.042146 0.039188 0.036235 0.033351 0.030536 0.027743 0.024978 0.022393
36 0.079721 0.076566 0.073417 0.070248 0.067062 0.063902 0.060766 0.057631 0.054496 0.051361 0.048206 0.045031 0.041856 0.038818 0.035794 0.03281 0.029868 0.026963 0.024105 0.021379
37 0.080507 0.077335 0.074099 0.070861 0.067623 0.064361 0.061074 0.057794 0.054587 0.05138 0.048159 0.044924 0.041689 0.038555 0.035432 0.032331 0.029254 0.026239 0.023308 0.020488
38 0.081339 0.077998 0.074678 0.07136 0.068043 0.064721 0.061393 0.058067 0.054754 0.051441 0.048141 0.044853 0.041565 0.038325 0.035091 0.031873 0.028673 0.025545 0.022512 0.019627
39 0.085276 0.082379 0.078477 0.074713 0.071053 0.067635 0.064459 0.061244 0.057622 0.054001 0.04762 0.03848 0.02934 0.030444 0.032539 0.031893 0.028507 0.025042 0.021472 0.017805
40 0.085614 0.082846 0.079285 0.075634 0.071914 0.068387 0.065051 0.061677 0.057911 0.054146 0.047396 0.037662 0.027929 0.029507 0.032179 0.031744 0.028202 0.024615 0.020968 0.017332
41 0.086108 0.08296 0.079655 0.07617 0.072549 0.068995 0.065509 0.061995 0.058197 0.054399 0.047366 0.0371 0.026834 0.028813 0.031977 0.031705 0.027998 0.024281 0.020552 0.016836
42 0.086394 0.083327 0.079834 0.076409 0.073034 0.069536 0.065915 0.062271 0.058393 0.054515 0.04731 0.03678 0.02625 0.02845 0.031882 0.031666 0.027802 0.023933 0.020059 0.016239
43 0.086313 0.082927 0.07949 0.076054 0.07262 0.069186 0.065754 0.062301 0.058624 0.054947 0.047992 0.037759 0.027526 0.029164 0.03195 0.031369 0.027421 0.02346 0.019481 0.015662
44 0.08595 0.082556 0.079309 0.075984 0.0726 0.069135 0.06559 0.062041 0.058452 0.054864 0.04823 0.038549 0.028868 0.029994 0.032165 0.031219 0.027154 0.023121 0.019128 0.01509
45 0.085595 0.082039 0.079033 0.07584 0.072505 0.069086 0.065582 0.062068 0.058461 0.054854 0.04847 0.039307 0.030145 0.030737 0.032272 0.030993 0.0269 0.022812 0.01873 0.014571
46 0.085316 0.082006 0.078738 0.075513 0.07232 0.068995 0.065536 0.062063 0.058431 0.054798 0.048651 0.039991 0.03133 0.031424 0.032364 0.030789 0.026697 0.022559 0.018358 0.014119
47 0.084933 0.082002 0.078752 0.075469 0.072161 0.068797 0.065376 0.06194 0.058339 0.054738 0.048847 0.040665 0.032484 0.032104 0.032478 0.030589 0.026436 0.022234 0.017967 0.013688
48 0.084594 0.081742 0.078481 0.075241 0.072015 0.068702 0.065302 0.061882 0.058266 0.05465 0.049003 0.041326 0.033649 0.032841 0.032697 0.0305 0.026251 0.021964 0.017624 0.013268
49 0.084054 0.081383 0.078258 0.075129 0.071998 0.068727 0.065315 0.061882 0.058233 0.054585 0.04912 0.041838 0.034556 0.033419 0.032877 0.030453 0.02615 0.021788 0.017349 0.012887
50 0.083684 0.081059 0.077988 0.074913 0.071835 0.068625 0.065283 0.061911 0.058226 0.054541 0.049256 0.042371 0.035487 0.034019 0.033075 0.030414 0.026037 0.0216 0.017082 0.012595
51 0.083267 0.080723 0.07772 0.07466 0.071558 0.068382 0.065132 0.061851 0.058244 0.054637 0.04955 0.042983 0.036416 0.034621 0.033289 0.030402 0.025962 0.02145 0.016844 0.01231
52 0.082747 0.080088 0.077405 0.07448 0.071372 0.068248 0.065105 0.061921 0.058306 0.05469 0.049767 0.043538 0.037308 0.0352 0.03349 0.030387 0.025891 0.021326 0.016669 0.012062
53 0.082258 0.079557 0.076916 0.074122 0.071213 0.068197 0.065073 0.061911 0.058354 0.054797 0.050053 0.044122 0.038192 0.035782 0.033712 0.030394 0.025827 0.021209 0.016523 0.011788
54 0.081716 0.07918 0.076566 0.073839 0.071028 0.068054 0.064918 0.061755 0.058312 0.054869 0.050335 0.044709 0.039083 0.036393 0.033987 0.030465 0.025827 0.021129 0.01635 0.011486
55 0.081078 0.078714 0.076184 0.073547 0.070828 0.067929 0.064852 0.061745 0.058341 0.054937 0.050562 0.045214 0.039867 0.036952 0.034271 0.03058 0.025876 0.021089 0.01619 0.011245
56 0.080476 0.078235 0.07581 0.073273 0.070653 0.067822 0.06478 0.061709 0.058334 0.054959 0.050754 0.045719 0.040685 0.037501 0.034496 0.030639 0.02593 0.021096 0.016095 0.011034
57 0.079923 0.077789 0.075465 0.072974 0.070355 0.067589 0.064678 0.061726 0.058365 0.055003 0.050949 0.0462 0.041452 0.038054 0.034786 0.030766 0.025993 0.021085 0.015998 0.01085
58 0.079318 0.077278 0.075061 0.072658 0.070115 0.067424 0.064584 0.061705 0.058429 0.055153 0.051246 0.04671 0.042174 0.038552 0.03502 0.030849 0.026041 0.021078 0.015908 0.010697
59 0.07866 0.076729 0.074624 0.072322 0.069871 0.067265 0.064502 0.061698 0.058467 0.055236 0.051483 0.047207 0.042932 0.039087 0.035283 0.030964 0.02613 0.02112 0.015873 0.010548
60 0.078032 0.076225 0.074163 0.071959 0.06965 0.067147 0.064452 0.061712 0.058518 0.055323 0.051702 0.047652 0.043603 0.039587 0.035574 0.031117 0.026215 0.021146 0.015853 0.010371
61 0.077422 0.075641 0.073732 0.071636 0.069399 0.066965 0.064334 0.06166 0.058536 0.055411 0.051938 0.048116 0.044294 0.040113 0.035898 0.03131 0.026351 0.021207 0.015818 0.010218
62 0.076772 0.075063 0.073228 0.071221 0.069085 0.06676 0.064247 0.061684 0.058611 0.055538 0.052195 0.048584 0.044973 0.040633 0.036224 0.031515 0.026508 0.02129 0.015793 0.010076
63 0.07607 0.074457 0.072774 0.070893 0.068864 0.066624 0.064173 0.061672 0.058652 0.055632 0.052419 0.049013 0.045606 0.041118 0.036525 0.031703 0.026654 0.021377 0.015798 0.0099736
64 0.075368 0.07385 0.072286 0.070509 0.068572 0.066419 0.064051 0.061631 0.058684 0.055736 0.052663 0.049463 0.046264 0.041631 0.036859 0.03193 0.026843 0.021506 0.015837 0.009899
65 0.074682 0.073318 0.071893 0.070177 0.068244 0.066159 0.063921 0.061627 0.058743 0.055859 0.052913 0.049905 0.046898 0.042105 0.037139 0.03211 0.027017 0.021634 0.015863 0.0097946
66 0.073965 0.072807 0.071421 0.069759 0.067891 0.065898 0.063782 0.061604 0.058792 0.05598 0.05316 0.050332 0.047505 0.042601 0.037497 0.032365 0.027203 0.021765 0.015958 0.0097159
67 0.073286 0.072041 0.070876 0.06937 0.06761 0.065717 0.063692 0.061606 0.058882 0.056158 0.053456 0.050775 0.048095 0.043079 0.037838 0.032605 0.027381 0.021878 0.016005 0.0096485
68 0.072439 0.071326 0.070281 0.068913 0.067304 0.065539 0.063616 0.061629 0.058983 0.056337 0.053749 0.051219 0.04869 0.043581 0.038223 0.0329 0.027613 0.022029 0.016049 0.0095796
69 0.071645 0.070644 0.069838 0.068616 0.067083 0.065379 0.063504 0.061569 0.059014 0.056459 0.053993 0.051618 0.049244 0.044046 0.038576 0.033169 0.027825 0.02217 0.016097 0.0095106
70 0.070734 0.070054 0.069236 0.06813 0.066807 0.065223 0.063378 0.061479 0.059023 0.056567 0.054243 0.05205 0.049858 0.044565 0.038973 0.033489 0.028113 0.022387 0.016195 0.0094968
71 0.069855 0.069462 0.068707 0.067669 0.066419 0.064949 0.063258 0.061503 0.059082 0.056662 0.054453 0.052457 0.050461 0.04508 0.039371 0.033811 0.028398 0.022606 0.016309 0.0094874
72 0.069109 0.068862 0.068139 0.067184 0.066054 0.064714 0.063164 0.061539 0.059147 0.056755 0.054644 0.052813 0.050983 0.045545 0.039757 0.034135 0.028677 0.022818 0.016423 0.009536
73 0.068163 0.068039 0.067633 0.066864 0.065823 0.064566 0.063092 0.061541 0.059184 0.056828 0.05482 0.053159 0.051498 0.046014 0.040161 0.034489 0.028998 0.023064 0.016541 0.0095244
74 0.067334 0.067209 0.06698 0.066379 0.065497 0.064388 0.063051 0.061628 0.059314 0.056999 0.05507 0.053528 0.051985 0.046455 0.04054 0.03483 0.029326 0.023327 0.016671 0.0094864
75 0.066558 0.066667 0.066444 0.06593 0.065197 0.064197 0.062931 0.06158 0.059358 0.057136 0.055307 0.053872 0.052436 0.04686 0.040883 0.035143 0.029639 0.023595 0.016831 0.0094378
76 0.065964 0.066109 0.065875 0.065436 0.064843 0.063955 0.062772 0.061506 0.05938 0.057255 0.055534 0.054218 0.052901 0.0473 0.041285 0.035505 0.029961 0.023848 0.016977 0.0093766
77 0.065074 0.065618 0.065323 0.064927 0.064455 0.063701 0.062665 0.061539 0.059479 0.057418 0.055793 0.054602 0.053411 0.047736 0.041626 0.03579 0.030227 0.024074 0.017135 0.009409
78 0.064605 0.065055 0.064717 0.064372 0.064021 0.063372 0.062426 0.061392 0.059452 0.057512 0.05601 0.054948 0.053886 0.048199 0.042065 0.036196 0.030591 0.024367 0.017318 0.0094966
79 0.063751 0.064495 0.064144 0.063893 0.063718 0.063147 0.062179 0.061143 0.059393 0.057642 0.056285 0.055321 0.054357 0.048671 0.042528 0.036633 0.030987 0.024684 0.017508 0.0095212
80 0.063034 0.06403 0.063575 0.063395 0.063421 0.06291 0.061862 0.060772 0.05924 0.057708 0.056522 0.055682 0.054842 0.049178 0.043048 0.037124 0.031407 0.025007 0.017697 0.0095456
81 0.062232 0.063373 0.06281 0.062694 0.062914 0.062606 0.06177 0.060877 0.059395 0.057913 0.056788 0.05602 0.055251 0.049636 0.043552 0.037605 0.031796 0.02529 0.017858 0.0096198
82 0.061494 0.062443 0.061957 0.061953 0.062313 0.062244 0.061748 0.061164 0.059671 0.058179 0.057081 0.056377 0.055672 0.050097 0.04405 0.038091 0.032219 0.025615 0.018037 0.0095945
83 0.060687 0.061332 0.061107 0.061281 0.061754 0.061891 0.061694 0.061383 0.059901 0.058419 0.057392 0.056818 0.056245 0.050637 0.044542 0.038544 0.032644 0.025958 0.018226 0.0095466
84 0.059657 0.060347 0.060628 0.060921 0.061224 0.061413 0.06149 0.061441 0.060098 0.058755 0.057798 0.057226 0.056655 0.051048 0.044955 0.03895 0.033034 0.026295 0.018461 0.0096049
85 0.058656 0.059548 0.060076 0.060495 0.060832 0.061108 0.061325 0.061418 0.060232 0.059046 0.058157 0.057564 0.056971 0.051424 0.045399 0.039392 0.033404 0.026593 0.018687 0.0096697
86 0.05781 0.058885 0.059618 0.06015 0.060531 0.060839 0.061073 0.0612 0.060201 0.059202 0.058433 0.057894 0.057355 0.051841 0.045845 0.039822 0.033772 0.02689 0.0189 0.0097395
87 0.05717 0.058209 0.05915 0.059841 0.060344 0.060693 0.060889 0.06099 0.06012 0.05925 0.058576 0.058098 0.057619 0.052206 0.046314 0.040299 0.034161 0.027181 0.019082 0.0098063
88 0.056461 0.057581 0.058745 0.059506 0.059964 0.060327 0.060596 0.060776 0.060049 0.059322 0.058775 0.058407 0.058039 0.052623 0.046718 0.040719 0.034624 0.027588 0.0193 0.0098791
89 0.055657 0.056901 0.058228 0.059109 0.059653 0.060039 0.060267 0.060427 0.059878 0.05933 0.058963 0.058778 0.058593 0.053148 0.047196 0.041189 0.035128 0.028028 0.019545 0.0099437
90 0.054804 0.055992 0.057553 0.058592 0.059239 0.059682 0.059922 0.060105 0.059707 0.059309 0.059129 0.059167 0.059205 0.053789 0.047846 0.041816 0.035698 0.028506 0.019883 0.010057
91 0.053691 0.055118 0.056448 0.057673 0.05882 0.059547 0.059854 0.060103 0.059763 0.059423 0.059372 0.05961 0.059848 0.05441 0.048423 0.042355 0.036207 0.028964 0.020266 0.010107
92 0.052755 0.054214 0.055565 0.056871 0.058143 0.059059 0.059619 0.060112 0.05992 0.059727 0.059795 0.060124 0.060452 0.054969 0.048925 0.042839 0.036712 0.029432 0.020619 0.010148
93 0.052039 0.053421 0.0549 0.056297 0.057633 0.058649 0.059344 0.059984 0.060057 0.060129 0.06027 0.060478 0.060686 0.055346 0.049469 0.043409 0.037166 0.029762 0.020811 0.010152
94 0.051472 0.053063 0.054569 0.055928 0.057175 0.058244 0.059133 0.059956 0.060089 0.060221 0.060433 0.060724 0.061015 0.055712 0.049868 0.043759 0.037384 0.029941 0.021074 0.010241
95 0.050777 0.052694 0.054097 0.05544 0.056738 0.057915 0.058972 0.059948 0.060096 0.060243 0.060517 0.060917 0.061318 0.055996 0.05012 0.044095 0.037919 0.030492 0.021398 0.010308
96 0.04989 0.05208 0.053396 0.054829 0.056349 0.057643 0.058711 0.059716 0.060061 0.060406 0.060772 0.061159 0.061547 0.056382 0.050681 0.044732 0.038536 0.030998 0.021675 0.010437
97 0.048938 0.051385 0.052554 0.054062 0.055824 0.057309 0.058517 0.059665 0.060189 0.060714 0.061102 0.061352 0.061603 0.056714 0.051328 0.045497 0.03922 0.031529 0.021958 0.010543
98 0.0481 0.050319 0.051608 0.053221 0.055077 0.056823 0.05846 0.05999 0.060418 0.060847 0.061221 0.061541 0.061861 0.057216 0.052091 0.046316 0.039892 0.032063 0.022366 0.01057
99 0.047267 0.049536 0.051085 0.052709 0.054389 0.05628 0.058381 0.060314 0.060509 0.060704 0.061027 0.061479 0.061931 0.057632 0.052873 0.047195 0.040596 0.032618 0.022806 0.010668
100 0.046313 0.048971 0.050746 0.052307 0.053706 0.055655 0.058155 0.060429 0.060377 0.060326 0.060689 0.061468 0.062247 0.058215 0.053719 0.048053 0.041219 0.033117 0.023328 0.01096
101 0.045416 0.048012 0.050233 0.051983 0.053378 0.055415 0.058095 0.060532 0.060446 0.060361 0.060666 0.061361 0.062056 0.058407 0.054339 0.048763 0.041679 0.033546 0.024016 0.011295
102 0.044443 0.047159 0.049698 0.051559 0.052911 0.055083 0.058076 0.060784 0.060544 0.060304 0.060558 0.061306 0.062055 0.058698 0.054945 0.049469 0.042272 0.034115 0.02468 0.01134
103 0.043157 0.0462 0.048596 0.050751 0.052724 0.055193 0.058157 0.060827 0.060466 0.060104 0.060318 0.061108 0.061898 0.059008 0.055762 0.050512 0.043257 0.034916 0.025128 0.011921
104 0.041977 0.045144 0.047585 0.050041 0.052508 0.055203 0.058126 0.060762 0.060432 0.060103 0.060273 0.060943 0.061612 0.059304 0.056707 0.051647 0.044123 0.035611 0.025782 0.012118
105 0.041458 0.044312 0.046936 0.049607 0.052312 0.055285 0.058525 0.061397 0.060463 0.059529 0.059531 0.060469 0.061407 0.059446 0.057205 0.052331 0.044823 0.036295 0.026412 0.012256
106 0.040618 0.044095 0.046576 0.049264 0.052107 0.055363 0.059031 0.062227 0.060556 0.058885 0.058645 0.059835 0.061026 0.059428 0.057559 0.052877 0.04538 0.036889 0.027072 0.012566
107 0.040303 0.043475 0.046154 0.049069 0.052163 0.05534 0.058601 0.061441 0.059938 0.058435 0.058349 0.059681 0.061012 0.059713 0.05816 0.053623 0.046105 0.037593 0.027758 0.013087
108 0.040125 0.043545 0.045554 0.048367 0.051785 0.055305 0.05893 0.062052 0.059987 0.057921 0.05769 0.059293 0.060897 0.059905 0.058663 0.054175 0.046441 0.037853 0.028125 0.013386
109 0.039343 0.04279 0.04473 0.047753 0.05159 0.05542 0.059244 0.062514 0.060052 0.05759 0.057256 0.05905 0.060844 0.060193 0.059306 0.054942 0.047099 0.038357 0.028417 0.01351
110 0.038326 0.041763 0.043839 0.04708 0.051198 0.055421 0.059751 0.063436 0.060448 0.05746 0.056841 0.058593 0.060344 0.060199 0.05987 0.055781 0.047931 0.039067 0.028853 0.013799
111 0.037782 0.041279 0.04341 0.046689 0.05083 0.055322 0.060166 0.064249 0.060474 0.056698 0.055834 0.057881 0.059928 0.060236 0.060375 0.056577 0.04884 0.039993 0.029667 0.013769
112 0.037352 0.041025 0.043343 0.046427 0.050086 0.054564 0.059862 0.064321 0.060102 0.055884 0.055033 0.057548 0.060063 0.060677 0.061107 0.057424 0.049629 0.040756 0.030449 0.014347
113 0.036836 0.040679 0.043287 0.046272 0.04954 0.054097 0.059943 0.064859 0.06017 0.05548 0.054426 0.057008 0.05959 0.060779 0.061834 0.058284 0.050129 0.041179 0.031173 0.014434
114 0.036106 0.040124 0.043061 0.046143 0.049334 0.053966 0.060039 0.065158 0.06042 0.055682 0.054557 0.057045 0.059532 0.060881 0.06212 0.058402 0.049726 0.040793 0.031518 0.015391
115 0.036195 0.039996 0.043397 0.046318 0.048878 0.053486 0.060142 0.065755 0.060589 0.055422 0.054115 0.056667 0.059219 0.060876 0.062448 0.05871 0.049662 0.040673 0.031762 0.01569
