1 0 0 0 0 0 0 0 0 0 0 0 0 0 0 0 0 0 0 0 0
2 0 0 0 0 0 0 0 0 0 0 0 0 0 0 0 0 0 0 0 0
3 0 0 0 0 0 0 0 0 0 0 0 0 0 0 0 0 0 0 0 0
4 0 0 0 0 0 0 0 0 0 0 0 0 0 0 0 0 0 0 0 0
5 0 0 0 0 0 0 0 0 0 0 0 0 0 0 0 0 0 0 0 0
6 0 0 0 0 0 0 0 0 0 0 0 0 0 0 0 0 0 0 0 0
7 0 0 0 0 0 0 0 0 0 0 0 0 0 0 0 0 0 0 0 0
8 0 0 0 0 0 0 0 0 0 0 0 0 0 0 0 0 0 0 0 0
9 0 0 0 0 0 0 0 0 0 0 0 0 0 0 0 0 0 0 0 0
10 0 0 0 0 0 0 0 0 0 0 0 0 0 0 0 0 0 0 0 0
11 0 0 0 0 0 0 0 0 0 0 0 0 0 0 0 0 0 0 0 0
12 0 0 0 0 0 0 0 0 0 0 0 0 0 0 0 0 0 0 0 0
13 0 0 0 0 0 0 0 0 0 0 0 0 0 0 0 0 0 0 0 0
14 0 0 0 0 0 0 0 0 0 0 0 0 0 0 0 0 0 0 0 0
15 0 0 0 0 0 0 0 0 0 0 0 0 0 0 0 0 0 0 0 0
16 0 0 0 0 0 0 0 0 0 0 0 0 0 0 0 0 0 0 0 0
17 0 0 0 0 0 0 0 0 0 0 0 0 0 0 0 0 0 0 0 0
18 0 0 0 0 0 0 0 0 0 0 0 0 0 0 0 0 0 0 0 0
19 0 0 0 0 0 0 0 0 0 0 0 0 0 0 0 0 0 0 0 0
20 0 0 0 0 0 0 0 0 0 0 0 0 0 0 0 0 0 0 0 0
21 0 0 0 0 0 0 0 0 0 0 0 0 0 0 0 0 0 0 0 0
22 0 0 0 0 0 0 0 0 0 0 0 0 0 0 0 0 0 0 0 0
23 0 0 0 0 0 0 0 0 0 0 0 0 0 0 0 0 0 0 0 0
24 0 0 0 0 0 0 0 0 0 0 0 0 0 0 0 0 0 0 0 0
25 0 0 0 0 0 0 0 0 0 0 0 0 0 0 0 0 0 0 0 0
26 0 0 0 0 0 0 0 0 0 0 0 0 0 0 0 0 0 0 0 0
27 0 0 0 0 0 0 0 0 0 0 0 0 0 0 0 0 0 0 0 0
28 0.043026 0.046289 0.053261 0.054927 0.052606 0.053317 0.057059 0.060138 0.056365 0.052593 0.052426 0.055865 0.059304 0.055554 0.051109 0.045937 0.040039 0.036768 0.036992 0.036426
29 0.042517 0.049948 0.055202 0.056861 0.055819 0.056631 0.059297 0.061332 0.056849 0.052367 0.05148 0.054189 0.056899 0.053331 0.049156 0.044189 0.038431 0.035226 0.03542 0.034856
30 0.058687 0.065616 0.067008 0.0668 0.06539 0.063074 0.059853 0.056691 0.054136 0.051581 0.04931 0.047323 0.045336 0.042881 0.04038 0.037679 0.034776 0.03239 0.030692 0.030398
31 0.066875 0.069561 0.068898 0.067169 0.06464 0.061762 0.058535 0.055394 0.053131 0.050868 0.04859 0.046297 0.044003 0.041638 0.039266 0.037045 0.034977 0.032607 0.029836 0.028908
32 0.070863 0.072008 0.069902 0.066965 0.063406 0.060407 0.057968 0.055525 0.053036 0.050548 0.048163 0.045882 0.043601 0.041337 0.039075 0.036815 0.034558 0.032273 0.029951 0.027716
33 0.073322 0.073747 0.069843 0.066669 0.064044 0.061362 0.058626 0.055902 0.053309 0.050716 0.04818 0.0457 0.043221 0.040809 0.038403 0.036006 0.033618 0.031215 0.028792 0.026514
34 0.07478 0.074098 0.070492 0.067325 0.064487 0.061735 0.059069 0.056402 0.05373 0.051057 0.048406 0.045778 0.043149 0.040505 0.037859 0.035242 0.032652 0.030129 0.027695 0.02541
35 0.077054 0.074071 0.071196 0.06828 0.065334 0.062403 0.059488 0.05659 0.053865 0.051139 0.048386 0.045603 0.042821 0.040021 0.037219 0.034489 0.031832 0.029233 0.026713 0.024262
36 0.078041 0.075071 0.07207 0.069064 0.066056 0.063057 0.060067 0.057079 0.054108 0.051136 0.048218 0.045353 0.042488 0.039549 0.036602 0.033767 0.031043 0.028349 0.025696 0.023186
37 0.079054 0.075894 0.072844 0.069775 0.066694 0.063614 0.060534 0.057453 0.05435 0.051247 0.048169 0.045117 0.042064 0.039091 0.036126 0.033214 0.030357 0.027531 0.024748 0.022124
38 0.080033 0.076841 0.073654 0.070454 0.067245 0.064046 0.060855 0.057667 0.054496 0.051326 0.048151 0.044971 0.04179 0.038723 0.035667 0.032654 0.029685 0.026752 0.023867 0.021121
39 0.082517 0.079358 0.075649 0.072201 0.068951 0.065663 0.062338 0.059135 0.057199 0.055264 0.049854 0.04097 0.032087 0.03322 0.035323 0.033972 0.029168 0.025382 0.022953 0.018797
40 0.084625 0.081393 0.077613 0.073995 0.070499 0.067155 0.063964 0.060742 0.05721 0.053678 0.047622 0.039042 0.030463 0.031526 0.033521 0.032643 0.028891 0.025309 0.021952 0.018158
41 0.085473 0.082648 0.078732 0.074955 0.071283 0.067849 0.064653 0.061409 0.057663 0.053917 0.047421 0.038176 0.02893 0.030179 0.032443 0.031864 0.028444 0.024942 0.021332 0.017685
42 0.085639 0.082854 0.07926 0.075673 0.072092 0.068605 0.065213 0.061791 0.058057 0.054323 0.047486 0.037545 0.027604 0.029298 0.032117 0.031731 0.028139 0.02452 0.020863 0.017191
43 0.086391 0.083066 0.079643 0.076208 0.072764 0.069255 0.065684 0.062086 0.058219 0.054353 0.047251 0.036914 0.026576 0.02866 0.031944 0.031713 0.027964 0.024205 0.02043 0.016675
44 0.08648 0.083322 0.079808 0.076303 0.072805 0.069311 0.065818 0.062295 0.058449 0.054604 0.047468 0.037044 0.026619 0.028664 0.031915 0.031597 0.027711 0.023813 0.019898 0.016077
45 0.086208 0.08281 0.079389 0.075994 0.072619 0.069205 0.065753 0.062281 0.058618 0.054956 0.048072 0.037967 0.027862 0.029372 0.032006 0.031327 0.027336 0.023348 0.019365 0.01551
46 0.085911 0.08255 0.079242 0.075875 0.072464 0.069014 0.065526 0.06203 0.058447 0.054864 0.048308 0.03878 0.029252 0.030226 0.032215 0.031173 0.027098 0.023047 0.019026 0.014953
47 0.085497 0.081992 0.078965 0.075795 0.072518 0.06911 0.065571 0.062026 0.058427 0.054827 0.048511 0.039478 0.030445 0.030915 0.032305 0.03095 0.02685 0.022743 0.018628 0.014444
48 0.085142 0.081949 0.078802 0.075569 0.07227 0.068906 0.065477 0.062031 0.058413 0.054795 0.048725 0.040202 0.03168 0.031623 0.032385 0.030713 0.026607 0.022458 0.018253 0.014003
49 0.084842 0.082043 0.07864 0.075329 0.072086 0.068757 0.065343 0.061913 0.058324 0.054735 0.048912 0.040856 0.0328 0.032305 0.032541 0.030567 0.026385 0.022161 0.01788 0.013581
50 0.084478 0.081613 0.078372 0.075194 0.072062 0.068773 0.065326 0.061863 0.058237 0.05461 0.049016 0.041455 0.033895 0.033006 0.032762 0.030502 0.026226 0.021911 0.017547 0.013153
51 0.083909 0.081257 0.078174 0.075052 0.0719 0.06865 0.065302 0.061927 0.058266 0.054605 0.049183 0.041999 0.034816 0.033587 0.032935 0.030451 0.026137 0.021757 0.017287 0.012807
52 0.083597 0.080988 0.077948 0.074865 0.071748 0.068535 0.065225 0.061884 0.058218 0.054552 0.049321 0.042526 0.035732 0.034184 0.033144 0.030424 0.026024 0.02156 0.017012 0.012512
53 0.083086 0.08054 0.077623 0.074609 0.071524 0.068363 0.065125 0.061855 0.058246 0.054636 0.049601 0.043142 0.036683 0.034796 0.033352 0.030404 0.025954 0.021426 0.016796 0.012238
54 0.082599 0.079918 0.077322 0.074434 0.071326 0.068208 0.06508 0.06191 0.058315 0.05472 0.049848 0.0437 0.037553 0.035359 0.033547 0.030385 0.025871 0.021292 0.016627 0.011986
55 0.082095 0.079466 0.076814 0.074031 0.071151 0.068146 0.065016 0.061852 0.058342 0.054832 0.050151 0.044298 0.038445 0.035955 0.033789 0.030413 0.025827 0.021187 0.016474 0.011714
56 0.081525 0.079093 0.076493 0.073771 0.070957 0.067992 0.064874 0.061729 0.058308 0.054887 0.050406 0.044866 0.039326 0.036561 0.034064 0.030489 0.025835 0.021113 0.016301 0.011407
57 0.080908 0.078599 0.076096 0.073474 0.070762 0.067882 0.064835 0.061756 0.058352 0.054949 0.050615 0.04535 0.040085 0.037096 0.034326 0.030589 0.025887 0.021088 0.01616 0.011192
58 0.080354 0.078127 0.075724 0.073191 0.07056 0.067748 0.064756 0.061729 0.058344 0.054959 0.050793 0.045844 0.040895 0.03765 0.03457 0.030667 0.02594 0.02109 0.016077 0.010981
59 0.079774 0.077648 0.075351 0.072879 0.070276 0.067537 0.064663 0.061745 0.058387 0.055029 0.051009 0.046327 0.041645 0.038194 0.034864 0.030801 0.026008 0.02108 0.015976 0.010809
60 0.079133 0.077115 0.07492 0.072559 0.070074 0.067412 0.064575 0.0617 0.05843 0.055161 0.051298 0.04684 0.042383 0.038703 0.035099 0.030888 0.026069 0.021089 0.015893 0.010659
61 0.078471 0.076564 0.074467 0.0722 0.069804 0.067235 0.064494 0.06171 0.058484 0.055259 0.051543 0.047337 0.043132 0.039234 0.035365 0.031011 0.02617 0.021145 0.015877 0.010498
62 0.077846 0.076037 0.074039 0.071881 0.069605 0.067118 0.064419 0.061681 0.058519 0.055358 0.051781 0.047788 0.043794 0.039733 0.035665 0.031169 0.026244 0.021153 0.015842 0.010327
63 0.077234 0.075464 0.073608 0.071537 0.069305 0.066889 0.064292 0.06165 0.058547 0.055444 0.052014 0.048257 0.0445 0.04027 0.035994 0.031372 0.026402 0.021236 0.015809 0.010176
64 0.076557 0.074884 0.073092 0.071123 0.06902 0.066718 0.064215 0.061665 0.058622 0.055579 0.05228 0.048726 0.045171 0.04078 0.036309 0.031564 0.026546 0.021312 0.015792 0.010045
65 0.075924 0.074296 0.072646 0.07079 0.068779 0.066559 0.064129 0.06165 0.058653 0.055657 0.052484 0.049136 0.045788 0.041258 0.036614 0.031763 0.026704 0.021411 0.015806 0.0099511
66 0.075186 0.073679 0.072174 0.070423 0.068486 0.066348 0.064011 0.061621 0.058697 0.055773 0.052738 0.049593 0.046448 0.041765 0.036932 0.031974 0.026889 0.021541 0.015842 0.0098808
67 0.074475 0.073179 0.071763 0.070059 0.068141 0.066085 0.063891 0.061636 0.058763 0.05589 0.052978 0.050027 0.047076 0.042246 0.037235 0.032175 0.027064 0.021666 0.015884 0.0097676
68 0.073793 0.072682 0.071299 0.069651 0.067804 0.065834 0.063743 0.061591 0.058802 0.056013 0.053227 0.050444 0.04766 0.042727 0.037586 0.032426 0.027245 0.021794 0.015982 0.0096971
69 0.073097 0.071847 0.070705 0.069236 0.067522 0.065666 0.063671 0.061612 0.058906 0.0562 0.05353 0.050897 0.048263 0.043219 0.037942 0.032682 0.027441 0.021917 0.016017 0.0096319
70 0.072184 0.071141 0.070143 0.068814 0.067236 0.065494 0.063587 0.061618 0.058995 0.056372 0.053818 0.051332 0.048847 0.043719 0.038336 0.03299 0.027681 0.022072 0.016063 0.009557
71 0.071515 0.070474 0.069654 0.06847 0.067011 0.06535 0.063486 0.061563 0.059021 0.056479 0.054045 0.05172 0.049394 0.044175 0.038675 0.033247 0.02789 0.022214 0.016115 0.0095033
72 0.070497 0.069913 0.0691 0.068002 0.066689 0.065126 0.063314 0.061448 0.05902 0.056592 0.054309 0.052173 0.050036 0.044717 0.039091 0.033586 0.028204 0.022459 0.01623 0.0094943
73 0.069665 0.069294 0.068593 0.067576 0.066323 0.064872 0.063224 0.061508 0.059096 0.056684 0.054502 0.052548 0.050594 0.045198 0.039469 0.033892 0.028468 0.022659 0.016337 0.009498
74 0.068841 0.068714 0.068009 0.067083 0.065991 0.064678 0.063144 0.061535 0.059153 0.056771 0.054687 0.052902 0.051116 0.045667 0.039863 0.034226 0.028758 0.022878 0.016451 0.0095339
75 0.067938 0.067752 0.067463 0.066768 0.065768 0.06454 0.063084 0.06155 0.059202 0.056855 0.054872 0.053253 0.051635 0.046139 0.040268 0.034586 0.029092 0.02314 0.016577 0.0095175
76 0.06714 0.067012 0.066813 0.06625 0.065413 0.064339 0.063026 0.061627 0.059339 0.057052 0.055148 0.053627 0.052106 0.046564 0.040632 0.034914 0.02941 0.023399 0.016713 0.0094768
77 0.06643 0.066519 0.066293 0.065805 0.06512 0.064154 0.062906 0.061573 0.059365 0.057157 0.055352 0.05395 0.052548 0.046965 0.040978 0.035228 0.029717 0.023657 0.016867 0.0094168
78 0.065724 0.065982 0.065734 0.06531 0.064754 0.063892 0.062723 0.061474 0.05939 0.057307 0.05562 0.054328 0.053037 0.047423 0.041391 0.035595 0.030036 0.023906 0.017017 0.0093595
79 0.064995 0.065484 0.065185 0.064797 0.064342 0.063614 0.062613 0.06152 0.059475 0.057429 0.055832 0.054684 0.053536 0.047844 0.041713 0.035867 0.030307 0.024144 0.017179 0.0094411
80 0.064427 0.064903 0.064565 0.064247 0.063944 0.063308 0.06234 0.061292 0.059416 0.05754 0.056084 0.055047 0.054011 0.048329 0.042199 0.036322 0.030699 0.024451 0.01737 0.0095038
81 0.063568 0.064375 0.063977 0.063745 0.063638 0.063094 0.062111 0.061066 0.059367 0.057668 0.056351 0.055418 0.054485 0.048796 0.042648 0.036747 0.031095 0.024772 0.017557 0.0095219
82 0.06277 0.063913 0.063417 0.063239 0.063299 0.062829 0.061827 0.06078 0.059267 0.057755 0.056588 0.055767 0.054946 0.049296 0.043179 0.037248 0.031505 0.025076 0.017735 0.0095651
83 0.062101 0.063151 0.062607 0.062518 0.062772 0.062517 0.061753 0.060927 0.059451 0.057974 0.05686 0.056106 0.055353 0.049749 0.043676 0.037724 0.031892 0.025361 0.017898 0.0096101
84 0.061252 0.062141 0.061688 0.061747 0.062192 0.0622 0.061772 0.061248 0.059742 0.058237 0.05715 0.056483 0.055815 0.050235 0.04418 0.038213 0.032334 0.025707 0.018084 0.0095804
85 0.06047 0.061081 0.061002 0.061174 0.061534 0.061683 0.06162 0.061433 0.05997 0.058507 0.057496 0.056939 0.056382 0.050765 0.044658 0.038653 0.032748 0.026048 0.018289 0.0095475
86 0.059329 0.060068 0.060479 0.060831 0.06114 0.06135 0.06146 0.061445 0.060148 0.05885 0.057908 0.057321 0.056734 0.051146 0.045074 0.039069 0.033133 0.026374 0.018521 0.0096207
87 0.058461 0.059409 0.059954 0.060386 0.060734 0.061025 0.061256 0.061367 0.060232 0.059096 0.058233 0.057645 0.057056 0.051524 0.045515 0.039507 0.033502 0.026672 0.018743 0.0096836
88 0.057666 0.058734 0.05952 0.060082 0.060475 0.060787 0.061018 0.061143 0.06018 0.059217 0.058474 0.05795 0.057427 0.051929 0.04595 0.039928 0.033863 0.026961 0.018944 0.0097521
89 0.057011 0.058022 0.059025 0.059745 0.060253 0.060615 0.06083 0.060952 0.060108 0.059265 0.058612 0.058151 0.05769 0.052308 0.04645 0.040443 0.034285 0.027276 0.019132 0.0098258
90 0.056244 0.057469 0.058652 0.059433 0.059912 0.060273 0.060517 0.06068 0.060008 0.059336 0.058831 0.058492 0.058154 0.052722 0.046797 0.040803 0.03474 0.027697 0.019352 0.0098877
91 0.05549 0.056677 0.058077 0.058997 0.059556 0.059948 0.060172 0.060331 0.059822 0.059314 0.058999 0.058876 0.058754 0.053308 0.047346 0.041333 0.035268 0.028145 0.019614 0.0099722
92 0.054528 0.055722 0.057289 0.058405 0.059183 0.059673 0.059875 0.060029 0.059682 0.059336 0.059198 0.059269 0.059339 0.053943 0.048018 0.041984 0.035841 0.028627 0.019986 0.010072
93 0.053379 0.054912 0.056234 0.057477 0.058659 0.059432 0.059798 0.060104 0.0598 0.059495 0.059483 0.059764 0.060045 0.054567 0.048532 0.042449 0.036318 0.029078 0.02036 0.010115
94 0.052521 0.053942 0.055396 0.056754 0.05804 0.058973 0.059554 0.060074 0.059956 0.059839 0.059924 0.060211 0.060498 0.05506 0.049069 0.042998 0.036848 0.029532 0.020665 0.010146
95 0.051898 0.05328 0.054811 0.05622 0.057536 0.058556 0.059279 0.059949 0.060067 0.060185 0.060348 0.060557 0.060766 0.055438 0.049574 0.043498 0.037208 0.029792 0.020876 0.010163
96 0.051315 0.053001 0.054473 0.055806 0.057035 0.05813 0.05909 0.059976 0.060096 0.060216 0.060437 0.060759 0.061081 0.055779 0.049934 0.043849 0.037524 0.030083 0.021157 0.010259
97 0.050602 0.052579 0.053949 0.05529 0.056611 0.057816 0.058907 0.059915 0.060068 0.060221 0.060521 0.060969 0.061417 0.056117 0.050262 0.044251 0.038083 0.030632 0.021475 0.010316
98 0.049659 0.051929 0.053203 0.054659 0.056253 0.057593 0.058679 0.059703 0.060093 0.060483 0.060847 0.061186 0.061524 0.056433 0.050816 0.044903 0.038695 0.031124 0.021738 0.010482
99 0.04878 0.051153 0.052275 0.053793 0.055607 0.057184 0.058523 0.059787 0.060282 0.060777 0.061159 0.061427 0.061695 0.056839 0.051489 0.045667 0.039373 0.031646 0.022009 0.010535
100 0.047921 0.050148 0.051476 0.053085 0.054904 0.056688 0.058438 0.060068 0.06045 0.060832 0.061192 0.061531 0.06187 0.057309 0.052274 0.04652 0.040047 0.032188 0.022484 0.010575
101 0.047048 0.049393 0.051014 0.052619 0.054212 0.056119 0.05834 0.060374 0.060476 0.060578 0.060906 0.061459 0.062012 0.057782 0.053089 0.04742 0.040774 0.032753 0.022901 0.010731
102 0.04602 0.048792 0.050657 0.052254 0.053649 0.055604 0.058118 0.060407 0.060369 0.060332 0.060691 0.061446 0.062201 0.058267 0.05388 0.048233 0.041324 0.033212 0.023496 0.011048
103 0.045195 0.047721 0.050116 0.051933 0.053315 0.055367 0.05809 0.060563 0.060468 0.060373 0.060669 0.061356 0.062043 0.058466 0.054477 0.048913 0.041775 0.033647 0.024201 0.011311
104 0.044136 0.046934 0.049467 0.051381 0.052831 0.05507 0.058099 0.060836 0.060549 0.060262 0.060494 0.061243 0.061993 0.058757 0.055135 0.049723 0.042521 0.034317 0.02478 0.011471
105 0.042818 0.045951 0.048288 0.050526 0.052689 0.05523 0.05815 0.060781 0.060427 0.060073 0.060281 0.061049 0.061817 0.059094 0.056032 0.050835 0.043503 0.035111 0.025309 0.012033
106 0.041889 0.044897 0.047328 0.049843 0.052421 0.055216 0.058228 0.060938 0.060524 0.060111 0.060217 0.06084 0.061464 0.059276 0.056817 0.051826 0.044303 0.035785 0.025942 0.012136
107 0.041295 0.044313 0.046889 0.04955 0.052274 0.05532 0.058688 0.061653 0.06046 0.059267 0.059202 0.060263 0.061325 0.059455 0.057301 0.052471 0.044967 0.036446 0.026574 0.012287
108 0.040594 0.043994 0.046504 0.049236 0.052134 0.055374 0.058957 0.062077 0.060408 0.058739 0.058512 0.059726 0.060941 0.059448 0.057693 0.053065 0.045564 0.037075 0.027271 0.012689
109 0.040282 0.043555 0.046091 0.048982 0.052139 0.055367 0.058666 0.061534 0.059929 0.058325 0.058197 0.059545 0.060894 0.059663 0.058183 0.053691 0.046186 0.037688 0.027868 0.013215
110 0.040034 0.043479 0.045416 0.048256 0.051775 0.055368 0.059036 0.062188 0.060016 0.057843 0.057578 0.05922 0.060863 0.059959 0.058808 0.054309 0.046464 0.037837 0.028169 0.013383
111 0.039079 0.042533 0.044493 0.047583 0.051521 0.055427 0.059302 0.062612 0.060085 0.057558 0.057195 0.058994 0.060793 0.060247 0.059473 0.055166 0.047326 0.038535 0.028478 0.013601
112 0.038123 0.041526 0.043639 0.046935 0.05112 0.055472 0.059992 0.063826 0.060576 0.057326 0.056583 0.058345 0.060108 0.060144 0.060014 0.056019 0.048159 0.03928 0.029042 0.01377
113 0.037712 0.041252 0.043446 0.046685 0.050709 0.055173 0.060077 0.064208 0.060344 0.05648 0.055638 0.057817 0.059997 0.060311 0.060444 0.056681 0.04902 0.040211 0.029874 0.01392
114 0.037272 0.040986 0.043326 0.046336 0.049847 0.054359 0.059869 0.064505 0.060105 0.055705 0.054799 0.057387 0.059975 0.060749 0.061348 0.057701 0.049808 0.040901 0.030642 0.014378
115 0.036748 0.040617 0.043335 0.046308 0.049474 0.054039 0.060003 0.065017 0.060212 0.055406 0.054303 0.0569 0.059498 0.060778 0.06193 0.05836 0.050066 0.041119 0.0313 0.014585
