1 0 0 0 0 0 0 0 0 0 0 0 0 0 0 0 0 0 0 0 0
2 0 0 0 0 0 0 0 0 0 0 0 0 0 0 0 0 0 0 0 0
3 0 0 0 0 0 0 0 0 0 0 0 0 0 0 0 0 0 0 0 0
4 0 0 0 0 0 0 0 0 0 0 0 0 0 0 0 0 0 0 0 0
5 0 0 0 0 0 0 0 0 0 0 0 0 0 0 0 0 0 0 0 0
6 0 0 0 0 0 0 0 0 0 0 0 0 0 0 0 0 0 0 0 0
7 0 0 0 0 0 0 0 0 0 0 0 0 0 0 0 0 0 0 0 0
8 0 0 0 0 0 0 0 0 0 0 0 0 0 0 0 0 0 0 0 0
9 0 0 0 0 0 0 0 0 0 0 0 0 0 0 0 0 0 0 0 0
10 0 0 0 0 0 0 0 0 0 0 0 0 0 0 0 0 0 0 0 0
11 0 0 0 0 0 0 0 0 0 0 0 0 0 0 0 0 0 0 0 0
12 0 0 0 0 0 0 0 0 0 0 0 0 0 0 0 0 0 0 0 0
13 0 0 0 0 0 0 0 0 0 0 0 0 0 0 0 0 0 0 0 0
14 0 0 0 0 0 0 0 0 0 0 0 0 0 0 0 0 0 0 0 0
15 0 0 0 0 0 0 0 0 0 0 0 0 0 0 0 0 0 0 0 0
16 0 0 0 0 0 0 0 0 0 0 0 0 0 0 0 0 0 0 0 0
17 0 0 0 0 0 0 0 0 0 0 0 0 0 0 0 0 0 0 0 0
18 0 0 0 0 0 0 0 0 0 0 0 0 0 0 0 0 0 0 0 0
19 0 0 0 0 0 0 0 0 0 0 0 0 0 0 0 0 0 0 0 0
20 0 0 0 0 0 0 0 0 0 0 0 0 0 0 0 0 0 0 0 0
21 0 0 0 0 0 0 0 0 0 0 0 0 0 0 0 0 0 0 0 0
22 0 0 0 0 0 0 0 0 0 0 0 0 0 0 0 0 0 0 0 0
23 0 0 0 0 0 0 0 0 0 0 0 0 0 0 0 0 0 0 0 0
24 0 0 0 0 0 0 0 0 0 0 0 0 0 0 0 0 0 0 0 0
25 0 0 0 0 0 0 0 0 0 0 0 0 0 0 0 0 0 0 0 0
26 0.043245 0.046498 0.05347 0.055114 0.052756 0.053436 0.057153 0.060207 0.056402 0.052596 0.052396 0.055801 0.059206 0.055435 0.05097 0.045788 0.039887 0.036605 0.036808 0.036225
27 0.04953 0.058166 0.061832 0.063631 0.064026 0.063102 0.060859 0.058444 0.054256 0.050068 0.048523 0.049621 0.050719 0.047825 0.044544 0.040551 0.035847 0.033066 0.032847 0.032543
28 0.061524 0.066587 0.067398 0.066977 0.065631 0.063337 0.060094 0.056896 0.054154 0.051413 0.048838 0.046429 0.044019 0.041818 0.039637 0.037427 0.035188 0.032788 0.030172 0.029674
29 0.068471 0.071133 0.069613 0.067041 0.063678 0.060651 0.05796 0.055313 0.053126 0.050939 0.048552 0.045967 0.043381 0.041267 0.039198 0.037119 0.03503 0.032756 0.030237 0.028568
30 0.072354 0.073316 0.06995 0.066762 0.063707 0.060837 0.058154 0.055484 0.052962 0.050441 0.048005 0.045656 0.043306 0.041032 0.038765 0.036482 0.034185 0.031827 0.029388 0.027387
31 0.073158 0.073829 0.070222 0.067092 0.06432 0.061573 0.05885 0.056137 0.053534 0.050931 0.048352 0.045799 0.043246 0.040693 0.03814 0.035646 0.033209 0.030787 0.028382 0.026101
32 0.076241 0.074134 0.07086 0.067738 0.064732 0.061868 0.059148 0.05643 0.053741 0.051052 0.048354 0.045647 0.04294 0.040275 0.037614 0.034964 0.032325 0.029748 0.027252 0.024937
33 0.077447 0.074542 0.071579 0.068593 0.06559 0.062628 0.059708 0.056796 0.053962 0.051127 0.048301 0.045481 0.042662 0.039813 0.036961 0.034204 0.031541 0.028909 0.026318 0.023838
34 0.07847 0.075494 0.07243 0.069381 0.066345 0.063313 0.060285 0.057254 0.054196 0.051137 0.048137 0.045193 0.04225 0.039329 0.036411 0.033556 0.030765 0.02801 0.025303 0.022742
35 0.079388 0.076212 0.073112 0.069993 0.066861 0.063748 0.060654 0.057557 0.05443 0.051304 0.048186 0.045076 0.041966 0.038963 0.035971 0.033018 0.030105 0.027242 0.024444 0.021772
36 0.080342 0.077105 0.073893 0.070673 0.067447 0.064204 0.060946 0.057694 0.054517 0.051339 0.04815 0.044947 0.041745 0.038644 0.035553 0.032491 0.029459 0.026482 0.023577 0.020791
37 0.081137 0.077826 0.074522 0.07121 0.067892 0.064576 0.061261 0.057951 0.054703 0.051455 0.048179 0.044876 0.041573 0.038366 0.035169 0.031998 0.028854 0.025769 0.022764 0.019919
38 0.081769 0.078388 0.075013 0.071642 0.068275 0.064916 0.061565 0.058213 0.054858 0.051503 0.048158 0.044822 0.041486 0.038179 0.034875 0.031604 0.028368 0.025183 0.022067 0.019115
39 0.085748 0.08286 0.07903 0.075276 0.071578 0.06811 0.06487 0.061581 0.057785 0.053988 0.047351 0.037873 0.028395 0.02981 0.032278 0.031776 0.028303 0.02476 0.021124 0.017504
40 0.08581 0.082923 0.079564 0.075992 0.072261 0.068703 0.065317 0.0619 0.058157 0.054413 0.047472 0.037334 0.027196 0.029036 0.032034 0.031707 0.028055 0.024395 0.020724 0.017007
41 0.086423 0.083294 0.07972 0.076303 0.073003 0.069519 0.065853 0.062168 0.058295 0.054422 0.047238 0.036743 0.026248 0.028458 0.031897 0.031711 0.027901 0.024084 0.020259 0.016459
42 0.086376 0.083304 0.079677 0.076119 0.072612 0.069151 0.065736 0.062295 0.058576 0.054858 0.047813 0.037441 0.027068 0.028899 0.03191 0.031462 0.027555 0.023626 0.019669 0.015853
43 0.086034 0.082617 0.079328 0.075997 0.072635 0.069189 0.06566 0.062125 0.058534 0.054943 0.048192 0.038282 0.028371 0.0297 0.032115 0.031298 0.027248 0.023222 0.019229 0.015281
44 0.085768 0.082307 0.079161 0.075854 0.072425 0.068994 0.065562 0.062113 0.058497 0.054881 0.0484 0.039052 0.029705 0.030478 0.032231 0.031065 0.026982 0.022913 0.018863 0.014748
45 0.085437 0.082171 0.078968 0.075711 0.072412 0.06902 0.065535 0.062037 0.058408 0.054779 0.048536 0.039679 0.030822 0.031128 0.03232 0.030868 0.026771 0.022645 0.018483 0.014272
46 0.085027 0.081966 0.078846 0.075585 0.072218 0.068834 0.065433 0.062011 0.058386 0.05476 0.048773 0.040424 0.032076 0.031852 0.032413 0.03063 0.026502 0.022328 0.018094 0.013842
47 0.08466 0.081927 0.078607 0.075316 0.072048 0.068716 0.065321 0.061906 0.058295 0.054684 0.048952 0.041097 0.033242 0.032578 0.03261 0.030518 0.026303 0.022048 0.01774 0.013432
48 0.08426 0.081567 0.078356 0.075194 0.072068 0.068773 0.06531 0.061832 0.058203 0.054573 0.049052 0.041637 0.034223 0.033209 0.032813 0.030469 0.026177 0.02184 0.01744 0.013004
49 0.083809 0.081176 0.078081 0.074967 0.071841 0.068614 0.065288 0.06193 0.058252 0.054574 0.049221 0.042193 0.035164 0.03381 0.033005 0.030428 0.026079 0.021673 0.017191 0.012702
50 0.083473 0.080908 0.077843 0.074748 0.071629 0.068436 0.065169 0.06187 0.058234 0.054598 0.049437 0.04275 0.036063 0.034399 0.033221 0.030417 0.025989 0.021496 0.016918 0.012403
51 0.082912 0.080329 0.077529 0.074555 0.071449 0.0683 0.065109 0.061881 0.058267 0.054653 0.049676 0.043335 0.036994 0.035 0.033426 0.030403 0.025929 0.02138 0.01673 0.012144
52 0.08241 0.079721 0.077103 0.074268 0.071269 0.068205 0.065073 0.061904 0.058336 0.054768 0.049966 0.043928 0.03789 0.035582 0.033634 0.03039 0.025849 0.02125 0.016574 0.011881
53 0.081895 0.079313 0.076679 0.073931 0.071097 0.068108 0.064965 0.061793 0.05833 0.054867 0.050261 0.044514 0.038766 0.036174 0.033886 0.030437 0.025825 0.021155 0.016407 0.011595
54 0.081291 0.078893 0.076328 0.073652 0.07089 0.067959 0.064857 0.06173 0.058336 0.054942 0.050515 0.045055 0.039594 0.036752 0.034164 0.03053 0.025852 0.021097 0.01624 0.011321
55 0.080683 0.078423 0.075968 0.073384 0.070704 0.067842 0.064797 0.061723 0.058347 0.054972 0.050704 0.045543 0.040382 0.037293 0.034403 0.030607 0.025904 0.021088 0.016123 0.011111
56 0.08014 0.077993 0.075637 0.073111 0.070458 0.067657 0.064707 0.06172 0.058348 0.054975 0.050864 0.046016 0.041168 0.037845 0.03467 0.030708 0.025959 0.021081 0.016032 0.01091
57 0.079587 0.077515 0.075251 0.072792 0.070187 0.067462 0.064618 0.061731 0.058404 0.055077 0.05111 0.046503 0.041895 0.038359 0.034927 0.030811 0.026012 0.02107 0.015935 0.010752
58 0.078933 0.076941 0.074774 0.072434 0.069964 0.067333 0.064542 0.061709 0.058451 0.055193 0.051382 0.047017 0.042652 0.03889 0.035185 0.03092 0.026094 0.021098 0.015877 0.010611
59 0.078265 0.076389 0.074299 0.072064 0.069718 0.067197 0.0645 0.061756 0.058522 0.055288 0.051608 0.047483 0.043357 0.039402 0.035463 0.031058 0.026186 0.021143 0.015872 0.010432
60 0.077644 0.075823 0.073869 0.071758 0.069529 0.067074 0.064392 0.061668 0.058523 0.055378 0.051852 0.047944 0.044036 0.039919 0.035781 0.031239 0.026292 0.021175 0.015833 0.01027
61 0.077021 0.075253 0.073405 0.071368 0.069188 0.066821 0.064268 0.061667 0.058578 0.055489 0.052101 0.048415 0.04473 0.040455 0.036123 0.03146 0.026467 0.021269 0.015799 0.010123
62 0.076292 0.074662 0.072919 0.071001 0.068952 0.066683 0.064193 0.061657 0.058635 0.055613 0.052361 0.048878 0.045395 0.040954 0.03642 0.031636 0.026601 0.021345 0.015793 0.010007
63 0.075648 0.074093 0.072458 0.070635 0.068672 0.066487 0.064081 0.061626 0.058662 0.055697 0.052579 0.049308 0.046037 0.041453 0.03674 0.031848 0.026776 0.021459 0.015818 0.0099222
64 0.074945 0.073472 0.072034 0.07031 0.068372 0.066254 0.063956 0.061606 0.058715 0.055824 0.05284 0.049763 0.046686 0.041938 0.037029 0.032033 0.026951 0.021587 0.015848 0.0098343
65 0.074207 0.072981 0.071588 0.069908 0.068012 0.065987 0.063832 0.061617 0.058776 0.055936 0.053074 0.050192 0.047309 0.042435 0.037369 0.032268 0.027133 0.021715 0.01592 0.0097398
66 0.073539 0.072347 0.071081 0.069508 0.067703 0.065772 0.063715 0.061596 0.058842 0.056088 0.053347 0.050618 0.04789 0.042911 0.037714 0.032515 0.027312 0.021835 0.015992 0.0096722
67 0.072821 0.071572 0.07047 0.069053 0.0674 0.065598 0.063644 0.061627 0.058945 0.056264 0.053637 0.051065 0.048493 0.043409 0.038082 0.032787 0.027523 0.02197 0.016031 0.0096094
68 0.071863 0.07088 0.06999 0.068717 0.067156 0.065432 0.063547 0.061599 0.05901 0.056421 0.053913 0.051488 0.049063 0.043895 0.038462 0.033082 0.027754 0.022121 0.01608 0.0095271
69 0.071082 0.070256 0.069425 0.068287 0.066918 0.065306 0.063451 0.061538 0.059033 0.056527 0.054145 0.051887 0.049629 0.044372 0.038826 0.033368 0.028 0.022298 0.016152 0.0094996
70 0.070113 0.069695 0.068884 0.067808 0.066533 0.065025 0.063282 0.06148 0.059056 0.056632 0.054392 0.052334 0.050276 0.044921 0.039246 0.033709 0.02831 0.02254 0.016274 0.0094908
71 0.06939 0.069067 0.068356 0.067364 0.066161 0.064768 0.063187 0.061533 0.059134 0.056734 0.054587 0.052692 0.050797 0.045378 0.039619 0.034018 0.028575 0.02274 0.016383 0.009517
72 0.068467 0.068401 0.067816 0.06696 0.065899 0.064618 0.063116 0.061538 0.05917 0.056802 0.054757 0.053036 0.051314 0.045848 0.04002 0.034363 0.028878 0.022969 0.016497 0.0095301
73 0.06762 0.06748 0.067226 0.06658 0.065639 0.064467 0.063064 0.06158 0.05925 0.056921 0.054967 0.05339 0.051813 0.0463 0.040407 0.034713 0.029216 0.02324 0.016624 0.0095019
74 0.066845 0.066834 0.066623 0.066081 0.065292 0.064253 0.062966 0.061594 0.059346 0.057099 0.055236 0.053758 0.052281 0.04672 0.040765 0.035036 0.029532 0.023503 0.016776 0.0094599
75 0.066241 0.066299 0.06607 0.06561 0.064975 0.064055 0.062848 0.061557 0.059377 0.057198 0.055431 0.054077 0.052722 0.047131 0.041131 0.035367 0.02984 0.023753 0.016922 0.0093967
76 0.065368 0.06579 0.065517 0.06511 0.064602 0.063796 0.062692 0.061504 0.059446 0.057387 0.055732 0.054479 0.053226 0.04758 0.04151 0.035694 0.030133 0.023991 0.017077 0.0093658
77 0.064819 0.065255 0.064952 0.06458 0.064158 0.063473 0.062526 0.061485 0.059476 0.057467 0.055911 0.05481 0.053709 0.04802 0.041888 0.036031 0.030449 0.024256 0.017248 0.0094856
78 0.064054 0.064668 0.064373 0.064098 0.063838 0.063219 0.062242 0.061191 0.059391 0.057591 0.056191 0.055191 0.054191 0.04851 0.042376 0.036489 0.030851 0.024573 0.017445 0.0095181
79 0.063294 0.064185 0.063761 0.063565 0.063539 0.063006 0.061968 0.060881 0.059285 0.05769 0.05645 0.055567 0.054683 0.049001 0.042855 0.036941 0.031261 0.024901 0.017636 0.0095307
80 0.062393 0.063663 0.063125 0.062972 0.063109 0.062713 0.061782 0.060803 0.059319 0.057834 0.056697 0.055907 0.055117 0.049485 0.043383 0.037443 0.031663 0.025191 0.017801 0.0095995
81 0.061788 0.0628 0.062287 0.062239 0.062542 0.062375 0.061739 0.061029 0.059553 0.058078 0.056976 0.056248 0.05552 0.049931 0.043872 0.037913 0.032053 0.025484 0.017968 0.0096048
82 0.060933 0.061689 0.061344 0.061496 0.062021 0.062111 0.061767 0.06132 0.059813 0.058306 0.057249 0.056642 0.056035 0.050445 0.044372 0.038391 0.032502 0.025842 0.018157 0.0095658
83 0.060073 0.060713 0.060818 0.06103 0.061322 0.061492 0.061538 0.061455 0.06004 0.058624 0.057642 0.057091 0.056541 0.050927 0.044822 0.038815 0.032905 0.026185 0.018384 0.0095815
84 0.058927 0.059737 0.060247 0.060653 0.060983 0.061232 0.061399 0.061443 0.060207 0.058971 0.058056 0.057462 0.056867 0.051298 0.045249 0.039242 0.033278 0.026491 0.01861 0.0096489
85 0.058124 0.059138 0.059743 0.060229 0.060624 0.060934 0.061158 0.06127 0.060212 0.059154 0.058345 0.057784 0.057224 0.0517 0.045696 0.039679 0.03365 0.026791 0.01883 0.009715
86 0.057403 0.058464 0.05933 0.059958 0.060406 0.060734 0.060941 0.06105 0.060144 0.059238 0.058534 0.058033 0.057532 0.052076 0.04614 0.040122 0.03402 0.027078 0.019018 0.0097802
87 0.056731 0.057721 0.05886 0.059623 0.060104 0.060471 0.060723 0.060883 0.060088 0.059293 0.058691 0.05828 0.05787 0.052475 0.046597 0.040595 0.034467 0.027442 0.019224 0.0098619
88 0.055886 0.057203 0.058444 0.05927 0.059784 0.060158 0.060391 0.060551 0.059947 0.059344 0.058909 0.058643 0.058376 0.052935 0.046993 0.040995 0.034941 0.027872 0.01945 0.0099086
89 0.055155 0.056323 0.057817 0.058791 0.059372 0.05979 0.060045 0.060236 0.059765 0.059294 0.059047 0.059025 0.059003 0.053564 0.047602 0.041579 0.035495 0.028334 0.019738 0.010022
90 0.054088 0.055392 0.056838 0.058022 0.059009 0.059629 0.059883 0.060082 0.059725 0.059367 0.059265 0.059417 0.059569 0.05418 0.048255 0.042209 0.036042 0.028802 0.020133 0.010095
91 0.053023 0.054545 0.055868 0.057145 0.058387 0.05924 0.059706 0.060108 0.059857 0.059606 0.059651 0.05999 0.060329 0.054804 0.048712 0.042612 0.036504 0.029263 0.020512 0.010139
92 0.052234 0.053628 0.055128 0.056521 0.057835 0.058809 0.059445 0.060023 0.060008 0.059993 0.060101 0.060334 0.060567 0.055199 0.049288 0.043241 0.037058 0.02969 0.020745 0.010153
93 0.051664 0.05313 0.054687 0.056088 0.057372 0.058403 0.059179 0.059901 0.06006 0.060218 0.060417 0.060655 0.060893 0.055588 0.049747 0.043649 0.037292 0.029858 0.020987 0.01021
94 0.050999 0.052835 0.054277 0.055619 0.056886 0.058024 0.059034 0.059967 0.060105 0.060242 0.060484 0.06083 0.061176 0.05588 0.050037 0.04399 0.037737 0.0303 0.021288 0.01029
95 0.050211 0.052291 0.053652 0.055049 0.056473 0.05772 0.058791 0.059791 0.060049 0.060308 0.060655 0.061089 0.061524 0.056283 0.050494 0.044508 0.038324 0.030828 0.021585 0.010374
96 0.049244 0.051647 0.052869 0.054358 0.056048 0.057462 0.0586 0.05968 0.060144 0.060609 0.060979 0.061254 0.06153 0.056559 0.051081 0.04522 0.038976 0.031343 0.021861 0.010536
97 0.048441 0.050711 0.05182 0.05338 0.055278 0.056984 0.058497 0.059917 0.060379 0.06084 0.06122 0.061519 0.061818 0.057065 0.051822 0.046021 0.039662 0.031878 0.022197 0.010552
98 0.047578 0.049822 0.051219 0.052831 0.054604 0.056461 0.058402 0.0602 0.060509 0.060818 0.061161 0.061536 0.061911 0.057481 0.052586 0.046871 0.040335 0.032418 0.022664 0.010594
99 0.04668 0.049186 0.050876 0.05244 0.053909 0.055843 0.058241 0.060427 0.060413 0.060399 0.060748 0.061459 0.06217 0.058042 0.053447 0.047781 0.041044 0.032963 0.023092 0.010842
100 0.045692 0.048381 0.050427 0.052103 0.053501 0.055498 0.058093 0.060455 0.060401 0.060347 0.060685 0.061415 0.062145 0.058359 0.054137 0.048522 0.041513 0.033382 0.023759 0.011185
101 0.044806 0.047406 0.049907 0.051762 0.053132 0.055238 0.058077 0.060654 0.060511 0.060368 0.060657 0.061378 0.062099 0.058603 0.0547 0.049142 0.04193 0.033809 0.024478 0.011344
102 0.043592 0.046518 0.049003 0.051048 0.052765 0.055131 0.058145 0.060863 0.060528 0.060193 0.060412 0.061186 0.061959 0.058889 0.055447 0.050122 0.042912 0.03464 0.024951 0.011695
103 0.042164 0.045482 0.047934 0.050311 0.052632 0.055215 0.058058 0.060627 0.060366 0.060105 0.060337 0.06106 0.061783 0.059265 0.056433 0.051298 0.043861 0.0354 0.025577 0.012093
104 0.041664 0.044452 0.047035 0.049672 0.05235 0.055247 0.058365 0.06115 0.060499 0.059849 0.059912 0.060689 0.061465 0.059397 0.057053 0.052121 0.044601 0.036072 0.0262 0.012208
105 0.040927 0.04421 0.046721 0.049384 0.052159 0.055321 0.058869 0.061975 0.060506 0.059037 0.058882 0.06004 0.061198 0.059467 0.057457 0.052701 0.045198 0.036688 0.026838 0.012421
106 0.040447 0.043729 0.04629 0.049098 0.052091 0.055317 0.058774 0.061785 0.060168 0.058551 0.058394 0.059698 0.061001 0.059616 0.057971 0.053392 0.045877 0.03737 0.027542 0.01289
107 0.040225 0.043573 0.04582 0.048641 0.051895 0.055282 0.058804 0.061848 0.059959 0.05807 0.057877 0.059381 0.060885 0.05978 0.058421 0.053948 0.046359 0.037826 0.028035 0.013372
108 0.039687 0.043127 0.045069 0.048004 0.051686 0.055403 0.059155 0.06237 0.060039 0.057708 0.057408 0.059138 0.060868 0.060083 0.059056 0.05462 0.046775 0.038096 0.028309 0.0134
109 0.038633 0.042114 0.04414 0.047311 0.051342 0.055401 0.059489 0.062976 0.060245 0.057513 0.057048 0.058849 0.06065 0.060281 0.059702 0.055491 0.04765 0.038803 0.028616 0.013746
110 0.037864 0.041302 0.043349 0.046673 0.050957 0.055479 0.060237 0.06426 0.060685 0.05711 0.05622 0.058017 0.059813 0.06009 0.06022 0.056373 0.04855 0.039667 0.029373 0.013762
111 0.037488 0.041108 0.043395 0.046572 0.050416 0.054851 0.059877 0.064109 0.060148 0.056186 0.055382 0.057735 0.060087 0.060524 0.060776 0.057062 0.049383 0.040555 0.030197 0.014148
112 0.037 0.040791 0.043256 0.046253 0.04965 0.054192 0.059878 0.064662 0.060119 0.055575 0.054598 0.057186 0.059775 0.060796 0.061665 0.058087 0.050063 0.041113 0.030929 0.014412
113 0.036421 0.040325 0.043218 0.046255 0.049402 0.053986 0.060006 0.065069 0.060234 0.055398 0.054306 0.056959 0.059613 0.060905 0.062066 0.05841 0.049937 0.041008 0.031471 0.015012
114 0.036125 0.039981 0.043106 0.046101 0.048999 0.053656 0.060071 0.065492 0.060625 0.055758 0.054512 0.056885 0.059258 0.060827 0.062317 0.058599 0.049675 0.040699 0.031654 0.015661
115 0.036094 0.040668 0.044094 0.046635 0.048513 0.053016 0.060145 0.066141 0.060424 0.054706 0.053312 0.056241 0.059171 0.060879 0.062469 0.058784 0.049824 0.040882 0.031962 0.01604
