1 0 0 0 0 0 0 0 0 0 0 0 0 0 0 0 0 0 0 0 0
2 0 0 0 0 0 0 0 0 0 0 0 0 0 0 0 0 0 0 0 0
3 0 0 0 0 0 0 0 0 0 0 0 0 0 0 0 0 0 0 0 0
4 0 0 0 0 0 0 0 0 0 0 0 0 0 0 0 0 0 0 0 0
5 0 0 0 0 0 0 0 0 0 0 0 0 0 0 0 0 0 0 0 0
6 0 0 0 0 0 0 0 0 0 0 0 0 0 0 0 0 0 0 0 0
7 0 0 0 0 0 0 0 0 0 0 0 0 0 0 0 0 0 0 0 0
8 0 0 0 0 0 0 0 0 0 0 0 0 0 0 0 0 0 0 0 0
9 0 0 0 0 0 0 0 0 0 0 0 0 0 0 0 0 0 0 0 0
10 0 0 0 0 0 0 0 0 0 0 0 0 0 0 0 0 0 0 0 0
11 0 0 0 0 0 0 0 0 0 0 0 0 0 0 0 0 0 0 0 0
12 0 0 0 0 0 0 0 0 0 0 0 0 0 0 0 0 0 0 0 0
13 0 0 0 0 0 0 0 0 0 0 0 0 0 0 0 0 0 0 0 0
14 0 0 0 0 0 0 0 0 0 0 0 0 0 0 0 0 0 0 0 0
15 0 0 0 0 0 0 0 0 0 0 0 0 0 0 0 0 0 0 0 0
16 0 0 0 0 0 0 0 0 0 0 0 0 0 0 0 0 0 0 0 0
17 0 0 0 0 0 0 0 0 0 0 0 0 0 0 0 0 0 0 0 0
18 0 0 0 0 0 0 0 0 0 0 0 0 0 0 0 0 0 0 0 0
19 0 0 0 0 0 0 0 0 0 0 0 0 0 0 0 0 0 0 0 0
20 0 0 0 0 0 0 0 0 0 0 0 0 0 0 0 0 0 0 0 0
21 0 0 0 0 0 0 0 0 0 0 0 0 0 0 0 0 0 0 0 0
22 0 0 0 0 0 0 0 0 0 0 0 0 0 0 0 0 0 0 0 0
23 0 0 0 0 0 0 0 0 0 0 0 0 0 0 0 0 0 0 0 0
24 0.043282 0.046533 0.053505 0.055146 0.052781 0.053456 0.057169 0.060219 0.056408 0.052597 0.052391 0.05579 0.05919 0.055415 0.050947 0.045763 0.039862 0.036578 0.036777 0.036191
25 0.05356 0.060976 0.064044 0.065301 0.065196 0.063596 0.060502 0.057397 0.054193 0.050989 0.049177 0.048759 0.04834 0.045579 0.04259 0.039048 0.034952 0.032348 0.031728 0.031725
26 0.063811 0.068454 0.067789 0.066724 0.065359 0.062981 0.059591 0.056275 0.053726 0.051177 0.048682 0.04624 0.043798 0.041618 0.039464 0.037283 0.035075 0.032642 0.02991 0.0294
27 0.068885 0.071223 0.069991 0.067369 0.063705 0.060557 0.057926 0.05532 0.052966 0.050612 0.048258 0.045901 0.043545 0.041357 0.039186 0.037029 0.034889 0.032681 0.030384 0.028215
28 0.072625 0.073824 0.070001 0.066656 0.06367 0.06087 0.058255 0.055646 0.053102 0.050558 0.048085 0.045684 0.043283 0.040968 0.03866 0.036339 0.034003 0.031602 0.029113 0.027056
29 0.073644 0.073701 0.069992 0.066932 0.06436 0.061724 0.059025 0.056331 0.0537 0.05107 0.048441 0.045815 0.043189 0.040632 0.038081 0.035552 0.033043 0.0306 0.028244 0.025923
30 0.076805 0.074002 0.070859 0.067835 0.0649 0.062034 0.059236 0.056448 0.053766 0.051084 0.048384 0.045666 0.042949 0.040218 0.037485 0.034803 0.032171 0.029586 0.027063 0.024705
31 0.077638 0.07476 0.071772 0.068775 0.06577 0.062792 0.059841 0.056896 0.054005 0.051113 0.048248 0.045409 0.04257 0.039701 0.036828 0.034053 0.031376 0.028726 0.026112 0.023614
32 0.078665 0.075596 0.072542 0.069502 0.066473 0.063441 0.060407 0.057367 0.054271 0.051175 0.04814 0.045165 0.04219 0.039239 0.03629 0.033422 0.030634 0.027859 0.025099 0.022522
33 0.079543 0.076402 0.07329 0.070151 0.066992 0.06385 0.060723 0.057595 0.054456 0.051317 0.048181 0.045048 0.041915 0.038897 0.035891 0.032912 0.029961 0.02707 0.02426 0.021547
34 0.080437 0.077246 0.074031 0.0708 0.067557 0.064297 0.06102 0.057751 0.054555 0.051359 0.04815 0.044928 0.041706 0.038586 0.035476 0.032394 0.029339 0.02634 0.023416 0.020611
35 0.081245 0.077909 0.074594 0.071295 0.068006 0.064688 0.061339 0.057997 0.054711 0.051426 0.048145 0.044869 0.041592 0.038365 0.035141 0.031934 0.028743 0.02563 0.02262 0.019751
36 0.081953 0.078493 0.075094 0.071719 0.068361 0.064993 0.061615 0.058239 0.054887 0.051535 0.048181 0.044825 0.041469 0.038133 0.0348 0.031509 0.02826 0.025059 0.021921 0.018953
37 0.082488 0.079026 0.075594 0.072176 0.068767 0.065348 0.061918 0.058488 0.05505 0.051611 0.048183 0.044764 0.041346 0.037928 0.034511 0.031127 0.027777 0.024478 0.021247 0.018171
38 0.082943 0.079482 0.076019 0.072565 0.069117 0.065664 0.062204 0.058739 0.055223 0.051707 0.048205 0.044715 0.041225 0.037736 0.034246 0.030787 0.027358 0.02397 0.020639 0.017457
39 0.086457 0.083381 0.079864 0.076447 0.073107 0.069604 0.065939 0.062254 0.058359 0.054464 0.047225 0.036643 0.02606 0.028334 0.031851 0.031688 0.027845 0.023999 0.020148 0.016332
40 0.086381 0.083109 0.079585 0.076083 0.072599 0.069153 0.065744 0.062311 0.058616 0.054922 0.047926 0.037629 0.027331 0.029042 0.031915 0.031389 0.027465 0.02352 0.019546 0.015734
41 0.086017 0.082558 0.079335 0.07602 0.072638 0.069171 0.065622 0.062068 0.05848 0.054892 0.048208 0.03843 0.028651 0.029863 0.032137 0.031245 0.027186 0.023155 0.019162 0.015163
42 0.085678 0.082117 0.079105 0.075876 0.072484 0.069054 0.065585 0.062103 0.058484 0.054865 0.048435 0.039195 0.029954 0.030621 0.032246 0.031013 0.026924 0.022845 0.018778 0.014639
43 0.085391 0.082094 0.078849 0.075607 0.072368 0.069011 0.065539 0.062053 0.058416 0.054779 0.04859 0.03985 0.03111 0.031292 0.032337 0.030814 0.026725 0.022593 0.018404 0.014177
44 0.085002 0.081993 0.078829 0.075554 0.072197 0.068811 0.065396 0.061964 0.058353 0.054742 0.048809 0.040555 0.032302 0.031986 0.032439 0.030594 0.026452 0.022263 0.018012 0.013746
45 0.084625 0.081843 0.078564 0.075293 0.072027 0.068697 0.065302 0.061888 0.058272 0.054656 0.048976 0.041234 0.033492 0.032735 0.032654 0.030496 0.026262 0.021989 0.017665 0.013331
46 0.084152 0.081469 0.078313 0.075178 0.072058 0.068772 0.065321 0.061853 0.058212 0.054571 0.049082 0.041745 0.034407 0.033321 0.032839 0.030449 0.026151 0.0218 0.017379 0.012928
47 0.083748 0.081117 0.078032 0.074938 0.071837 0.068623 0.065296 0.061937 0.058244 0.054551 0.049234 0.042293 0.035352 0.033927 0.033036 0.030408 0.026045 0.021622 0.01712 0.012641
48 0.083383 0.080839 0.077785 0.074698 0.071585 0.0684 0.065141 0.061852 0.058241 0.054629 0.04951 0.042884 0.036257 0.034517 0.033248 0.030397 0.025963 0.02146 0.016868 0.012344
49 0.082832 0.080201 0.077468 0.07452 0.07141 0.068274 0.065109 0.061905 0.058288 0.054671 0.049725 0.043448 0.03717 0.035109 0.033456 0.030386 0.0259 0.021343 0.016691 0.012093
50 0.082328 0.079629 0.076995 0.07419 0.071254 0.06822 0.065086 0.061913 0.058346 0.054779 0.050007 0.044031 0.038055 0.035689 0.033673 0.030386 0.025829 0.02122 0.016545 0.011824
51 0.081798 0.079241 0.076617 0.073887 0.071078 0.068097 0.064945 0.061766 0.058314 0.054861 0.050296 0.044619 0.038942 0.036295 0.033941 0.03045 0.025821 0.021135 0.01637 0.011529
52 0.081176 0.078796 0.07625 0.073598 0.070865 0.067952 0.064858 0.061737 0.058336 0.054935 0.050537 0.045141 0.039746 0.036863 0.034222 0.030556 0.025863 0.021089 0.016207 0.011274
53 0.08057 0.07832 0.075881 0.073323 0.070677 0.067831 0.064787 0.061714 0.058342 0.054971 0.050738 0.045645 0.040552 0.037407 0.03445 0.03062 0.025915 0.02109 0.016103 0.011064
54 0.080023 0.077881 0.075543 0.073036 0.070401 0.06762 0.064691 0.061724 0.058359 0.054994 0.050915 0.046121 0.041328 0.037961 0.034732 0.030736 0.025973 0.021079 0.016009 0.010874
55 0.079437 0.077383 0.075153 0.072725 0.070151 0.067442 0.064599 0.061716 0.058417 0.055119 0.051187 0.04662 0.042052 0.038467 0.034976 0.030828 0.026024 0.02107 0.015916 0.010719
56 0.078781 0.076832 0.074698 0.072376 0.069913 0.067294 0.064518 0.061701 0.058458 0.055215 0.051437 0.047124 0.04281 0.038999 0.035237 0.030941 0.02611 0.021107 0.015872 0.010576
57 0.078137 0.076313 0.074227 0.072004 0.069679 0.067169 0.064474 0.061733 0.05852 0.055307 0.051659 0.047577 0.043495 0.039504 0.035522 0.031087 0.026199 0.021141 0.015858 0.010395
58 0.077528 0.07572 0.073791 0.071688 0.069454 0.067012 0.064362 0.061669 0.058533 0.055397 0.051899 0.048041 0.044182 0.040028 0.035845 0.031276 0.026322 0.021191 0.015822 0.010239
59 0.076892 0.075146 0.073302 0.071281 0.069126 0.066786 0.064261 0.061687 0.058601 0.055516 0.052152 0.048509 0.044866 0.040554 0.036178 0.031489 0.026487 0.021278 0.015793 0.010095
60 0.076161 0.07455 0.072835 0.070941 0.068914 0.066662 0.064186 0.061662 0.058641 0.05562 0.05239 0.048952 0.045513 0.041046 0.03648 0.031674 0.026629 0.021361 0.015795 0.0099866
61 0.07548 0.073946 0.072352 0.070562 0.068623 0.066459 0.064067 0.061626 0.058671 0.055717 0.052625 0.049395 0.046165 0.041557 0.036815 0.031902 0.026817 0.021486 0.015827 0.009908
62 0.074793 0.073378 0.071961 0.070245 0.068304 0.0662 0.063934 0.061613 0.058728 0.055843 0.052882 0.049843 0.046804 0.04203 0.037089 0.032076 0.026993 0.021618 0.015856 0.0098106
63 0.074059 0.072878 0.07149 0.069821 0.067941 0.065935 0.063803 0.06161 0.058787 0.055964 0.053127 0.050275 0.047423 0.042532 0.037443 0.032324 0.027174 0.021745 0.015941 0.0097263
64 0.073385 0.07215 0.070958 0.06943 0.06765 0.065741 0.063703 0.061604 0.05887 0.056135 0.053416 0.050713 0.04801 0.043009 0.037787 0.032568 0.027353 0.021861 0.016 0.0096591
65 0.072588 0.071422 0.070355 0.068969 0.067343 0.065565 0.063634 0.061638 0.058973 0.056309 0.053702 0.051155 0.048608 0.043509 0.038164 0.032853 0.027575 0.022004 0.016042 0.0095929
66 0.07172 0.070735 0.069904 0.068662 0.067113 0.065399 0.063521 0.061582 0.059015 0.056448 0.053966 0.051568 0.04917 0.043984 0.038529 0.033132 0.027796 0.022149 0.016091 0.0095165
67 0.070852 0.070127 0.069305 0.068195 0.066868 0.065275 0.063414 0.0615 0.059027 0.056555 0.054207 0.051985 0.049764 0.044485 0.038911 0.033438 0.028065 0.022349 0.016177 0.009499
68 0.069952 0.069551 0.068768 0.067716 0.066462 0.064979 0.063268 0.061494 0.059073 0.056652 0.054432 0.052414 0.050395 0.045021 0.039323 0.03377 0.028363 0.02258 0.016296 0.0094882
69 0.069235 0.068936 0.068208 0.067239 0.066089 0.064734 0.063176 0.061543 0.059146 0.056749 0.054623 0.052769 0.050915 0.045483 0.039704 0.034088 0.028636 0.022787 0.016409 0.0095293
70 0.068277 0.068191 0.067704 0.066897 0.065848 0.064582 0.063099 0.061539 0.059178 0.056818 0.054796 0.053113 0.05143 0.045952 0.040108 0.03444 0.02895 0.023026 0.016524 0.0095284
71 0.067437 0.067315 0.067072 0.066452 0.065549 0.064416 0.063053 0.061607 0.059287 0.056967 0.05503 0.053477 0.051923 0.046401 0.040494 0.03479 0.029287 0.023295 0.016654 0.0094948
72 0.066664 0.06673 0.066512 0.065986 0.06523 0.064214 0.062939 0.06158 0.059352 0.057123 0.055283 0.053831 0.052378 0.046808 0.040841 0.035105 0.029601 0.023562 0.016812 0.00945
73 0.066081 0.066176 0.065945 0.065499 0.064891 0.063992 0.062802 0.061527 0.059379 0.057231 0.055492 0.054162 0.052833 0.047236 0.041226 0.035453 0.029916 0.023814 0.016958 0.0093879
74 0.065175 0.065678 0.065392 0.064994 0.06451 0.063737 0.062675 0.061526 0.059468 0.05741 0.055773 0.054557 0.053341 0.047678 0.041585 0.035757 0.030194 0.024044 0.017115 0.0093931
75 0.064676 0.065123 0.064801 0.064444 0.064061 0.063403 0.06247 0.061445 0.059472 0.057499 0.055974 0.054897 0.053819 0.048132 0.041998 0.036134 0.030538 0.024326 0.017293 0.009495
76 0.063839 0.064553 0.064227 0.063969 0.063762 0.063174 0.062204 0.061164 0.059395 0.057626 0.056253 0.055275 0.054297 0.048613 0.042473 0.036582 0.030938 0.024644 0.017487 0.0095241
77 0.063131 0.06408 0.063648 0.063468 0.063477 0.062947 0.061878 0.060767 0.059232 0.057697 0.056503 0.05565 0.054796 0.049124 0.042985 0.037064 0.03136 0.024974 0.017681 0.0095374
78 0.062281 0.063474 0.062921 0.062794 0.062986 0.062646 0.061774 0.060849 0.059365 0.057882 0.056754 0.05598 0.055206 0.049584 0.043492 0.037547 0.031749 0.025257 0.01784 0.0096189
79 0.061592 0.062574 0.062076 0.062057 0.062397 0.062292 0.061742 0.06111 0.059626 0.058143 0.057045 0.056332 0.055619 0.050039 0.043987 0.038027 0.032159 0.025568 0.018014 0.0096031
80 0.060767 0.061452 0.061154 0.06133 0.061862 0.061996 0.061732 0.06136 0.059869 0.058379 0.057341 0.056756 0.05617 0.050571 0.044488 0.038496 0.032597 0.025918 0.018201 0.0095592
81 0.059802 0.060471 0.060689 0.060955 0.061256 0.061441 0.061508 0.061448 0.060078 0.058708 0.057742 0.057181 0.056621 0.051008 0.044907 0.038901 0.03299 0.026259 0.018437 0.0095996
82 0.058741 0.059605 0.060128 0.060545 0.060883 0.061152 0.061353 0.061431 0.060226 0.059021 0.058123 0.057531 0.05694 0.051384 0.045348 0.039341 0.033361 0.026559 0.018662 0.0096655
83 0.057905 0.058966 0.059654 0.060172 0.060562 0.060871 0.061099 0.061217 0.060202 0.059187 0.058407 0.057861 0.057316 0.051797 0.045798 0.039777 0.033734 0.02686 0.018879 0.0097344
84 0.057237 0.058292 0.059205 0.059874 0.060358 0.060702 0.060906 0.061013 0.060132 0.05925 0.058567 0.058081 0.057596 0.052165 0.046255 0.040238 0.034114 0.027149 0.019064 0.0098003
85 0.056546 0.057617 0.058774 0.059537 0.060003 0.060371 0.06064 0.060819 0.060067 0.059314 0.058747 0.058366 0.057984 0.052578 0.046685 0.040683 0.034573 0.02754 0.019278 0.0098779
86 0.055721 0.056997 0.058294 0.059157 0.059694 0.060079 0.060313 0.060476 0.059909 0.059341 0.05895 0.058734 0.058518 0.053076 0.047128 0.041124 0.035065 0.027976 0.019515 0.0099327
87 0.054922 0.056106 0.057646 0.058649 0.05925 0.059686 0.059957 0.060166 0.059735 0.059304 0.0591 0.059123 0.059146 0.053721 0.047769 0.041741 0.035635 0.028452 0.019836 0.010054
88 0.053825 0.055205 0.056558 0.057775 0.058888 0.059587 0.059873 0.060101 0.059745 0.059389 0.05932 0.059538 0.059756 0.054339 0.048378 0.042318 0.036159 0.028915 0.020223 0.010108
89 0.052837 0.05432 0.055646 0.056945 0.058224 0.059127 0.059654 0.060115 0.059898 0.05968 0.059742 0.060083 0.060425 0.05492 0.048849 0.042756 0.036642 0.029383 0.020598 0.010154
90 0.052083 0.053473 0.054963 0.056363 0.057695 0.058698 0.059374 0.059994 0.060035 0.060076 0.060207 0.060428 0.06065 0.055306 0.049423 0.043373 0.037156 0.029758 0.020789 0.010158
91 0.051521 0.053068 0.054597 0.055976 0.057242 0.0583 0.059149 0.059936 0.060084 0.060231 0.060441 0.060713 0.060986 0.055683 0.049842 0.043725 0.037332 0.029889 0.021048 0.010236
92 0.050833 0.052723 0.054145 0.055491 0.056781 0.057948 0.05899 0.059954 0.060102 0.060249 0.060513 0.060891 0.06127 0.055963 0.050107 0.044073 0.037863 0.030429 0.021366 0.010308
93 0.04998 0.052134 0.053473 0.054897 0.056385 0.057659 0.058721 0.059718 0.060044 0.06037 0.06074 0.061156 0.061571 0.056372 0.05063 0.044662 0.03847 0.030947 0.021653 0.010418
94 0.048982 0.051468 0.052662 0.054168 0.055907 0.057366 0.058544 0.059664 0.060176 0.060689 0.061067 0.061312 0.061557 0.056653 0.05125 0.045416 0.03915 0.031479 0.021939 0.010552
95 0.048197 0.050426 0.051662 0.053264 0.05514 0.056875 0.058468 0.05996 0.060406 0.060852 0.061233 0.061548 0.061863 0.057176 0.052004 0.046218 0.03982 0.032007 0.022311 0.010571
96 0.047354 0.049617 0.051106 0.05273 0.054455 0.05634 0.058383 0.060268 0.060515 0.060762 0.061095 0.061514 0.061933 0.057586 0.052779 0.047088 0.040513 0.032558 0.022764 0.010639
97 0.046433 0.049037 0.050774 0.052321 0.053726 0.055676 0.058172 0.060443 0.060387 0.060332 0.060695 0.061476 0.062257 0.058188 0.053651 0.047983 0.041187 0.033088 0.023253 0.01092
98 0.045485 0.048118 0.050276 0.052001 0.053402 0.055429 0.058083 0.060496 0.060427 0.060358 0.060682 0.061399 0.062116 0.058414 0.054284 0.048692 0.041638 0.033503 0.023926 0.01127
99 0.044546 0.047223 0.049752 0.051616 0.05298 0.055131 0.05807 0.060732 0.060536 0.06034 0.060613 0.061357 0.0621 0.058676 0.054848 0.049337 0.042143 0.034012 0.024632 0.011357
100 0.043285 0.04629 0.048723 0.050841 0.052722 0.055157 0.058145 0.06084 0.060495 0.060149 0.060372 0.061161 0.061951 0.058981 0.055647 0.050369 0.043148 0.034832 0.02506 0.011832
101 0.041999 0.045243 0.047693 0.050124 0.052541 0.05519 0.058073 0.060676 0.060393 0.060109 0.060317 0.061014 0.061712 0.05932 0.056629 0.051536 0.044042 0.035547 0.025718 0.012121
102 0.041507 0.044285 0.046934 0.049612 0.052312 0.055252 0.058432 0.061261 0.060462 0.059663 0.059703 0.060583 0.061462 0.059462 0.057182 0.052284 0.044768 0.036235 0.026349 0.01225
103 0.040675 0.044121 0.0466 0.049274 0.052096 0.055328 0.058969 0.062148 0.060549 0.05895 0.058743 0.059927 0.061112 0.059464 0.057542 0.052831 0.045332 0.03683 0.026994 0.012514
104 0.040316 0.04353 0.046164 0.049043 0.052107 0.05531 0.058654 0.061566 0.060025 0.058485 0.058378 0.059706 0.061034 0.059704 0.058118 0.053566 0.046048 0.037534 0.027695 0.013016
105 0.040138 0.043529 0.045598 0.048408 0.051774 0.055261 0.058867 0.061979 0.059971 0.057963 0.057753 0.059341 0.060929 0.059896 0.05861 0.05413 0.046454 0.037883 0.02812 0.013397
106 0.039438 0.042887 0.044832 0.047826 0.051608 0.0554 0.059203 0.062458 0.060034 0.05761 0.057295 0.05909 0.060884 0.060184 0.059241 0.054848 0.047003 0.038285 0.028402 0.013471
107 0.038397 0.041852 0.043914 0.047133 0.051222 0.055387 0.059628 0.063242 0.060368 0.057495 0.056944 0.058716 0.060488 0.060255 0.059829 0.055693 0.047846 0.038986 0.028777 0.013828
108 0.037775 0.041252 0.043356 0.046656 0.050854 0.055362 0.060178 0.064245 0.060556 0.056868 0.055998 0.057946 0.059895 0.060201 0.060349 0.056535 0.04876 0.039893 0.029571 0.01375
109 0.037362 0.041018 0.043328 0.04645 0.050183 0.054649 0.059848 0.064226 0.060117 0.056007 0.055181 0.057639 0.060097 0.060644 0.061006 0.057315 0.04957 0.040712 0.030372 0.014277
110 0.036838 0.040669 0.043228 0.046221 0.04954 0.054096 0.059887 0.064759 0.060134 0.055508 0.054492 0.057085 0.059677 0.060814 0.061811 0.058268 0.050187 0.041232 0.031114 0.014442
111 0.036168 0.040103 0.043091 0.046189 0.049371 0.053967 0.059977 0.065041 0.060316 0.055591 0.05451 0.057074 0.059637 0.060929 0.062097 0.058396 0.049824 0.040913 0.031552 0.015255
112 0.036123 0.039938 0.043245 0.046198 0.048887 0.053516 0.060084 0.065628 0.060588 0.055549 0.054273 0.056761 0.059249 0.060895 0.062459 0.058733 0.049716 0.040719 0.031746 0.015695
113 0.035968 0.040841 0.044272 0.046758 0.048534 0.053006 0.060174 0.066193 0.060333 0.054472 0.053059 0.056093 0.059127 0.060846 0.062437 0.058776 0.049861 0.040943 0.032022 0.016289
114 0.036007 0.041376 0.044878 0.047107 0.048379 0.052628 0.059853 0.065871 0.059409 0.052948 0.051612 0.055403 0.059194 0.060949 0.062508 0.0591 0.050726 0.042018 0.032866 0.017169
115 0.036416 0.041982 0.045668 0.04731 0.047416 0.051532 0.059656 0.066439 0.059354 0.052269 0.050854 0.055108 0.059363 0.060825 0.062017 0.058778 0.051107 0.042756 0.033499 0.017652
