1 0 0 0 0 0 0 0 0 0 0 0 0 0 0 0 0 0 0 0 0
2 0 0 0 0 0 0 0 0 0 0 0 0 0 0 0 0 0 0 0 0
3 0 0 0 0 0 0 0 0 0 0 0 0 0 0 0 0 0 0 0 0
4 0 0 0 0 0 0 0 0 0 0 0 0 0 0 0 0 0 0 0 0
5 0 0 0 0 0 0 0 0 0 0 0 0 0 0 0 0 0 0 0 0
6 0 0 0 0 0 0 0 0 0 0 0 0 0 0 0 0 0 0 0 0
7 0 0 0 0 0 0 0 0 0 0 0 0 0 0 0 0 0 0 0 0
8 0 0 0 0 0 0 0 0 0 0 0 0 0 0 0 0 0 0 0 0
9 0 0 0 0 0 0 0 0 0 0 0 0 0 0 0 0 0 0 0 0
10 0 0 0 0 0 0 0 0 0 0 0 0 0 0 0 0 0 0 0 0
11 0 0 0 0 0 0 0 0 0 0 0 0 0 0 0 0 0 0 0 0
12 0 0 0 0 0 0 0 0 0 0 0 0 0 0 0 0 0 0 0 0
13 0 0 0 0 0 0 0 0 0 0 0 0 0 0 0 0 0 0 0 0
14 0 0 0 0 0 0 0 0 0 0 0 0 0 0 0 0 0 0 0 0
15 0 0 0 0 0 0 0 0 0 0 0 0 0 0 0 0 0 0 0 0
16 0 0 0 0 0 0 0 0 0 0 0 0 0 0 0 0 0 0 0 0
17 0 0 0 0 0 0 0 0 0 0 0 0 0 0 0 0 0 0 0 0
18 0 0 0 0 0 0 0 0 0 0 0 0 0 0 0 0 0 0 0 0
19 0 0 0 0 0 0 0 0 0 0 0 0 0 0 0 0 0 0 0 0
20 0 0 0 0 0 0 0 0 0 0 0 0 0 0 0 0 0 0 0 0
21 0 0 0 0 0 0 0 0 0 0 0 0 0 0 0 0 0 0 0 0
22 0 0 0 0 0 0 0 0 0 0 0 0 0 0 0 0 0 0 0 0
23 0 0 0 0 0 0 0 0 0 0 0 0 0 0 0 0 0 0 0 0
24 0 0 0 0 0 0 0 0 0 0 0 0 0 0 0 0 0 0 0 0
25 0 0 0 0 0 0 0 0 0 0 0 0 0 0 0 0 0 0 0 0
26 0 0 0 0 0 0 0 0 0 0 0 0 0 0 0 0 0 0 0 0
27 0.043228 0.046481 0.053453 0.055099 0.052744 0.053426 0.057146 0.060202 0.056399 0.052596 0.052398 0.055806 0.059214 0.055445 0.050981 0.0458 0.039899 0.036618 0.036823 0.036241
28 0.04885 0.057124 0.060951 0.062718 0.062937 0.062263 0.060696 0.058892 0.054643 0.050393 0.048912 0.050198 0.051484 0.048513 0.04513 0.040991 0.036097 0.033264 0.033173 0.032773
29 0.06115 0.066183 0.067377 0.067123 0.065782 0.063452 0.060135 0.056874 0.054197 0.051521 0.048946 0.046474 0.044002 0.041796 0.039616 0.037402 0.035154 0.032799 0.030301 0.029716
30 0.068363 0.07098 0.069535 0.066998 0.06364 0.060633 0.057977 0.055363 0.053184 0.051005 0.048626 0.046046 0.043465 0.041313 0.039201 0.037104 0.035021 0.032732 0.030169 0.028644
31 0.072313 0.073185 0.069985 0.066801 0.063629 0.060721 0.058078 0.055447 0.052938 0.050429 0.048003 0.045661 0.043319 0.041059 0.038807 0.036535 0.034243 0.031894 0.029468 0.027482
32 0.073127 0.073752 0.070262 0.067153 0.064331 0.061558 0.058832 0.056116 0.053497 0.050879 0.0483 0.045761 0.043222 0.040688 0.038155 0.035681 0.033264 0.030847 0.028429 0.026144
33 0.076081 0.074162 0.070799 0.067658 0.064683 0.061843 0.059139 0.056435 0.053742 0.051049 0.048352 0.045651 0.04295 0.040301 0.037656 0.035014 0.032373 0.029798 0.027309 0.025005
34 0.077397 0.074483 0.071529 0.068545 0.065539 0.062581 0.059673 0.056772 0.053951 0.05113 0.048313 0.0455 0.042686 0.039843 0.036998 0.034245 0.031586 0.028958 0.026373 0.023896
35 0.078372 0.075409 0.072351 0.069315 0.066296 0.063278 0.060261 0.057242 0.054196 0.051151 0.048159 0.04522 0.042281 0.039367 0.036456 0.033603 0.030806 0.028056 0.025368 0.022812
36 0.079348 0.076163 0.073071 0.069958 0.066828 0.06372 0.060632 0.057541 0.05442 0.051299 0.048187 0.045084 0.041981 0.038983 0.035994 0.033048 0.030145 0.027287 0.024489 0.021823
37 0.080291 0.07706 0.073854 0.070639 0.067419 0.064183 0.060929 0.057683 0.05451 0.051337 0.048153 0.044956 0.041758 0.038662 0.035576 0.032519 0.029491 0.026519 0.023621 0.02084
38 0.081119 0.077815 0.074513 0.071196 0.067867 0.064551 0.061247 0.057947 0.05469 0.051434 0.048158 0.044863 0.041569 0.03837 0.035182 0.032021 0.028888 0.025809 0.022804 0.019958
39 0.084936 0.081879 0.077973 0.074293 0.070783 0.067422 0.064208 0.060969 0.057466 0.053963 0.047761 0.03886 0.02996 0.030961 0.032921 0.032155 0.028664 0.02517 0.021673 0.017984
40 0.085703 0.082857 0.07897 0.075204 0.071529 0.068076 0.064844 0.061564 0.057773 0.053981 0.047363 0.037918 0.028472 0.029862 0.0323 0.031787 0.028325 0.024789 0.021154 0.017532
41 0.085791 0.082907 0.079504 0.075931 0.072232 0.06869 0.065306 0.061891 0.058147 0.054403 0.047476 0.037365 0.027255 0.029074 0.032048 0.031713 0.028069 0.024415 0.020746 0.017035
42 0.086431 0.083255 0.079672 0.076257 0.072968 0.069495 0.065837 0.062161 0.058287 0.054414 0.047241 0.036769 0.026297 0.02849 0.031908 0.031717 0.027915 0.024106 0.020287 0.016492
43 0.086387 0.08333 0.079701 0.076139 0.072628 0.069162 0.065741 0.062293 0.058558 0.054822 0.047764 0.037382 0.027001 0.028865 0.031912 0.031485 0.027582 0.023658 0.019703 0.015886
44 0.086042 0.082647 0.079332 0.075994 0.072638 0.069198 0.065675 0.062145 0.058545 0.054944 0.048175 0.038238 0.0283 0.029655 0.032101 0.031304 0.027262 0.023241 0.01925 0.015314
45 0.085795 0.08236 0.079169 0.075841 0.072411 0.06898 0.065549 0.062102 0.058493 0.054883 0.048391 0.039017 0.029643 0.030445 0.032232 0.031084 0.027002 0.022935 0.018889 0.014779
46 0.085437 0.08218 0.078989 0.075732 0.072423 0.069023 0.065531 0.062028 0.058404 0.05478 0.048527 0.039646 0.030765 0.031096 0.032319 0.030881 0.026782 0.022659 0.018503 0.014296
47 0.085035 0.08196 0.078845 0.075588 0.072224 0.06884 0.065436 0.062012 0.058388 0.054764 0.048766 0.040393 0.032021 0.03182 0.032411 0.030643 0.026518 0.022348 0.018117 0.013869
48 0.084679 0.081938 0.078605 0.075313 0.072053 0.068723 0.065324 0.061906 0.0583 0.054695 0.048949 0.041064 0.03318 0.032541 0.032602 0.030528 0.026316 0.022066 0.017762 0.013456
49 0.084284 0.081568 0.078353 0.075191 0.072069 0.068776 0.065313 0.061835 0.058207 0.054578 0.049047 0.041612 0.034177 0.033182 0.032808 0.030477 0.026187 0.021852 0.017458 0.013027
50 0.083818 0.081183 0.07809 0.074975 0.071842 0.068612 0.065286 0.06193 0.058256 0.054582 0.04922 0.042168 0.035116 0.033781 0.032998 0.030435 0.02609 0.021688 0.017211 0.012719
51 0.083484 0.080913 0.077854 0.074761 0.071642 0.068448 0.065179 0.061876 0.058234 0.054592 0.049419 0.042717 0.036014 0.03437 0.033216 0.030425 0.025997 0.021507 0.016933 0.012419
52 0.082931 0.08036 0.077544 0.074563 0.071458 0.068307 0.065109 0.061875 0.058262 0.054649 0.049664 0.043307 0.036949 0.034972 0.033418 0.030406 0.025937 0.021391 0.016741 0.012158
53 0.08243 0.079745 0.077131 0.074288 0.071274 0.068202 0.065071 0.061903 0.058335 0.054768 0.049956 0.043899 0.037842 0.035551 0.033623 0.030391 0.025854 0.021258 0.016582 0.011896
54 0.081918 0.07933 0.076694 0.073942 0.071102 0.068111 0.06497 0.0618 0.058334 0.054869 0.050253 0.044488 0.038722 0.036144 0.033873 0.030434 0.025827 0.021161 0.016418 0.011612
55 0.081322 0.078919 0.07635 0.073667 0.070899 0.067963 0.064859 0.06173 0.058332 0.054935 0.0505 0.045029 0.039557 0.036726 0.034151 0.030526 0.025851 0.021101 0.01625 0.011334
56 0.080711 0.078449 0.07599 0.0734 0.070712 0.067845 0.0648 0.061726 0.058347 0.054968 0.05069 0.045515 0.04034 0.037265 0.034393 0.030605 0.025902 0.021089 0.016129 0.011124
57 0.080169 0.078021 0.07566 0.07313 0.070472 0.067665 0.064711 0.061719 0.058345 0.05497 0.050852 0.045989 0.041127 0.037816 0.034655 0.030702 0.025956 0.021082 0.016038 0.01092
58 0.079626 0.077533 0.075261 0.0728 0.070195 0.067471 0.064627 0.061739 0.058404 0.055069 0.051093 0.046476 0.041858 0.038335 0.034917 0.03081 0.026012 0.021071 0.015942 0.010761
59 0.078959 0.076963 0.074792 0.07245 0.069978 0.067345 0.064549 0.061712 0.058451 0.055189 0.051369 0.046991 0.042613 0.038863 0.035174 0.030916 0.026091 0.021097 0.01588 0.010618
60 0.078292 0.076412 0.074321 0.072082 0.069731 0.067203 0.064499 0.061748 0.058515 0.055283 0.051598 0.047461 0.043324 0.039378 0.03545 0.031052 0.026184 0.021145 0.015877 0.010443
61 0.077669 0.075849 0.073889 0.071777 0.069549 0.06709 0.064399 0.061667 0.05852 0.055374 0.05184 0.04792 0.043999 0.039892 0.035766 0.03123 0.026285 0.021171 0.015834 0.010278
62 0.077051 0.075282 0.073433 0.071391 0.069203 0.06683 0.06427 0.061664 0.058573 0.055483 0.052089 0.048393 0.044696 0.040428 0.036105 0.031449 0.026461 0.021267 0.015801 0.010131
63 0.076326 0.074692 0.072942 0.071017 0.06896 0.066685 0.064194 0.061656 0.058634 0.055613 0.052355 0.04886 0.045366 0.040931 0.036405 0.031625 0.026594 0.02134 0.015793 0.010012
64 0.075692 0.07412 0.072483 0.070655 0.068685 0.066495 0.064086 0.061627 0.05866 0.055693 0.052569 0.049287 0.046006 0.041427 0.036722 0.031835 0.026765 0.021452 0.015816 0.0099262
65 0.07498 0.0735 0.072053 0.070325 0.068388 0.066267 0.063963 0.061606 0.058711 0.055816 0.052826 0.049742 0.046658 0.041917 0.037016 0.032024 0.026941 0.02158 0.015847 0.0098409
66 0.074246 0.07301 0.071614 0.06993 0.06803 0.066 0.063839 0.061618 0.058773 0.055928 0.05306 0.05017 0.04728 0.042411 0.03735 0.032254 0.027123 0.021708 0.015914 0.0097433
67 0.07358 0.072399 0.071114 0.069528 0.067717 0.06578 0.063718 0.061594 0.058835 0.056076 0.053329 0.050594 0.047859 0.042885 0.037695 0.032501 0.027302 0.021829 0.015991 0.0096754
68 0.072862 0.071613 0.070502 0.069077 0.067417 0.065607 0.063647 0.061623 0.058938 0.056253 0.053621 0.051043 0.048465 0.043384 0.038062 0.032771 0.02751 0.021962 0.016029 0.009613
69 0.071913 0.070919 0.070013 0.068731 0.067167 0.065441 0.063552 0.061602 0.059007 0.056413 0.053899 0.051465 0.04903 0.043869 0.038444 0.033069 0.027743 0.022113 0.016078 0.0095312
70 0.071155 0.07029 0.069457 0.06831 0.066929 0.065312 0.063459 0.061547 0.059033 0.056519 0.054128 0.05186 0.049592 0.044342 0.038803 0.03335 0.027983 0.022284 0.016145 0.0094995
71 0.070174 0.069729 0.068918 0.067837 0.066553 0.065036 0.063285 0.061475 0.05905 0.056626 0.054379 0.052309 0.05024 0.044891 0.039224 0.033692 0.028296 0.022528 0.016268 0.0094909
72 0.069433 0.069103 0.068397 0.067401 0.066187 0.064783 0.063191 0.061528 0.059127 0.056725 0.054573 0.052669 0.050765 0.04535 0.039595 0.033998 0.028559 0.022728 0.016375 0.0095137
73 0.068518 0.068451 0.067845 0.066978 0.065914 0.064628 0.063121 0.061538 0.059168 0.056798 0.054747 0.053016 0.051285 0.045821 0.039996 0.034342 0.028859 0.022955 0.01649 0.0095303
74 0.06767 0.067523 0.067265 0.066613 0.065663 0.064482 0.063068 0.061573 0.059241 0.056909 0.054951 0.053368 0.051784 0.046274 0.040385 0.034692 0.029197 0.023224 0.016616 0.0095034
75 0.066894 0.066861 0.066652 0.066107 0.065311 0.064267 0.062976 0.061599 0.059345 0.057091 0.055222 0.053738 0.052253 0.046696 0.040744 0.035017 0.029513 0.023487 0.016766 0.0094617
76 0.066271 0.066334 0.066105 0.06564 0.064998 0.064072 0.062861 0.061565 0.059378 0.057191 0.055417 0.054055 0.052693 0.047104 0.041105 0.035344 0.029819 0.023737 0.016913 0.0093985
77 0.065422 0.065822 0.065553 0.065143 0.064628 0.063813 0.062698 0.061499 0.059438 0.057376 0.055716 0.054456 0.053196 0.047555 0.04149 0.035677 0.030116 0.023977 0.017067 0.0093586
78 0.06486 0.065293 0.064993 0.064619 0.064188 0.063494 0.062538 0.061489 0.059473 0.057457 0.055895 0.054787 0.053679 0.047991 0.041859 0.036004 0.030426 0.024237 0.017236 0.009481
79 0.064117 0.064704 0.064405 0.064124 0.063857 0.063233 0.062253 0.061199 0.059391 0.057582 0.056175 0.055169 0.054163 0.048483 0.04235 0.036465 0.030827 0.024554 0.017434 0.0095155
80 0.06334 0.064219 0.063794 0.063591 0.063555 0.063022 0.061992 0.060911 0.059299 0.057686 0.056435 0.055543 0.054652 0.048967 0.042819 0.036908 0.031233 0.02488 0.017623 0.0095286
81 0.062423 0.063714 0.063179 0.063019 0.063141 0.062731 0.061789 0.060798 0.05931 0.057823 0.056681 0.055886 0.055091 0.049456 0.043352 0.037413 0.031638 0.025173 0.01779 0.0095938
82 0.061843 0.06286 0.062342 0.062287 0.062581 0.062399 0.061739 0.061008 0.059534 0.058061 0.056958 0.056225 0.055493 0.049902 0.043841 0.037882 0.032025 0.025461 0.017956 0.0096045
83 0.060982 0.061756 0.0614 0.061539 0.062051 0.062128 0.06177 0.061311 0.059802 0.058293 0.057231 0.056615 0.056 0.050411 0.044341 0.038362 0.032475 0.02582 0.018144 0.0095669
84 0.060146 0.060781 0.060856 0.061053 0.061341 0.061505 0.061546 0.061456 0.06003 0.058603 0.057616 0.057067 0.056518 0.050903 0.044798 0.038791 0.032882 0.026164 0.01837 0.009576
85 0.058979 0.059776 0.060283 0.060687 0.061012 0.061254 0.061412 0.061446 0.0602 0.058954 0.058034 0.05744 0.056846 0.051275 0.045221 0.039214 0.033254 0.026472 0.018596 0.0096439
86 0.058185 0.059185 0.059768 0.060245 0.060641 0.060952 0.061177 0.061287 0.060216 0.059146 0.058328 0.057762 0.057197 0.051672 0.045667 0.039651 0.033625 0.026771 0.018815 0.009709
87 0.05745 0.058512 0.059365 0.059981 0.06042 0.060744 0.060954 0.061065 0.060149 0.059233 0.058523 0.058018 0.057512 0.05205 0.046108 0.040089 0.033993 0.027057 0.019004 0.0097741
88 0.056781 0.057768 0.058889 0.059646 0.060131 0.060497 0.060744 0.060898 0.060093 0.059289 0.058676 0.058256 0.057836 0.052444 0.046571 0.040568 0.034436 0.027414 0.019208 0.0098564
89 0.055934 0.057261 0.058486 0.059302 0.05981 0.06018 0.060413 0.060571 0.059957 0.059343 0.058896 0.058616 0.058337 0.052896 0.046956 0.040959 0.034907 0.027842 0.019432 0.0099039
90 0.05522 0.056382 0.057864 0.058829 0.059406 0.059819 0.060068 0.060253 0.059775 0.059297 0.059039 0.059 0.058962 0.053519 0.047554 0.041532 0.035455 0.0283 0.019711 0.010012
91 0.054162 0.055446 0.056916 0.05809 0.059043 0.059642 0.059886 0.060077 0.059721 0.059364 0.059252 0.059385 0.059518 0.054133 0.048216 0.042174 0.036007 0.028771 0.020109 0.01009
92 0.053076 0.054608 0.055929 0.057199 0.05843 0.05927 0.059719 0.060105 0.059845 0.059585 0.059624 0.05996 0.060297 0.054773 0.048682 0.04258 0.03647 0.029229 0.020485 0.010133
93 0.052278 0.053672 0.055174 0.056565 0.057873 0.058839 0.059464 0.06003 0.06 0.059969 0.060074 0.060314 0.060554 0.055175 0.049252 0.043201 0.037023 0.029663 0.020731 0.01015
94 0.051706 0.05315 0.054713 0.056119 0.057408 0.05843 0.059187 0.059891 0.060052 0.060213 0.06041 0.060642 0.060875 0.055566 0.049721 0.043624 0.037278 0.029846 0.020969 0.010202
95 0.051051 0.052867 0.054315 0.055655 0.056914 0.058044 0.059046 0.05997 0.060104 0.060237 0.060475 0.060816 0.061157 0.05586 0.050017 0.043963 0.0377 0.030263 0.021265 0.010283
96 0.050283 0.052344 0.053705 0.055092 0.056498 0.057738 0.058812 0.059812 0.060051 0.060291 0.060629 0.061066 0.061503 0.056254 0.050454 0.044464 0.038283 0.030794 0.021565 0.010361
97 0.049319 0.051699 0.052928 0.054411 0.056087 0.057488 0.058616 0.059684 0.060135 0.060587 0.060954 0.061239 0.061523 0.056533 0.051034 0.045165 0.038927 0.031304 0.021837 0.01053
98 0.048511 0.050791 0.051865 0.053414 0.055318 0.057015 0.058506 0.059907 0.060371 0.060836 0.061215 0.061509 0.061803 0.057032 0.051772 0.045967 0.039617 0.031841 0.022165 0.010546
99 0.047642 0.049883 0.051268 0.052877 0.054654 0.056498 0.05841 0.060181 0.0605 0.060819 0.061163 0.061531 0.061899 0.057448 0.052531 0.04681 0.040284 0.032378 0.022635 0.010589
100 0.046749 0.049228 0.050905 0.052475 0.053963 0.055891 0.05826 0.06042 0.060423 0.060426 0.06077 0.061455 0.06214 0.057997 0.053386 0.047721 0.041 0.032925 0.023046 0.010821
101 0.045754 0.048457 0.050472 0.052134 0.053531 0.055519 0.058098 0.060445 0.060395 0.060344 0.060684 0.061416 0.062148 0.05834 0.054092 0.04847 0.041474 0.033348 0.023715 0.011162
102 0.044877 0.047455 0.049947 0.0518 0.053171 0.055263 0.058075 0.060628 0.060498 0.060368 0.06066 0.061374 0.062089 0.058579 0.054662 0.049102 0.041901 0.03378 0.024433 0.011337
103 0.043681 0.046585 0.049082 0.051108 0.05278 0.055127 0.058146 0.060871 0.060537 0.060204 0.060421 0.061189 0.061957 0.058861 0.055391 0.050052 0.042845 0.034583 0.024919 0.011659
104 0.04228 0.045561 0.047998 0.050353 0.052647 0.055222 0.058075 0.060653 0.060376 0.060099 0.060325 0.061054 0.061782 0.059232 0.056364 0.051219 0.043798 0.035349 0.02553 0.012081
105 0.041713 0.044534 0.047074 0.04969 0.052361 0.055247 0.058349 0.061122 0.060508 0.059894 0.059961 0.06071 0.061459 0.059372 0.057012 0.052071 0.04455 0.036023 0.026156 0.012195
106 0.041001 0.044239 0.046759 0.049418 0.05218 0.055323 0.058845 0.061931 0.060495 0.05906 0.058917 0.060067 0.061217 0.059464 0.05743 0.052661 0.045158 0.036647 0.026794 0.012395
107 0.040486 0.043787 0.046339 0.049132 0.052104 0.055331 0.058811 0.06184 0.060202 0.058564 0.058393 0.059688 0.060984 0.059584 0.057924 0.053337 0.045824 0.03732 0.027496 0.012854
108 0.040248 0.043583 0.045877 0.04871 0.051946 0.055307 0.058792 0.061807 0.059961 0.058115 0.057926 0.059394 0.060862 0.059736 0.058359 0.053887 0.046322 0.0378 0.028004 0.013361
109 0.039758 0.043196 0.045135 0.048054 0.051709 0.055405 0.059142 0.062346 0.060038 0.057731 0.057433 0.059145 0.060857 0.060055 0.05901 0.054562 0.046711 0.038041 0.028279 0.013394
110 0.038703 0.04219 0.044206 0.047363 0.051378 0.055409 0.059456 0.062908 0.060213 0.057518 0.057074 0.058881 0.060688 0.060282 0.059663 0.055434 0.047594 0.038751 0.028571 0.013718
111 0.037882 0.041313 0.043378 0.046707 0.050986 0.055495 0.060235 0.064245 0.060699 0.057153 0.056275 0.058064 0.059853 0.060091 0.060178 0.056306 0.048474 0.039592 0.029314 0.013759
112 0.03754 0.041136 0.043416 0.046606 0.05048 0.05491 0.059898 0.064099 0.060167 0.056234 0.055429 0.057753 0.060077 0.060485 0.060707 0.056985 0.049319 0.0405 0.030146 0.014112
113 0.037056 0.040834 0.043273 0.046271 0.049688 0.054225 0.059882 0.064642 0.060119 0.055596 0.054628 0.057214 0.059801 0.060781 0.061607 0.058018 0.050014 0.041071 0.030877 0.014402
114 0.036497 0.040396 0.043259 0.046278 0.049415 0.053995 0.060018 0.06508 0.060214 0.055347 0.054251 0.056926 0.059602 0.060893 0.06205 0.058405 0.049958 0.041024 0.031444 0.014948
115 0.036132 0.04 0.043075 0.046081 0.049034 0.053698 0.060072 0.065459 0.060636 0.055814 0.054573 0.056915 0.059258 0.060804 0.062274 0.058558 0.049657 0.040687 0.031625 0.01565
