1 0 0 0 0 0 0 0 0 0 0 0 0 0 0 0 0 0 0 0 0
2 0 0 0 0 0 0 0 0 0 0 0 0 0 0 0 0 0 0 0 0
3 0 0 0 0 0 0 0 0 0 0 0 0 0 0 0 0 0 0 0 0
4 0 0 0 0 0 0 0 0 0 0 0 0 0 0 0 0 0 0 0 0
5 0 0 0 0 0 0 0 0 0 0 0 0 0 0 0 0 0 0 0 0
6 0 0 0 0 0 0 0 0 0 0 0 0 0 0 0 0 0 0 0 0
7 0 0 0 0 0 0 0 0 0 0 0 0 0 0 0 0 0 0 0 0
8 0 0 0 0 0 0 0 0 0 0 0 0 0 0 0 0 0 0 0 0
9 0 0 0 0 0 0 0 0 0 0 0 0 0 0 0 0 0 0 0 0
10 0 0 0 0 0 0 0 0 0 0 0 0 0 0 0 0 0 0 0 0
11 0 0 0 0 0 0 0 0 0 0 0 0 0 0 0 0 0 0 0 0
12 0 0 0 0 0 0 0 0 0 0 0 0 0 0 0 0 0 0 0 0
13 0 0 0 0 0 0 0 0 0 0 0 0 0 0 0 0 0 0 0 0
14 0 0 0 0 0 0 0 0 0 0 0 0 0 0 0 0 0 0 0 0
15 0 0 0 0 0 0 0 0 0 0 0 0 0 0 0 0 0 0 0 0
16 0 0 0 0 0 0 0 0 0 0 0 0 0 0 0 0 0 0 0 0
17 0 0 0 0 0 0 0 0 0 0 0 0 0 0 0 0 0 0 0 0
18 0 0 0 0 0 0 0 0 0 0 0 0 0 0 0 0 0 0 0 0
19 0 0 0 0 0 0 0 0 0 0 0 0 0 0 0 0 0 0 0 0
20 0 0 0 0 0 0 0 0 0 0 0 0 0 0 0 0 0 0 0 0
21 0 0 0 0 0 0 0 0 0 0 0 0 0 0 0 0 0 0 0 0
22 0 0 0 0 0 0 0 0 0 0 0 0 0 0 0 0 0 0 0 0
23 0 0 0 0 0 0 0 0 0 0 0 0 0 0 0 0 0 0 0 0
24 0 0 0 0 0 0 0 0 0 0 0 0 0 0 0 0 0 0 0 0
25 0.043198 0.046452 0.053425 0.055073 0.052723 0.05341 0.057133 0.060192 0.056394 0.052595 0.052402 0.055815 0.059227 0.055461 0.051001 0.04582 0.03992 0.03664 0.036848 0.036269
26 0.046017 0.053404 0.058039 0.059796 0.059391 0.059502 0.060131 0.060318 0.055928 0.051539 0.050313 0.052251 0.054188 0.05093 0.047169 0.042503 0.036933 0.033898 0.034237 0.033512
27 0.059399 0.065918 0.067318 0.067139 0.065776 0.063398 0.060005 0.056686 0.054128 0.05157 0.049158 0.046892 0.044626 0.042321 0.040012 0.037568 0.034988 0.032614 0.030515 0.029971
28 0.067883 0.070397 0.069261 0.067064 0.064071 0.061125 0.058225 0.055384 0.053159 0.050934 0.048603 0.046168 0.043732 0.041454 0.039191 0.037028 0.034966 0.032641 0.029967 0.028749
29 0.071902 0.072776 0.070073 0.066918 0.063426 0.060419 0.057898 0.05538 0.052899 0.050419 0.048033 0.045741 0.043449 0.041202 0.038958 0.036694 0.034409 0.032088 0.029719 0.027598
30 0.073184 0.073631 0.070067 0.066966 0.064212 0.061496 0.058817 0.056139 0.053459 0.050779 0.04819 0.045692 0.043193 0.040718 0.038244 0.03582 0.033446 0.031043 0.028601 0.026304
31 0.075247 0.07427 0.070615 0.06742 0.064569 0.061808 0.059136 0.056462 0.053762 0.051062 0.04838 0.045717 0.043054 0.040406 0.037759 0.035129 0.032514 0.029964 0.027498 0.025227
32 0.077303 0.07443 0.071417 0.068411 0.065412 0.062459 0.059553 0.056659 0.053887 0.051115 0.04833 0.045532 0.042735 0.039915 0.037093 0.034355 0.031702 0.02909 0.026533 0.02407
33 0.078146 0.075227 0.072186 0.069175 0.066186 0.063187 0.060177 0.057167 0.054155 0.051143 0.048189 0.045294 0.042398 0.039462 0.036521 0.033672 0.030913 0.028205 0.025562 0.023038
34 0.079218 0.076039 0.072968 0.069873 0.06676 0.063661 0.060578 0.057492 0.05438 0.051267 0.048172 0.045095 0.042018 0.039032 0.036055 0.03313 0.030257 0.027416 0.024617 0.021973
35 0.080182 0.076968 0.073764 0.07055 0.067329 0.064106 0.060881 0.057661 0.054494 0.051327 0.04815 0.044965 0.041779 0.038694 0.035618 0.032581 0.029581 0.026632 0.023748 0.020989
36 0.080946 0.077667 0.074382 0.071097 0.067811 0.064528 0.061246 0.057964 0.054682 0.0514 0.048123 0.044851 0.041578 0.038404 0.035238 0.032106 0.029005 0.025944 0.022936 0.02009
37 0.08162 0.07826 0.074897 0.071545 0.068201 0.064854 0.061503 0.058154 0.054818 0.051483 0.048155 0.044834 0.041514 0.03823 0.03495 0.031695 0.028467 0.025303 0.022224 0.019294
38 0.082241 0.078809 0.075406 0.071999 0.068588 0.06519 0.061807 0.058419 0.05499 0.05156 0.048157 0.044779 0.041401 0.038022 0.034643 0.031293 0.027972 0.024709 0.021523 0.018491
39 0.08578 0.082899 0.07935 0.075767 0.072159 0.068662 0.065276 0.061858 0.058109 0.054361 0.047475 0.037453 0.02743 0.029182 0.032073 0.03171 0.028094 0.024458 0.020797 0.017107
40 0.086487 0.083176 0.07965 0.076225 0.072874 0.069388 0.065767 0.062122 0.058244 0.054365 0.047228 0.036832 0.026436 0.028571 0.031917 0.031704 0.027932 0.024149 0.020353 0.01658
41 0.086485 0.083355 0.079785 0.076236 0.072703 0.069215 0.065771 0.062296 0.0585 0.054703 0.047604 0.037201 0.026798 0.028755 0.031907 0.031536 0.027642 0.023731 0.019798 0.01598
42 0.086149 0.082788 0.079385 0.076002 0.072635 0.069207 0.065717 0.062214 0.058578 0.054941 0.048111 0.038088 0.028064 0.029498 0.032039 0.031303 0.027288 0.023286 0.019299 0.015408
43 0.085918 0.08254 0.079222 0.075833 0.072391 0.068953 0.065521 0.062073 0.058475 0.054876 0.048348 0.038892 0.029436 0.030326 0.032218 0.031124 0.027046 0.022987 0.018955 0.014866
44 0.085488 0.082103 0.078996 0.075779 0.072479 0.06907 0.065551 0.062024 0.058411 0.054798 0.048511 0.039551 0.03059 0.030997 0.032309 0.030913 0.026809 0.022693 0.01856 0.014368
45 0.085105 0.081977 0.078872 0.075621 0.072261 0.068871 0.065451 0.062014 0.058392 0.054769 0.048733 0.040283 0.031833 0.031706 0.032384 0.030666 0.026552 0.022395 0.018179 0.013935
46 0.084782 0.082006 0.07863 0.075327 0.072079 0.068749 0.065337 0.061908 0.058314 0.054719 0.048932 0.040952 0.032972 0.032408 0.032561 0.03054 0.026343 0.022108 0.017819 0.013516
47 0.084397 0.081602 0.078371 0.075205 0.072086 0.068794 0.065327 0.061845 0.058216 0.054587 0.049022 0.041522 0.034021 0.033083 0.032778 0.030484 0.026199 0.021875 0.017499 0.013088
48 0.083883 0.081236 0.078145 0.075019 0.071867 0.068624 0.065291 0.061928 0.058264 0.054599 0.049204 0.042079 0.034954 0.033675 0.032961 0.030439 0.026108 0.021717 0.017246 0.012761
49 0.083557 0.080964 0.077918 0.074828 0.071703 0.068495 0.065203 0.061879 0.058223 0.054566 0.049362 0.042611 0.035859 0.034268 0.033175 0.030421 0.026007 0.02153 0.016968 0.012463
50 0.083025 0.080472 0.077598 0.074597 0.071501 0.068342 0.06512 0.061863 0.05825 0.054637 0.049625 0.043214 0.036803 0.034872 0.033375 0.030398 0.025942 0.021406 0.016764 0.012196
51 0.082531 0.07985 0.077244 0.074374 0.071307 0.068208 0.065076 0.061905 0.058324 0.054742 0.049898 0.043792 0.037685 0.035444 0.033576 0.03038 0.025856 0.02127 0.0166 0.011939
52 0.082021 0.079409 0.076763 0.073993 0.071131 0.068131 0.064993 0.061825 0.058339 0.054853 0.050203 0.04439 0.038576 0.036041 0.033823 0.030416 0.02582 0.021169 0.016442 0.011663
53 0.081439 0.07902 0.076433 0.073728 0.070935 0.067982 0.064869 0.06173 0.058319 0.054908 0.050448 0.04494 0.039432 0.036635 0.0341 0.030501 0.025837 0.021102 0.016273 0.011369
54 0.080822 0.078549 0.076068 0.073455 0.070743 0.067864 0.064816 0.061738 0.058345 0.054953 0.050645 0.045423 0.0402 0.037169 0.03435 0.03059 0.025887 0.021082 0.016141 0.01116
55 0.080281 0.078096 0.075703 0.073165 0.070519 0.067709 0.064736 0.061727 0.058344 0.054961 0.050816 0.045908 0.041 0.037724 0.034604 0.030677 0.025942 0.021081 0.016054 0.010949
56 0.079717 0.077594 0.075308 0.07284 0.070235 0.067508 0.064659 0.061765 0.058406 0.055047 0.051042 0.046391 0.041739 0.038254 0.034882 0.030798 0.026003 0.021071 0.015957 0.010783
57 0.079056 0.077047 0.074863 0.07251 0.070032 0.067384 0.064566 0.061708 0.058441 0.055173 0.051329 0.046909 0.042489 0.038776 0.035132 0.030898 0.026076 0.021089 0.015883 0.010638
58 0.078387 0.076493 0.074398 0.072147 0.069779 0.06723 0.0645 0.061727 0.058497 0.055267 0.051566 0.047393 0.043219 0.0393 0.035405 0.03103 0.026174 0.021142 0.015875 0.01047
59 0.077762 0.075947 0.073967 0.071835 0.069589 0.067115 0.064413 0.061672 0.058519 0.055366 0.051809 0.047849 0.043888 0.039806 0.035712 0.031197 0.026259 0.021157 0.015836 0.010302
60 0.077147 0.075377 0.073525 0.071467 0.069256 0.066861 0.064282 0.061657 0.058562 0.055467 0.052054 0.048322 0.044591 0.040343 0.036044 0.031406 0.02643 0.021252 0.015803 0.010154
61 0.076441 0.074787 0.073016 0.071068 0.068988 0.066699 0.064201 0.061657 0.058631 0.055604 0.052327 0.048801 0.045275 0.040857 0.036353 0.031589 0.026565 0.021322 0.01579 0.010028
62 0.075828 0.074211 0.072567 0.070725 0.068734 0.066528 0.064108 0.061639 0.058657 0.055674 0.052525 0.049208 0.045891 0.041337 0.036664 0.031795 0.026731 0.021429 0.015809 0.0099387
63 0.075085 0.073589 0.072115 0.070377 0.068439 0.06631 0.063988 0.061615 0.058704 0.055794 0.052781 0.049666 0.046551 0.041839 0.036972 0.031997 0.026913 0.021558 0.015844 0.0098618
64 0.07436 0.073096 0.07169 0.069997 0.068087 0.066044 0.063866 0.061628 0.058768 0.055908 0.053019 0.050099 0.047179 0.042328 0.037291 0.032212 0.027092 0.021685 0.015898 0.0097548
65 0.073692 0.072547 0.071208 0.069589 0.06776 0.065807 0.063731 0.061592 0.058818 0.056043 0.053277 0.050517 0.047758 0.042804 0.037639 0.032461 0.027272 0.02181 0.015986 0.0096869
66 0.072979 0.071731 0.070604 0.069157 0.06747 0.065638 0.06366 0.061619 0.058923 0.056227 0.053575 0.050968 0.048362 0.0433 0.038001 0.032725 0.027475 0.021939 0.016024 0.0096237
67 0.072045 0.071028 0.070077 0.068772 0.067201 0.065467 0.06357 0.061611 0.059002 0.056393 0.053859 0.051398 0.048937 0.043794 0.038392 0.033032 0.027713 0.022093 0.016071 0.0095457
68 0.071347 0.070376 0.069549 0.068384 0.066966 0.065331 0.063479 0.061568 0.059034 0.0565 0.054084 0.051787 0.049489 0.044256 0.038739 0.033298 0.027935 0.022247 0.01613 0.0095019
69 0.070331 0.06982 0.069008 0.067915 0.066611 0.065071 0.063296 0.061464 0.059038 0.056612 0.054347 0.052243 0.050139 0.044805 0.039159 0.033642 0.028255 0.022499 0.01625 0.0094942
70 0.06954 0.069194 0.068504 0.067499 0.066256 0.064825 0.063206 0.061517 0.059111 0.056705 0.054537 0.052608 0.050678 0.045273 0.039531 0.033945 0.028514 0.022694 0.016357 0.0095064
71 0.068662 0.068577 0.067916 0.067021 0.06595 0.064655 0.063135 0.06154 0.059165 0.056789 0.054722 0.052963 0.051203 0.045747 0.039932 0.034287 0.02881 0.022918 0.016473 0.0095343
72 0.067794 0.06763 0.067359 0.066688 0.065718 0.064514 0.063077 0.06156 0.059222 0.056883 0.054914 0.053312 0.051711 0.046209 0.040329 0.034641 0.029146 0.023183 0.016598 0.0095128
73 0.067007 0.066922 0.06672 0.06617 0.065359 0.064303 0.063002 0.061616 0.059346 0.057076 0.055189 0.053687 0.052184 0.046634 0.040692 0.034969 0.029464 0.023445 0.016742 0.0094724
74 0.066339 0.066416 0.06619 0.065718 0.065059 0.064116 0.062887 0.061573 0.059374 0.057176 0.055386 0.054004 0.052623 0.047036 0.041044 0.035288 0.02977 0.023699 0.016892 0.0094099
75 0.06555 0.065894 0.065636 0.065222 0.064689 0.063852 0.062711 0.061488 0.059417 0.057345 0.055672 0.054397 0.053121 0.047494 0.041446 0.035641 0.030081 0.023945 0.017045 0.0093539
76 0.064922 0.065379 0.065082 0.064702 0.064261 0.063553 0.062576 0.061507 0.059473 0.05744 0.055862 0.054737 0.053613 0.047923 0.041791 0.03594 0.030371 0.024195 0.01721 0.0094626
77 0.064257 0.064793 0.064477 0.06418 0.063895 0.063264 0.062287 0.061233 0.059398 0.057563 0.056135 0.055115 0.054094 0.048416 0.042287 0.036405 0.030771 0.024508 0.017408 0.0095132
78 0.063435 0.064285 0.063862 0.063648 0.06359 0.063058 0.062054 0.060993 0.059339 0.057684 0.056401 0.05549 0.054578 0.048888 0.042736 0.03683 0.03117 0.024833 0.017596 0.0095294
79 0.062576 0.063813 0.063292 0.063121 0.063214 0.062775 0.061805 0.060788 0.05929 0.057791 0.056638 0.055831 0.055025 0.049382 0.043271 0.037336 0.031576 0.025128 0.017767 0.0095821
80 0.061955 0.062991 0.062462 0.062394 0.062672 0.062454 0.061741 0.060961 0.059491 0.058021 0.056916 0.056174 0.055432 0.049834 0.043767 0.03781 0.031964 0.025416 0.017932 0.0096119
81 0.06108 0.061922 0.061528 0.061634 0.062115 0.062162 0.061774 0.061287 0.059779 0.058271 0.057197 0.056557 0.055916 0.050332 0.044269 0.038296 0.032412 0.02577 0.01812 0.0095786
82 0.060294 0.060921 0.060924 0.061093 0.061388 0.061545 0.061564 0.061454 0.060011 0.058568 0.05757 0.057019 0.056468 0.050851 0.044744 0.038736 0.032828 0.026117 0.018337 0.0095667
83 0.059083 0.059857 0.060358 0.060755 0.061074 0.061302 0.06144 0.061454 0.060184 0.058914 0.057985 0.057396 0.056808 0.051227 0.045163 0.039156 0.033207 0.026434 0.018567 0.0096374
84 0.0583 0.059278 0.059842 0.0603 0.060678 0.060983 0.061214 0.061327 0.060227 0.059126 0.058288 0.057712 0.057137 0.051609 0.045601 0.03959 0.033573 0.02673 0.018786 0.0096992
85 0.057534 0.058603 0.059429 0.060021 0.060439 0.060759 0.060982 0.061103 0.060166 0.059229 0.058505 0.057992 0.05748 0.052 0.046039 0.040018 0.033937 0.027018 0.018981 0.0097665
86 0.056871 0.057873 0.05894 0.059683 0.060182 0.06055 0.060786 0.060929 0.060106 0.059283 0.058651 0.058208 0.057765 0.052383 0.046522 0.040518 0.034371 0.027354 0.019178 0.0098459
87 0.056057 0.057358 0.05856 0.059359 0.059856 0.060223 0.060461 0.060621 0.059985 0.059349 0.058875 0.058562 0.05825 0.052811 0.046876 0.040883 0.034833 0.027781 0.019397 0.0099016
88 0.055334 0.056492 0.057948 0.0589 0.059472 0.059878 0.060118 0.060294 0.059804 0.059314 0.05903 0.05895 0.058871 0.053424 0.047458 0.041441 0.035372 0.028233 0.01967 0.0099975
89 0.054303 0.055541 0.057078 0.058235 0.059107 0.059656 0.059883 0.060059 0.059711 0.059363 0.059236 0.059331 0.059427 0.054044 0.048131 0.042097 0.035939 0.028711 0.020057 0.010088
90 0.053173 0.054735 0.05606 0.057321 0.058532 0.059343 0.059754 0.060105 0.059826 0.059547 0.059563 0.059875 0.060186 0.054686 0.048624 0.042532 0.036409 0.029166 0.020432 0.010131
91 0.052343 0.053744 0.055256 0.056647 0.057949 0.0589 0.059502 0.060045 0.059979 0.059913 0.060014 0.060282 0.060549 0.05514 0.049181 0.043119 0.036954 0.029614 0.020711 0.010156
92 0.051755 0.053145 0.054729 0.056155 0.05746 0.058485 0.05923 0.059921 0.060064 0.060208 0.060392 0.060616 0.06084 0.055522 0.049668 0.043582 0.037264 0.029837 0.020935 0.01019
93 0.051149 0.052907 0.05437 0.05571 0.056959 0.058075 0.05906 0.05997 0.060101 0.060232 0.060465 0.0608 0.061135 0.055837 0.049994 0.043924 0.037627 0.030186 0.021222 0.010278
94 0.05041 0.052435 0.053802 0.055169 0.056538 0.057766 0.058854 0.059863 0.060059 0.060255 0.060578 0.061029 0.06148 0.056206 0.050379 0.044377 0.038201 0.03073 0.021533 0.010337
95 0.04945 0.051782 0.053033 0.054511 0.056159 0.057536 0.058643 0.059689 0.060113 0.060538 0.060908 0.061225 0.061541 0.056501 0.050942 0.045051 0.038827 0.031229 0.0218 0.01052
96 0.048615 0.050942 0.05204 0.053572 0.05543 0.057074 0.058504 0.059851 0.060334 0.060818 0.061203 0.061488 0.061774 0.056958 0.051649 0.045835 0.039515 0.03176 0.022092 0.010548
97 0.047745 0.049982 0.051345 0.052958 0.054759 0.056579 0.058416 0.060122 0.060477 0.060832 0.061189 0.061547 0.061905 0.057397 0.052418 0.046679 0.040181 0.0323 0.022578 0.010591
98 0.046858 0.049277 0.050931 0.052522 0.054065 0.055987 0.058288 0.060392 0.060449 0.060507 0.060847 0.061471 0.062094 0.057908 0.053258 0.047595 0.040919 0.032868 0.022984 0.010782
99 0.045845 0.048588 0.050536 0.052172 0.053573 0.055546 0.058092 0.06041 0.060376 0.060343 0.060701 0.06145 0.062199 0.058328 0.054011 0.048376 0.041424 0.033301 0.023619 0.011112
100 0.044986 0.047519 0.049997 0.051849 0.05323 0.055299 0.058056 0.060562 0.06047 0.060378 0.060685 0.061391 0.062097 0.058555 0.054603 0.049041 0.041871 0.033741 0.024334 0.011336
101 0.043859 0.046716 0.049238 0.051216 0.052787 0.055087 0.058115 0.06085 0.060545 0.06024 0.060469 0.061234 0.061999 0.058833 0.055288 0.049912 0.042705 0.03447 0.024867 0.011569
102 0.042499 0.045715 0.048108 0.050412 0.052648 0.055212 0.058102 0.060711 0.060401 0.060092 0.060315 0.061069 0.061824 0.059187 0.056223 0.051052 0.043675 0.035252 0.025436 0.012068
103 0.04177 0.044674 0.047119 0.049688 0.052349 0.055215 0.058283 0.061037 0.060529 0.060022 0.06011 0.060795 0.06148 0.059351 0.056949 0.051986 0.044461 0.035933 0.026071 0.012178
104 0.041112 0.044252 0.046799 0.049459 0.052203 0.055304 0.058762 0.061798 0.06046 0.059122 0.059024 0.060164 0.061304 0.059498 0.057406 0.052607 0.0451 0.036579 0.026707 0.012339
105 0.040503 0.043853 0.04639 0.049158 0.052099 0.055338 0.058874 0.061952 0.060298 0.058643 0.058447 0.059709 0.060972 0.059537 0.057842 0.053239 0.045731 0.03723 0.027408 0.012777
106 0.040246 0.043555 0.045966 0.04883 0.052034 0.055337 0.058739 0.061688 0.059967 0.058245 0.058076 0.059458 0.060841 0.059665 0.058241 0.05378 0.046281 0.037786 0.027964 0.013301
107 0.039865 0.0433 0.045243 0.048128 0.051723 0.055375 0.059083 0.062267 0.060031 0.057796 0.057517 0.059195 0.060872 0.060028 0.05894 0.054461 0.046591 0.037938 0.028243 0.013403
108 0.038821 0.042316 0.044315 0.047447 0.051429 0.055396 0.059348 0.062722 0.060131 0.05754 0.057151 0.058965 0.060778 0.060303 0.059606 0.055338 0.047499 0.038677 0.028548 0.01367
109 0.037914 0.041297 0.043445 0.046787 0.051025 0.055471 0.060126 0.06407 0.060661 0.057252 0.05644 0.058224 0.060008 0.06015 0.060133 0.056199 0.04835 0.039465 0.029201 0.013782
110 0.03759 0.041162 0.043406 0.046623 0.050572 0.055024 0.059978 0.064152 0.06026 0.056368 0.055552 0.057811 0.060071 0.060407 0.060556 0.056818 0.04919 0.040393 0.030038 0.014028
111 0.037119 0.040868 0.043254 0.04626 0.049732 0.054264 0.059858 0.064565 0.060109 0.055653 0.054723 0.057318 0.059913 0.060795 0.061512 0.057896 0.049949 0.04102 0.030786 0.014407
112 0.036585 0.040474 0.043274 0.046256 0.049374 0.05395 0.059984 0.065056 0.060192 0.055327 0.054235 0.056913 0.059592 0.060889 0.062052 0.058448 0.050078 0.041131 0.031415 0.014776
113 0.036097 0.039991 0.042956 0.045987 0.049068 0.053754 0.060046 0.065364 0.06062 0.055875 0.054664 0.056985 0.059307 0.060812 0.062238 0.058533 0.049697 0.040737 0.031611 0.015654
114 0.036132 0.040438 0.043857 0.046529 0.048641 0.053182 0.060154 0.066021 0.060474 0.054928 0.053561 0.056376 0.05919 0.060895 0.062492 0.058792 0.049795 0.040833 0.031917 0.015793
115 0.035865 0.041238 0.044702 0.047059 0.048583 0.052943 0.060138 0.066146 0.059887 0.053627 0.052194 0.055588 0.058982 0.060808 0.062483 0.058951 0.050213 0.041339 0.032285 0.01697
