1 0 0 0 0 0 0 0 0 0 0 0 0 0 0 0 0 0 0 0 0
2 0 0 0 0 0 0 0 0 0 0 0 0 0 0 0 0 0 0 0 0
3 0 0 0 0 0 0 0 0 0 0 0 0 0 0 0 0 0 0 0 0
4 0 0 0 0 0 0 0 0 0 0 0 0 0 0 0 0 0 0 0 0
5 0 0 0 0 0 0 0 0 0 0 0 0 0 0 0 0 0 0 0 0
6 0 0 0 0 0 0 0 0 0 0 0 0 0 0 0 0 0 0 0 0
7 0 0 0 0 0 0 0 0 0 0 0 0 0 0 0 0 0 0 0 0
8 0 0 0 0 0 0 0 0 0 0 0 0 0 0 0 0 0 0 0 0
9 0 0 0 0 0 0 0 0 0 0 0 0 0 0 0 0 0 0 0 0
10 0 0 0 0 0 0 0 0 0 0 0 0 0 0 0 0 0 0 0 0
11 0 0 0 0 0 0 0 0 0 0 0 0 0 0 0 0 0 0 0 0
12 0 0 0 0 0 0 0 0 0 0 0 0 0 0 0 0 0 0 0 0
13 0 0 0 0 0 0 0 0 0 0 0 0 0 0 0 0 0 0 0 0
14 0 0 0 0 0 0 0 0 0 0 0 0 0 0 0 0 0 0 0 0
15 0 0 0 0 0 0 0 0 0 0 0 0 0 0 0 0 0 0 0 0
16 0 0 0 0 0 0 0 0 0 0 0 0 0 0 0 0 0 0 0 0
17 0 0 0 0 0 0 0 0 0 0 0 0 0 0 0 0 0 0 0 0
18 0 0 0 0 0 0 0 0 0 0 0 0 0 0 0 0 0 0 0 0
19 0 0 0 0 0 0 0 0 0 0 0 0 0 0 0 0 0 0 0 0
20 0 0 0 0 0 0 0 0 0 0 0 0 0 0 0 0 0 0 0 0
21 0 0 0 0 0 0 0 0 0 0 0 0 0 0 0 0 0 0 0 0
22 0 0 0 0 0 0 0 0 0 0 0 0 0 0 0 0 0 0 0 0
23 0 0 0 0 0 0 0 0 0 0 0 0 0 0 0 0 0 0 0 0
24 0 0 0 0 0 0 0 0 0 0 0 0 0 0 0 0 0 0 0 0
25 0 0 0 0 0 0 0 0 0 0 0 0 0 0 0 0 0 0 0 0
26 0.043272 0.046522 0.053493 0.055134 0.05277 0.053459 0.057202 0.060275 0.056438 0.052601 0.052382 0.055781 0.05918 0.055407 0.050939 0.045756 0.039856 0.036573 0.036773 0.036187
27 0.057271 0.06349 0.06577 0.066215 0.065282 0.06324 0.06009 0.056979 0.054273 0.051567 0.049521 0.048137 0.046752 0.044046 0.041212 0.037971 0.034324 0.031848 0.030933 0.031077
28 0.066046 0.068645 0.068204 0.067067 0.065406 0.062728 0.059033 0.055466 0.053229 0.050993 0.048658 0.046224 0.043791 0.041555 0.039339 0.037154 0.035 0.032555 0.029722 0.029184
29 0.069423 0.071622 0.069839 0.066986 0.06333 0.060396 0.058184 0.055934 0.053287 0.05064 0.048186 0.045923 0.04366 0.041388 0.039115 0.036881 0.034685 0.032469 0.030226 0.027826
30 0.072969 0.073846 0.069953 0.066583 0.063606 0.060848 0.058311 0.055773 0.05323 0.050688 0.048189 0.045734 0.043278 0.040948 0.038631 0.036278 0.033889 0.031458 0.028971 0.026816
31 0.074432 0.074192 0.070318 0.067123 0.064437 0.061694 0.058894 0.056115 0.053569 0.051023 0.048431 0.045793 0.043154 0.040561 0.037972 0.035403 0.032852 0.030373 0.027989 0.025674
32 0.077092 0.07405 0.07097 0.068004 0.065124 0.062243 0.059361 0.056495 0.053796 0.051096 0.048368 0.045612 0.042856 0.040108 0.037362 0.034657 0.031994 0.029401 0.026902 0.02451
33 0.077832 0.074972 0.071961 0.068939 0.065909 0.062914 0.059952 0.056993 0.054052 0.051111 0.048212 0.045357 0.042502 0.039606 0.036707 0.033912 0.031223 0.028551 0.025901 0.023395
34 0.078849 0.075707 0.072684 0.069644 0.06659 0.063533 0.060473 0.05741 0.054311 0.051212 0.048155 0.04514 0.042125 0.039165 0.03621 0.033321 0.030497 0.027698 0.024931 0.022344
35 0.079806 0.076643 0.073477 0.070294 0.067099 0.063931 0.06079 0.057649 0.054499 0.051348 0.048184 0.045007 0.041829 0.038786 0.035756 0.032772 0.029834 0.026924 0.024051 0.02132
36 0.080563 0.077381 0.07413 0.070887 0.067649 0.064384 0.061093 0.057808 0.054595 0.051382 0.048155 0.044916 0.041677 0.038539 0.035411 0.032304 0.029219 0.026199 0.023266 0.020442
37 0.081375 0.078042 0.074718 0.071392 0.068063 0.064735 0.061408 0.058081 0.054763 0.051445 0.048139 0.044846 0.041553 0.038309 0.035069 0.031848 0.028646 0.025513 0.022473 0.019583
38 0.082139 0.078602 0.075171 0.071793 0.068455 0.06508 0.061669 0.058261 0.0549 0.051539 0.048181 0.044825 0.041469 0.038107 0.034744 0.031421 0.028137 0.024917 0.021785 0.018803
39 0.0856 0.082863 0.079293 0.075652 0.071958 0.068435 0.065085 0.061698 0.057939 0.05418 0.047413 0.037638 0.027863 0.029463 0.032163 0.031737 0.028185 0.024592 0.020943 0.0173
40 0.086176 0.082974 0.079665 0.076195 0.072604 0.069055 0.065547 0.062012 0.058199 0.054386 0.04734 0.03706 0.02678 0.028778 0.031964 0.031699 0.027985 0.02426 0.020523 0.0168
41 0.086419 0.083336 0.079837 0.076394 0.072993 0.069494 0.065899 0.062278 0.058404 0.054529 0.047337 0.036828 0.026318 0.028489 0.031887 0.031651 0.02778 0.023904 0.020022 0.016202
42 0.086306 0.082903 0.079475 0.076052 0.072632 0.0692 0.065757 0.062294 0.058622 0.054949 0.048008 0.037797 0.027586 0.029198 0.031954 0.031354 0.027398 0.023432 0.019452 0.015631
43 0.085954 0.082578 0.079309 0.07597 0.072578 0.069114 0.065578 0.062036 0.058446 0.054856 0.048237 0.038588 0.02894 0.030036 0.03217 0.031204 0.027138 0.023101 0.019104 0.01506
44 0.085586 0.08203 0.079021 0.075837 0.072521 0.069103 0.065583 0.062057 0.058452 0.054847 0.048476 0.039339 0.030201 0.030768 0.032273 0.030979 0.026884 0.022794 0.018708 0.014543
45 0.085302 0.081994 0.078734 0.075511 0.072315 0.068989 0.065534 0.062063 0.058431 0.054798 0.048665 0.040032 0.031399 0.031461 0.032364 0.030769 0.026675 0.022536 0.018335 0.014094
46 0.084926 0.082021 0.078737 0.075447 0.072152 0.068794 0.065371 0.061932 0.058333 0.054734 0.048856 0.040699 0.032542 0.032138 0.032485 0.03058 0.026424 0.022218 0.017947 0.013664
47 0.084601 0.08172 0.078463 0.075234 0.072026 0.068717 0.065308 0.06188 0.058261 0.054641 0.049004 0.041348 0.033692 0.032868 0.032704 0.030495 0.026241 0.021949 0.017605 0.013243
48 0.084035 0.081365 0.078249 0.07512 0.071983 0.068714 0.065314 0.061892 0.05824 0.054587 0.049129 0.041866 0.034603 0.033448 0.032883 0.030448 0.026143 0.021778 0.017333 0.012868
49 0.083679 0.081054 0.077985 0.074911 0.071832 0.068621 0.065277 0.061903 0.05822 0.054536 0.049262 0.042396 0.03553 0.034046 0.033083 0.030411 0.02603 0.021588 0.017065 0.012576
50 0.083239 0.080694 0.077707 0.074655 0.071555 0.06838 0.065132 0.061852 0.058243 0.054635 0.049558 0.043012 0.036467 0.034653 0.033297 0.030398 0.025956 0.021442 0.016831 0.012294
51 0.08273 0.080058 0.077392 0.074473 0.071364 0.068242 0.065106 0.061928 0.058311 0.054694 0.049779 0.043565 0.037351 0.035226 0.033496 0.030382 0.025883 0.021315 0.016658 0.012048
52 0.082246 0.079546 0.0769 0.074107 0.071203 0.068188 0.065062 0.061898 0.05835 0.054801 0.050069 0.044153 0.038238 0.035812 0.033723 0.030394 0.025823 0.021202 0.016511 0.011774
53 0.081698 0.079168 0.076556 0.073828 0.071015 0.068042 0.06491 0.061751 0.05831 0.05487 0.050345 0.044737 0.039129 0.036423 0.033998 0.030465 0.025825 0.021122 0.016338 0.011469
54 0.081055 0.078695 0.07617 0.073535 0.070816 0.067922 0.064851 0.061751 0.058345 0.054938 0.050569 0.045238 0.039907 0.036977 0.034278 0.030578 0.025875 0.021085 0.016182 0.011233
55 0.080453 0.078214 0.075792 0.07326 0.070645 0.067818 0.064779 0.061709 0.058332 0.054955 0.050759 0.045744 0.040729 0.037531 0.034509 0.030641 0.025928 0.021091 0.01609 0.011022
56 0.079896 0.077762 0.075443 0.072956 0.070342 0.067581 0.064675 0.061728 0.058366 0.055005 0.050958 0.046225 0.041493 0.038083 0.034802 0.030773 0.025996 0.021084 0.015992 0.010841
57 0.079285 0.077249 0.075035 0.07264 0.070109 0.067423 0.064582 0.061704 0.058428 0.055153 0.051255 0.046735 0.042215 0.038581 0.035033 0.030854 0.026045 0.021079 0.015904 0.010689
58 0.078624 0.076697 0.074593 0.072298 0.069858 0.067258 0.064499 0.061699 0.058471 0.055244 0.051499 0.047237 0.042974 0.039116 0.035297 0.03097 0.026135 0.021122 0.015872 0.010537
59 0.077997 0.07619 0.074142 0.071947 0.069643 0.067142 0.064446 0.061706 0.058518 0.05533 0.051716 0.047678 0.04364 0.039614 0.03559 0.031125 0.026219 0.021146 0.01585 0.010362
60 0.077386 0.075608 0.073712 0.071621 0.069382 0.066951 0.064326 0.061658 0.058538 0.055417 0.051952 0.048143 0.044333 0.040143 0.035915 0.031321 0.026359 0.021211 0.015815 0.010209
61 0.076731 0.075029 0.073203 0.071203 0.069073 0.066753 0.064241 0.061681 0.058613 0.055546 0.052212 0.048611 0.045011 0.040661 0.036239 0.031523 0.026514 0.021294 0.015792 0.010069
62 0.07604 0.074424 0.072755 0.070879 0.068848 0.066611 0.064167 0.061672 0.058654 0.055636 0.05243 0.049035 0.04564 0.041143 0.03654 0.031713 0.026662 0.021382 0.015799 0.0099687
63 0.07533 0.073815 0.072263 0.070492 0.068555 0.066406 0.064045 0.061633 0.058689 0.055744 0.052677 0.049488 0.046299 0.041656 0.036872 0.031937 0.026851 0.021512 0.015838 0.0098953
64 0.074639 0.073297 0.071867 0.070152 0.068222 0.066144 0.063917 0.061633 0.058749 0.055865 0.052925 0.049928 0.046932 0.042132 0.037157 0.032121 0.027025 0.021639 0.015866 0.0097891
65 0.073928 0.072781 0.071396 0.069737 0.067873 0.065885 0.063775 0.061603 0.058795 0.055987 0.053173 0.050354 0.047535 0.042627 0.037517 0.032379 0.027212 0.02177 0.015963 0.0097125
66 0.073248 0.072 0.070839 0.069343 0.067594 0.065709 0.063689 0.061608 0.058887 0.056167 0.053471 0.050799 0.048128 0.043107 0.037859 0.032621 0.027393 0.021886 0.016007 0.0096455
67 0.072379 0.071288 0.070252 0.068893 0.067291 0.06553 0.063611 0.061628 0.058986 0.056345 0.053764 0.051243 0.048722 0.043609 0.038246 0.032919 0.027628 0.022039 0.016052 0.0095758
68 0.071616 0.070607 0.069798 0.068586 0.067069 0.065374 0.063501 0.061569 0.059016 0.056463 0.054005 0.051639 0.049274 0.044072 0.038596 0.033185 0.027839 0.022179 0.016101 0.0095097
69 0.070682 0.070022 0.069207 0.068103 0.066783 0.065203 0.063364 0.061472 0.059023 0.056574 0.054258 0.052076 0.049895 0.044597 0.038998 0.03351 0.028132 0.022402 0.016203 0.0094971
70 0.069812 0.069423 0.06868 0.067649 0.066402 0.064937 0.063253 0.061504 0.059085 0.056667 0.054464 0.052476 0.050489 0.045104 0.039392 0.033828 0.028413 0.022617 0.016315 0.00949
71 0.069048 0.068828 0.06811 0.067161 0.06604 0.064706 0.06316 0.061539 0.059149 0.056759 0.054654 0.052833 0.051012 0.045571 0.03978 0.034154 0.028694 0.022831 0.01643 0.0095395
72 0.06811 0.067971 0.067596 0.066845 0.065812 0.06456 0.063091 0.061543 0.059189 0.056835 0.054832 0.05318 0.051528 0.046042 0.040184 0.03451 0.029018 0.02308 0.016549 0.0095247
73 0.067285 0.06716 0.066939 0.066347 0.065475 0.064377 0.063051 0.061639 0.059327 0.057015 0.055089 0.053549 0.05201 0.046478 0.040559 0.034848 0.029344 0.023342 0.01668 0.0094855
74 0.066524 0.066632 0.066409 0.065901 0.065179 0.064187 0.062926 0.06158 0.059361 0.057142 0.055319 0.05389 0.052462 0.046883 0.040903 0.035161 0.029656 0.02361 0.016841 0.0094353
75 0.065906 0.066074 0.06584 0.065406 0.064822 0.063941 0.062761 0.061499 0.059383 0.057267 0.055554 0.054243 0.052932 0.047329 0.041312 0.035528 0.029979 0.023862 0.016987 0.0093749
76 0.065051 0.065584 0.065289 0.064896 0.064428 0.063681 0.062654 0.061536 0.059479 0.057422 0.055804 0.054623 0.053443 0.047762 0.041647 0.035807 0.030244 0.024088 0.017146 0.0094165
77 0.064563 0.065016 0.064674 0.064336 0.064 0.063357 0.062408 0.061372 0.059446 0.05752 0.056029 0.054973 0.053918 0.048231 0.042097 0.036225 0.030617 0.024387 0.017331 0.0094998
78 0.063701 0.06446 0.0641 0.063855 0.063695 0.063133 0.062168 0.061135 0.059394 0.057652 0.056303 0.055345 0.054387 0.0487 0.042555 0.036659 0.031011 0.024704 0.01752 0.0095229
79 0.06297 0.063998 0.063536 0.063357 0.063392 0.062891 0.061854 0.060774 0.059247 0.05772 0.056539 0.055703 0.054867 0.049206 0.043079 0.037154 0.031431 0.025024 0.017708 0.0095513
80 0.062197 0.063318 0.06276 0.062652 0.06288 0.062585 0.061765 0.060888 0.059408 0.057928 0.056806 0.056041 0.055275 0.049663 0.043582 0.037634 0.03182 0.025308 0.017869 0.0096202
81 0.061434 0.062372 0.061893 0.061903 0.06228 0.06223 0.061752 0.061184 0.059691 0.058197 0.0571 0.0564 0.0557 0.050127 0.044082 0.038123 0.032248 0.025639 0.018051 0.0095948
82 0.060636 0.061266 0.061076 0.061252 0.061702 0.061843 0.061676 0.061393 0.059916 0.058439 0.057417 0.05685 0.056283 0.050671 0.044572 0.038571 0.03267 0.02598 0.018242 0.0095461
83 0.059575 0.060278 0.060589 0.060897 0.061203 0.061397 0.06148 0.061438 0.060107 0.058777 0.057825 0.057251 0.056677 0.051075 0.044986 0.038981 0.03306 0.026316 0.018477 0.0096106
84 0.058602 0.05951 0.060043 0.060465 0.060804 0.061085 0.061308 0.061409 0.060234 0.05906 0.058177 0.057585 0.056994 0.051451 0.045429 0.039422 0.03343 0.026615 0.018703 0.0096751
85 0.057769 0.058844 0.059591 0.060128 0.060507 0.060817 0.061057 0.061189 0.060199 0.05921 0.058447 0.057913 0.057378 0.051865 0.045872 0.039849 0.033797 0.02691 0.018913 0.0097449
86 0.057122 0.058157 0.059113 0.059815 0.060325 0.060679 0.060877 0.060981 0.060118 0.059255 0.058587 0.058114 0.05764 0.052233 0.046349 0.040334 0.034189 0.027203 0.019096 0.0098129
87 0.056399 0.057545 0.058715 0.059482 0.059947 0.060312 0.060577 0.060755 0.060042 0.059328 0.058791 0.058431 0.05807 0.052651 0.046743 0.040744 0.034654 0.027616 0.019316 0.009884
88 0.055607 0.05684 0.058183 0.059075 0.059626 0.060016 0.060244 0.060406 0.059868 0.05933 0.058975 0.058805 0.058634 0.05319 0.047235 0.041227 0.035165 0.028059 0.019564 0.0099526
89 0.054729 0.055921 0.05749 0.058548 0.059223 0.059675 0.059904 0.06008 0.059699 0.059317 0.059149 0.059195 0.059242 0.05383 0.047891 0.04186 0.035736 0.028538 0.019909 0.010064
90 0.053607 0.05506 0.05639 0.057622 0.058779 0.059518 0.059839 0.060103 0.059772 0.059441 0.0594 0.059648 0.059897 0.054451 0.048455 0.042384 0.036238 0.028995 0.02029 0.010112
91 0.052688 0.05414 0.055517 0.056836 0.058113 0.059035 0.059602 0.060103 0.059928 0.059753 0.059827 0.060149 0.060471 0.054997 0.048964 0.04288 0.036748 0.02946 0.020635 0.010151
92 0.051993 0.053375 0.054854 0.056254 0.057594 0.058618 0.059325 0.059977 0.060066 0.060155 0.060302 0.060508 0.060713 0.055376 0.049502 0.043439 0.037186 0.029778 0.020831 0.010156
93 0.051422 0.053037 0.054536 0.055889 0.057132 0.058209 0.059119 0.05996 0.060091 0.060221 0.060437 0.060738 0.061039 0.055738 0.049894 0.043789 0.037423 0.029979 0.021098 0.010249
94 0.050724 0.052656 0.054054 0.055399 0.056705 0.057891 0.058957 0.059943 0.060094 0.060245 0.060527 0.060939 0.061351 0.056025 0.050143 0.044121 0.037958 0.030531 0.021422 0.010315
95 0.049821 0.052032 0.05334 0.05478 0.05632 0.057626 0.058701 0.059712 0.060068 0.060425 0.060794 0.061173 0.061553 0.056403 0.050718 0.044777 0.038578 0.031033 0.021696 0.01045
96 0.048885 0.051318 0.052478 0.053991 0.055767 0.057275 0.058514 0.059689 0.06021 0.060731 0.06112 0.061376 0.061633 0.056751 0.051373 0.045543 0.039261 0.031563 0.021977 0.010546
97 0.048042 0.050266 0.051567 0.053181 0.055031 0.056786 0.058446 0.059997 0.060422 0.060847 0.061222 0.061549 0.061875 0.057248 0.052142 0.046371 0.039936 0.0321 0.022398 0.010576
98 0.047193 0.04947 0.051051 0.052679 0.054342 0.056239 0.058369 0.060328 0.060505 0.060683 0.06101 0.061485 0.061961 0.057676 0.052932 0.047255 0.040646 0.032658 0.022834 0.010686
99 0.046227 0.048914 0.050711 0.052282 0.053683 0.055636 0.058141 0.060421 0.060376 0.06033 0.060696 0.061472 0.062249 0.058238 0.053765 0.048103 0.041254 0.033149 0.02337 0.010982
100 0.045348 0.04793 0.050193 0.051961 0.053356 0.055399 0.058091 0.060538 0.060454 0.06037 0.060672 0.06136 0.062048 0.058423 0.05438 0.048811 0.041716 0.033581 0.024064 0.011304
101 0.044359 0.047097 0.049645 0.051509 0.05286 0.055046 0.058068 0.060801 0.06055 0.0603 0.060551 0.061303 0.062054 0.058726 0.055004 0.049542 0.042341 0.034172 0.024714 0.011357
102 0.04306 0.046126 0.048508 0.050684 0.052705 0.055195 0.058152 0.060817 0.060453 0.060089 0.060305 0.061101 0.061897 0.059042 0.055835 0.050596 0.043324 0.034971 0.025176 0.011962
103 0.041937 0.045068 0.04751 0.049981 0.052476 0.055196 0.058141 0.060796 0.060451 0.060107 0.060267 0.06093 0.061594 0.059312 0.056746 0.0517 0.044175 0.035659 0.025825 0.012128
104 0.0414 0.044294 0.046908 0.049579 0.052291 0.055282 0.058553 0.061448 0.060462 0.059476 0.059467 0.060435 0.061402 0.059461 0.057239 0.052375 0.044868 0.03634 0.026453 0.012268
105 0.04059 0.04405 0.04654 0.049241 0.052099 0.055354 0.059006 0.062189 0.060523 0.058856 0.058623 0.059822 0.061022 0.059447 0.057603 0.052933 0.045435 0.036943 0.027126 0.012597
106 0.040262 0.043444 0.046123 0.049049 0.052161 0.055331 0.05856 0.061374 0.059893 0.058413 0.058342 0.059682 0.061022 0.059739 0.058203 0.053675 0.046156 0.037642 0.027804 0.013123
107 0.040085 0.043522 0.045507 0.048325 0.051768 0.055307 0.058943 0.062074 0.059989 0.057904 0.057669 0.059284 0.060899 0.059929 0.058708 0.054219 0.046463 0.037865 0.028147 0.013393
108 0.039261 0.04271 0.044652 0.047693 0.05156 0.055412 0.05925 0.062532 0.060059 0.057586 0.05725 0.059048 0.060847 0.060221 0.059359 0.055007 0.047163 0.03841 0.028444 0.013535
109 0.038256 0.041686 0.043773 0.04703 0.051165 0.05542 0.059794 0.063515 0.060474 0.057433 0.056792 0.05855 0.060308 0.060203 0.059918 0.055849 0.047997 0.039127 0.028905 0.013803
110 0.037748 0.041256 0.043404 0.046676 0.050793 0.055281 0.060142 0.064238 0.060432 0.056626 0.055771 0.057865 0.059959 0.060273 0.060415 0.056625 0.048902 0.040059 0.029726 0.013807
111 0.03731 0.040994 0.043319 0.046388 0.050015 0.054503 0.059852 0.064353 0.060094 0.055835 0.054979 0.057524 0.06007 0.060716 0.061178 0.057502 0.049687 0.040805 0.030503 0.014373
112 0.036792 0.040642 0.043278 0.046263 0.04951 0.054071 0.059947 0.064888 0.060178 0.055468 0.054405 0.05699 0.059574 0.060791 0.061876 0.058327 0.050144 0.041193 0.031218 0.014445
113 0.036097 0.040094 0.043007 0.046084 0.049283 0.053935 0.060039 0.065187 0.06045 0.055713 0.054576 0.057038 0.059499 0.060877 0.062149 0.058437 0.049741 0.040802 0.031541 0.01545
114 0.036196 0.040045 0.04345 0.046337 0.048837 0.053437 0.060137 0.065786 0.060572 0.055359 0.054045 0.05663 0.059216 0.060885 0.062466 0.058731 0.049681 0.040695 0.031792 0.015702
115 0.035909 0.041035 0.044469 0.04691 0.048605 0.053044 0.060227 0.066247 0.060242 0.054238 0.052795 0.055915 0.059034 0.060799 0.062433 0.058784 0.049853 0.04093 0.032018 0.016514
