1 0 0 0 0 0 0 0 0 0 0 0 0 0 0 0 0 0 0 0 0
2 0 0 0 0 0 0 0 0 0 0 0 0 0 0 0 0 0 0 0 0
3 0 0 0 0 0 0 0 0 0 0 0 0 0 0 0 0 0 0 0 0
4 0 0 0 0 0 0 0 0 0 0 0 0 0 0 0 0 0 0 0 0
5 0 0 0 0 0 0 0 0 0 0 0 0 0 0 0 0 0 0 0 0
6 0 0 0 0 0 0 0 0 0 0 0 0 0 0 0 0 0 0 0 0
7 0 0 0 0 0 0 0 0 0 0 0 0 0 0 0 0 0 0 0 0
8 0 0 0 0 0 0 0 0 0 0 0 0 0 0 0 0 0 0 0 0
9 0 0 0 0 0 0 0 0 0 0 0 0 0 0 0 0 0 0 0 0
10 0 0 0 0 0 0 0 0 0 0 0 0 0 0 0 0 0 0 0 0
11 0 0 0 0 0 0 0 0 0 0 0 0 0 0 0 0 0 0 0 0
12 0 0 0 0 0 0 0 0 0 0 0 0 0 0 0 0 0 0 0 0
13 0 0 0 0 0 0 0 0 0 0 0 0 0 0 0 0 0 0 0 0
14 0 0 0 0 0 0 0 0 0 0 0 0 0 0 0 0 0 0 0 0
15 0 0 0 0 0 0 0 0 0 0 0 0 0 0 0 0 0 0 0 0
16 0 0 0 0 0 0 0 0 0 0 0 0 0 0 0 0 0 0 0 0
17 0 0 0 0 0 0 0 0 0 0 0 0 0 0 0 0 0 0 0 0
18 0 0 0 0 0 0 0 0 0 0 0 0 0 0 0 0 0 0 0 0
19 0 0 0 0 0 0 0 0 0 0 0 0 0 0 0 0 0 0 0 0
20 0 0 0 0 0 0 0 0 0 0 0 0 0 0 0 0 0 0 0 0
21 0 0 0 0 0 0 0 0 0 0 0 0 0 0 0 0 0 0 0 0
22 0 0 0 0 0 0 0 0 0 0 0 0 0 0 0 0 0 0 0 0
23 0 0 0 0 0 0 0 0 0 0 0 0 0 0 0 0 0 0 0 0
24 0 0 0 0 0 0 0 0 0 0 0 0 0 0 0 0 0 0 0 0
25 0 0 0 0 0 0 0 0 0 0 0 0 0 0 0 0 0 0 0 0
26 0 0 0 0 0 0 0 0 0 0 0 0 0 0 0 0 0 0 0 0
27 0 0 0 0 0 0 0 0 0 0 0 0 0 0 0 0 0 0 0 0
28 0 0 0 0 0 0 0 0 0 0 0 0 0 0 0 0 0 0 0 0
29 0 0 0 0 0 0 0 0 0 0 0 0 0 0 0 0 0 0 0 0
30 0.043248 0.046501 0.053473 0.055117 0.052758 0.053438 0.057155 0.060208 0.056402 0.052596 0.052396 0.0558 0.059205 0.055434 0.050968 0.045786 0.039885 0.036603 0.036806 0.036222
31 0.05606 0.062295 0.06511 0.065923 0.065233 0.063313 0.060165 0.057051 0.054287 0.051523 0.04957 0.048427 0.047284 0.044556 0.041676 0.038344 0.034562 0.032047 0.03122 0.031353
32 0.065446 0.068715 0.067984 0.066908 0.065571 0.063026 0.059274 0.055648 0.053339 0.051029 0.048636 0.046161 0.043685 0.041499 0.039342 0.037174 0.034995 0.032555 0.029768 0.029247
33 0.0692 0.071387 0.069914 0.067156 0.063432 0.060414 0.058102 0.055766 0.053179 0.050592 0.048173 0.045922 0.043672 0.04141 0.039147 0.036928 0.034752 0.032555 0.030333 0.027965
34 0.07281 0.073843 0.070011 0.066612 0.063538 0.060748 0.058243 0.055735 0.053199 0.050663 0.048175 0.045736 0.043296 0.040972 0.038659 0.03632 0.033955 0.031533 0.029036 0.026914
35 0.074155 0.074243 0.070232 0.06701 0.06438 0.061681 0.058912 0.05616 0.053594 0.051027 0.048424 0.045785 0.043145 0.040572 0.038005 0.035453 0.032917 0.030454 0.028088 0.025764
36 0.077004 0.073994 0.070888 0.067909 0.065025 0.062156 0.059304 0.056466 0.053787 0.051107 0.048395 0.045651 0.042907 0.040161 0.037414 0.034719 0.032074 0.029484 0.026968 0.024586
37 0.077728 0.074872 0.071881 0.068874 0.065853 0.062866 0.059913 0.056962 0.054038 0.051113 0.048226 0.045377 0.042528 0.039646 0.036761 0.033975 0.031291 0.028626 0.025987 0.023483
38 0.078752 0.075616 0.072606 0.069581 0.066544 0.0635 0.06045 0.057397 0.054302 0.051208 0.048161 0.04516 0.042159 0.039203 0.036251 0.033369 0.030557 0.027766 0.025001 0.022416
39 0.078328 0.075773 0.072503 0.06916 0.065764 0.062571 0.059583 0.056903 0.05742 0.057937 0.053434 0.043912 0.03439 0.035605 0.037858 0.036308 0.030955 0.026895 0.024557 0.020146
40 0.082066 0.078662 0.075135 0.07167 0.068253 0.064925 0.061687 0.058611 0.057218 0.055824 0.050618 0.041598 0.032579 0.03373 0.035865 0.034398 0.029327 0.025481 0.023266 0.019087
41 0.08414 0.080953 0.077239 0.073597 0.070012 0.066633 0.063461 0.060288 0.057111 0.053933 0.048063 0.039499 0.030936 0.03203 0.034058 0.033058 0.029031 0.025389 0.02226 0.018308
42 0.085223 0.082329 0.078434 0.07468 0.071033 0.067622 0.064446 0.061232 0.057622 0.054012 0.047641 0.038508 0.029375 0.030472 0.032558 0.031909 0.028525 0.025062 0.021493 0.017824
43 0.085592 0.082816 0.079264 0.075613 0.071888 0.068362 0.065036 0.061671 0.057905 0.054139 0.047397 0.037677 0.027958 0.029531 0.032196 0.031759 0.02822 0.024635 0.020987 0.017352
44 0.086055 0.082934 0.079635 0.076148 0.07252 0.068968 0.065493 0.061989 0.058199 0.054409 0.047383 0.037121 0.026859 0.028834 0.031992 0.031719 0.028014 0.0243 0.020572 0.016857
45 0.086364 0.083303 0.079815 0.0764 0.073039 0.069545 0.065918 0.062268 0.058391 0.054514 0.047307 0.036769 0.026232 0.028445 0.031891 0.031683 0.027821 0.023954 0.020081 0.01626
46 0.086289 0.082923 0.07948 0.07604 0.072604 0.069174 0.065749 0.062303 0.058627 0.054951 0.047992 0.037752 0.027511 0.02916 0.031959 0.031386 0.02744 0.02348 0.0195 0.01568
47 0.085923 0.082527 0.079293 0.075977 0.0726 0.069138 0.065592 0.062043 0.058457 0.054872 0.048234 0.038542 0.02885 0.029988 0.032174 0.031234 0.02717 0.023136 0.019143 0.015107
48 0.085574 0.082022 0.079022 0.075828 0.072491 0.069074 0.065579 0.062073 0.058468 0.054862 0.048473 0.039302 0.030131 0.030733 0.032282 0.031009 0.026916 0.022828 0.018746 0.014587
49 0.085295 0.081992 0.078733 0.075511 0.072315 0.068989 0.065533 0.062061 0.058431 0.054801 0.048651 0.039982 0.031312 0.031418 0.032373 0.030805 0.026714 0.022576 0.018374 0.014134
50 0.084913 0.081975 0.078743 0.075466 0.072155 0.068792 0.065376 0.061944 0.058344 0.054744 0.04885 0.04066 0.03247 0.032099 0.032485 0.030602 0.02645 0.022249 0.017982 0.013702
51 0.08457 0.081734 0.078475 0.075233 0.072003 0.068691 0.065297 0.061883 0.05827 0.054656 0.049008 0.041324 0.03364 0.032839 0.032703 0.030512 0.026264 0.021977 0.017638 0.013282
52 0.084042 0.081373 0.078248 0.075122 0.071997 0.068727 0.065312 0.061878 0.058233 0.054588 0.049121 0.041834 0.034546 0.033416 0.032882 0.030464 0.026161 0.021799 0.01736 0.012898
53 0.083668 0.081047 0.077977 0.074903 0.071825 0.068618 0.065282 0.061915 0.058231 0.054547 0.04926 0.042369 0.035478 0.034016 0.03308 0.030424 0.026048 0.021612 0.017094 0.012606
54 0.083261 0.080721 0.077713 0.074653 0.071552 0.068378 0.06513 0.061851 0.058246 0.054641 0.049551 0.042977 0.036403 0.034616 0.033293 0.030411 0.025971 0.02146 0.016854 0.012319
55 0.082737 0.080087 0.077399 0.074473 0.071369 0.068246 0.065103 0.061919 0.058305 0.054691 0.049767 0.043532 0.037298 0.035196 0.033495 0.030396 0.025901 0.021336 0.016679 0.01207
56 0.082245 0.079548 0.076912 0.07412 0.071212 0.068197 0.065076 0.061916 0.058357 0.054798 0.05005 0.044115 0.03818 0.035777 0.033715 0.030401 0.025835 0.021218 0.016532 0.011797
57 0.081709 0.079173 0.07656 0.073836 0.071028 0.068056 0.064919 0.061756 0.058313 0.054871 0.050334 0.044702 0.039071 0.036387 0.033989 0.030471 0.025834 0.021137 0.016359 0.011495
58 0.081074 0.07871 0.076181 0.073544 0.070827 0.067929 0.06485 0.061743 0.058341 0.054939 0.050562 0.045209 0.039857 0.036947 0.034275 0.030586 0.025882 0.021095 0.016198 0.011252
59 0.080474 0.078234 0.075809 0.073271 0.070649 0.067818 0.064778 0.061709 0.058336 0.054963 0.050756 0.045714 0.040673 0.037495 0.034497 0.030644 0.025936 0.021102 0.016101 0.011041
60 0.079924 0.077791 0.075467 0.072975 0.070355 0.067589 0.064677 0.061724 0.058364 0.055004 0.050947 0.046194 0.04144 0.038047 0.034786 0.030769 0.025996 0.02109 0.016004 0.010856
61 0.079325 0.077284 0.075066 0.072661 0.070114 0.067422 0.064583 0.061705 0.058428 0.05515 0.051241 0.046702 0.042162 0.038546 0.035019 0.030852 0.026044 0.021082 0.015913 0.010702
62 0.078668 0.076736 0.074632 0.072328 0.069873 0.067264 0.064501 0.061696 0.058465 0.055233 0.051478 0.047198 0.042919 0.039079 0.035281 0.030965 0.026132 0.021122 0.015876 0.010553
63 0.078041 0.076235 0.074167 0.07196 0.069649 0.067146 0.064452 0.061714 0.058518 0.055322 0.051697 0.047644 0.043591 0.039579 0.035571 0.031117 0.026217 0.021149 0.015857 0.010376
64 0.077433 0.075649 0.073736 0.071639 0.069404 0.066969 0.064336 0.06166 0.058535 0.055409 0.051934 0.048107 0.044281 0.040104 0.035894 0.031309 0.026351 0.021208 0.015821 0.010222
65 0.076787 0.075075 0.073236 0.071226 0.069087 0.066761 0.064247 0.061684 0.058609 0.055534 0.052189 0.048574 0.044959 0.040624 0.036219 0.031514 0.026507 0.021291 0.015794 0.010079
66 0.076081 0.07447 0.072781 0.070898 0.068869 0.066628 0.064173 0.061669 0.05865 0.05563 0.052415 0.049005 0.045595 0.04111 0.036521 0.031702 0.026653 0.021377 0.0158 0.0099759
67 0.075386 0.073865 0.072294 0.070514 0.068578 0.066424 0.064051 0.061628 0.05868 0.055732 0.052657 0.049453 0.04625 0.041621 0.036854 0.031928 0.026841 0.021505 0.015837 0.0099005
68 0.074702 0.073327 0.071903 0.070188 0.068253 0.066164 0.063922 0.061623 0.058739 0.055855 0.052908 0.049896 0.046884 0.042094 0.037132 0.032106 0.027014 0.021632 0.015863 0.0097964
69 0.073983 0.072819 0.071433 0.069769 0.067898 0.065903 0.063784 0.061603 0.058789 0.055976 0.053154 0.050323 0.047492 0.042591 0.037489 0.032359 0.0272 0.021763 0.015956 0.0097168
70 0.073305 0.072063 0.070894 0.069383 0.067616 0.065719 0.063692 0.061603 0.058878 0.056153 0.053448 0.050764 0.04808 0.043067 0.037829 0.032599 0.027376 0.021875 0.016003 0.009649
71 0.072474 0.071347 0.070296 0.068924 0.067311 0.065542 0.063617 0.061629 0.058979 0.05633 0.053739 0.051207 0.048675 0.043568 0.038212 0.032892 0.027606 0.022024 0.016047 0.0095802
72 0.071662 0.070665 0.06986 0.068633 0.06709 0.06538 0.063504 0.061569 0.059012 0.056455 0.053987 0.051608 0.049229 0.044033 0.038566 0.033161 0.027819 0.022165 0.016095 0.0095101
73 0.070765 0.070073 0.069253 0.068144 0.06682 0.065233 0.063383 0.06148 0.059021 0.056562 0.054234 0.052036 0.049839 0.044549 0.03896 0.033478 0.028103 0.022379 0.01619 0.0094954
74 0.069883 0.069486 0.068723 0.067681 0.066429 0.064955 0.063259 0.0615 0.059078 0.056657 0.054446 0.052447 0.050447 0.045067 0.03936 0.033801 0.02839 0.0226 0.016305 0.0094854
75 0.069149 0.068885 0.068158 0.067198 0.066063 0.064719 0.063166 0.061538 0.059144 0.05675 0.054636 0.052802 0.050967 0.04553 0.039744 0.034123 0.028667 0.02281 0.016418 0.0095332
76 0.068199 0.068082 0.067655 0.066875 0.06583 0.064569 0.063093 0.061538 0.05918 0.056822 0.054811 0.053146 0.051481 0.045998 0.040147 0.034476 0.028986 0.023054 0.016535 0.0095223
77 0.067369 0.067242 0.067008 0.0664 0.065511 0.064395 0.063051 0.061622 0.059305 0.056989 0.055058 0.053514 0.051969 0.046441 0.040527 0.034818 0.029314 0.023318 0.016664 0.0094844
78 0.066597 0.066693 0.066468 0.065948 0.065208 0.064203 0.062933 0.061578 0.059354 0.057129 0.055297 0.053858 0.052419 0.046844 0.040869 0.03513 0.029627 0.023585 0.016824 0.009436
79 0.066008 0.066137 0.0659 0.065457 0.064857 0.063964 0.062778 0.061508 0.059377 0.057246 0.055521 0.054201 0.052881 0.047281 0.041267 0.035489 0.029947 0.023837 0.016969 0.0093743
80 0.065111 0.065646 0.065349 0.06495 0.064473 0.063712 0.062669 0.061535 0.059474 0.057412 0.055783 0.054587 0.053391 0.047717 0.04161 0.035776 0.030213 0.024062 0.017127 0.0094036
81 0.06464 0.065086 0.064749 0.064398 0.064036 0.063382 0.062436 0.061401 0.059453 0.057504 0.055997 0.05493 0.053864 0.048178 0.042044 0.036176 0.030574 0.024353 0.017308 0.0094922
82 0.063793 0.064526 0.064177 0.063922 0.063735 0.063157 0.062186 0.061146 0.05939 0.057634 0.056272 0.055304 0.054335 0.048649 0.042507 0.036614 0.030969 0.024669 0.017498 0.0095169
83 0.063081 0.06406 0.063608 0.063424 0.063442 0.062923 0.061868 0.06077 0.059234 0.057698 0.056509 0.055666 0.054822 0.049157 0.043026 0.037103 0.031389 0.024992 0.017687 0.00954
84 0.062267 0.063418 0.06285 0.062727 0.062939 0.062621 0.061774 0.06087 0.059386 0.057902 0.056774 0.056002 0.05523 0.049614 0.043529 0.037584 0.031777 0.025275 0.017847 0.0096155
85 0.061544 0.062498 0.062003 0.061991 0.062342 0.062261 0.061749 0.061151 0.059658 0.058165 0.057064 0.056356 0.055648 0.050072 0.044025 0.038066 0.032196 0.025596 0.018024 0.0095897
86 0.060733 0.061385 0.061137 0.061306 0.061789 0.061922 0.061706 0.061377 0.059891 0.058404 0.057372 0.056795 0.056217 0.05061 0.044517 0.038521 0.032622 0.025939 0.018213 0.009542
87 0.059724 0.060403 0.060662 0.060944 0.061243 0.061427 0.061497 0.061442 0.060091 0.058739 0.057777 0.057205 0.056633 0.051025 0.044929 0.038925 0.033011 0.026276 0.018447 0.0095982
88 0.058708 0.059587 0.060109 0.060523 0.060856 0.061127 0.061337 0.061424 0.060229 0.059035 0.05814 0.057544 0.056949 0.051401 0.045373 0.039367 0.033381 0.026574 0.018673 0.0096628
89 0.057857 0.058931 0.059649 0.060173 0.060552 0.060856 0.061085 0.061205 0.060199 0.059194 0.058419 0.057876 0.057332 0.051817 0.04582 0.039798 0.033749 0.02687 0.018886 0.0097324
90 0.05722 0.058259 0.059188 0.059868 0.060362 0.060705 0.060898 0.060997 0.06012 0.059244 0.058564 0.058081 0.057598 0.05218 0.046286 0.040271 0.034136 0.027161 0.019067 0.0097986
91 0.056521 0.057621 0.058779 0.059533 0.059984 0.060343 0.06061 0.060789 0.060052 0.059315 0.05876 0.058385 0.058011 0.052596 0.046692 0.040693 0.034597 0.027565 0.019284 0.0098713
92 0.055711 0.056959 0.058272 0.059142 0.059679 0.06006 0.060284 0.060439 0.059881 0.059324 0.058948 0.058753 0.058558 0.053114 0.047161 0.041156 0.035097 0.028002 0.019526 0.0099341
93 0.054875 0.056056 0.057605 0.058629 0.059258 0.059693 0.059935 0.060119 0.05971 0.0593 0.05911 0.059141 0.059172 0.053754 0.04781 0.04178 0.035666 0.028478 0.019861 0.010048
94 0.053767 0.055173 0.0565 0.057718 0.058855 0.059572 0.059866 0.060104 0.059756 0.059408 0.059349 0.059579 0.059809 0.054374 0.04839 0.042325 0.036176 0.028937 0.020244 0.010098
95 0.05282 0.05428 0.055611 0.056909 0.058182 0.059091 0.059637 0.060117 0.059911 0.059706 0.059768 0.060096 0.060425 0.054938 0.048888 0.042801 0.036677 0.029404 0.0206 0.010139
96 0.052093 0.053472 0.054949 0.056342 0.05767 0.058677 0.059361 0.05999 0.060051 0.060111 0.060244 0.06045 0.060656 0.055314 0.049435 0.043376 0.037138 0.029738 0.02079 0.010143
97 0.051529 0.053101 0.05461 0.055968 0.057215 0.058275 0.059148 0.059956 0.060086 0.060216 0.060422 0.060704 0.060986 0.055681 0.049837 0.043726 0.037349 0.029908 0.021052 0.01023
98 0.050839 0.052741 0.054144 0.055483 0.056772 0.057941 0.058987 0.059954 0.060096 0.060237 0.060503 0.060893 0.061284 0.055962 0.050089 0.044062 0.037882 0.030457 0.021374 0.010298
99 0.049963 0.052136 0.053452 0.054876 0.056381 0.057664 0.058724 0.059721 0.060055 0.06039 0.060751 0.061138 0.061525 0.056353 0.050643 0.044691 0.038497 0.030965 0.021652 0.010424
100 0.048999 0.051454 0.052624 0.054125 0.055873 0.05734 0.058526 0.059653 0.060176 0.060699 0.061082 0.061326 0.061569 0.056675 0.051285 0.045453 0.039179 0.031495 0.021934 0.010533
101 0.048176 0.050379 0.051656 0.053264 0.055119 0.056856 0.058475 0.059988 0.060414 0.06084 0.06121 0.061522 0.061834 0.05718 0.052045 0.046268 0.039849 0.032027 0.022337 0.010558
102 0.047345 0.049607 0.05113 0.052747 0.054434 0.056317 0.058396 0.060309 0.060509 0.060709 0.061026 0.061461 0.061897 0.057589 0.052823 0.047143 0.040549 0.032579 0.022777 0.010653
103 0.046403 0.049036 0.050793 0.052343 0.053738 0.055681 0.058172 0.060439 0.060379 0.06032 0.060676 0.061448 0.06222 0.058179 0.053672 0.048005 0.041178 0.033081 0.023294 0.010943
104 0.045494 0.048097 0.050288 0.052021 0.053411 0.05544 0.058108 0.060532 0.060442 0.060351 0.060652 0.061345 0.062038 0.058376 0.054292 0.048712 0.041635 0.033506 0.023978 0.01128
105 0.04453 0.047227 0.049757 0.051612 0.05296 0.055119 0.05809 0.060778 0.060541 0.060304 0.060554 0.061293 0.062031 0.058659 0.054889 0.049407 0.042213 0.034064 0.024645 0.011327
106 0.043255 0.046278 0.04868 0.050816 0.052754 0.055204 0.058168 0.060838 0.060472 0.060105 0.060312 0.061093 0.061874 0.058965 0.055699 0.050442 0.043197 0.034865 0.025087 0.011895
107 0.042035 0.045226 0.047664 0.050105 0.052549 0.055224 0.058129 0.060749 0.060424 0.060098 0.060268 0.060935 0.061601 0.059272 0.056654 0.051586 0.044069 0.035564 0.025744 0.012103
108 0.041532 0.044354 0.046982 0.04965 0.052348 0.055305 0.058522 0.061375 0.060465 0.059556 0.059558 0.060474 0.061389 0.059415 0.057161 0.05228 0.044772 0.036249 0.026373 0.01224
109 0.040676 0.044158 0.04663 0.049306 0.052136 0.055387 0.059059 0.062258 0.060578 0.058898 0.058647 0.059826 0.061005 0.059391 0.057506 0.052816 0.045322 0.036834 0.027025 0.012541
110 0.040372 0.043555 0.046212 0.049109 0.052187 0.055363 0.058639 0.061491 0.059966 0.058442 0.058341 0.059661 0.060982 0.059669 0.058102 0.05356 0.046044 0.037536 0.027711 0.013059
111 0.040185 0.043591 0.045613 0.048421 0.051818 0.055323 0.058936 0.062048 0.059989 0.057929 0.057695 0.059286 0.060877 0.059871 0.058615 0.054124 0.0464 0.037817 0.028092 0.01337
112 0.039434 0.042877 0.044811 0.047818 0.05163 0.055442 0.059253 0.062511 0.060049 0.057588 0.05725 0.059035 0.06082 0.060153 0.059249 0.054877 0.047036 0.038302 0.028378 0.013487
113 0.038411 0.041851 0.043914 0.047142 0.051243 0.055443 0.05974 0.063397 0.060434 0.057472 0.05686 0.058599 0.060339 0.060169 0.059814 0.055713 0.047866 0.039008 0.028804 0.013781
114 0.037841 0.041328 0.043444 0.046725 0.05088 0.055371 0.060198 0.064267 0.060502 0.056736 0.055861 0.057875 0.05989 0.060188 0.06032 0.056516 0.048775 0.039929 0.029614 0.01374
115 0.037417 0.041081 0.043391 0.046481 0.050158 0.054626 0.059886 0.064312 0.060111 0.05591 0.055055 0.057546 0.060037 0.060629 0.061037 0.057349 0.049563 0.040698 0.030396 0.014317
