1 0 0 0 0 0 0 0 0 0 0 0 0 0 0 0 0 0 0 0 0
2 0 0 0 0 0 0 0 0 0 0 0 0 0 0 0 0 0 0 0 0
3 0 0 0 0 0 0 0 0 0 0 0 0 0 0 0 0 0 0 0 0
4 0 0 0 0 0 0 0 0 0 0 0 0 0 0 0 0 0 0 0 0
5 0 0 0 0 0 0 0 0 0 0 0 0 0 0 0 0 0 0 0 0
6 0 0 0 0 0 0 0 0 0 0 0 0 0 0 0 0 0 0 0 0
7 0 0 0 0 0 0 0 0 0 0 0 0 0 0 0 0 0 0 0 0
8 0 0 0 0 0 0 0 0 0 0 0 0 0 0 0 0 0 0 0 0
9 0 0 0 0 0 0 0 0 0 0 0 0 0 0 0 0 0 0 0 0
10 0 0 0 0 0 0 0 0 0 0 0 0 0 0 0 0 0 0 0 0
11 0 0 0 0 0 0 0 0 0 0 0 0 0 0 0 0 0 0 0 0
12 0 0 0 0 0 0 0 0 0 0 0 0 0 0 0 0 0 0 0 0
13 0 0 0 0 0 0 0 0 0 0 0 0 0 0 0 0 0 0 0 0
14 0 0 0 0 0 0 0 0 0 0 0 0 0 0 0 0 0 0 0 0
15 0 0 0 0 0 0 0 0 0 0 0 0 0 0 0 0 0 0 0 0
16 0 0 0 0 0 0 0 0 0 0 0 0 0 0 0 0 0 0 0 0
17 0 0 0 0 0 0 0 0 0 0 0 0 0 0 0 0 0 0 0 0
18 0 0 0 0 0 0 0 0 0 0 0 0 0 0 0 0 0 0 0 0
19 0 0 0 0 0 0 0 0 0 0 0 0 0 0 0 0 0 0 0 0
20 0 0 0 0 0 0 0 0 0 0 0 0 0 0 0 0 0 0 0 0
21 0 0 0 0 0 0 0 0 0 0 0 0 0 0 0 0 0 0 0 0
22 0.043164 0.046402 0.053352 0.054984 0.052623 0.053554 0.057777 0.061249 0.056957 0.052665 0.052211 0.055595 0.058979 0.055232 0.050797 0.045627 0.039722 0.036435 0.036631 0.036045
23 0.058192 0.06458 0.06633 0.066424 0.065274 0.063123 0.059973 0.056867 0.054215 0.051562 0.049436 0.047836 0.046236 0.04355 0.040759 0.037699 0.034368 0.031963 0.030791 0.030821
24 0.066215 0.068581 0.068401 0.067207 0.065253 0.06249 0.058919 0.055466 0.053229 0.050993 0.048677 0.046283 0.043888 0.041606 0.039336 0.037135 0.035004 0.032554 0.029679 0.029084
25 0.06965 0.071776 0.069771 0.066895 0.063365 0.060455 0.058167 0.055852 0.053254 0.050656 0.048219 0.045944 0.043669 0.041392 0.039114 0.036865 0.034644 0.032404 0.030138 0.02777
26 0.073122 0.073853 0.069885 0.066573 0.063753 0.061031 0.058409 0.055793 0.053245 0.050698 0.048189 0.045718 0.043248 0.040908 0.03858 0.036212 0.033802 0.031367 0.028899 0.026715
27 0.074604 0.074114 0.070399 0.067231 0.064474 0.061715 0.058954 0.056208 0.053619 0.05103 0.048417 0.045781 0.043144 0.040533 0.037924 0.035338 0.032775 0.030281 0.027882 0.025576
28 0.07709 0.074073 0.071069 0.068118 0.065207 0.062303 0.059408 0.056528 0.053815 0.051102 0.048363 0.045598 0.042833 0.040066 0.0373 0.034586 0.031924 0.029338 0.026854 0.024427
29 0.077944 0.075043 0.072022 0.068996 0.065967 0.062964 0.05999 0.057017 0.054064 0.051111 0.048204 0.045343 0.042481 0.039571 0.036656 0.033852 0.03116 0.028482 0.02582 0.023313
30 0.078946 0.075796 0.072761 0.069706 0.066635 0.063565 0.060496 0.057423 0.05432 0.051216 0.04815 0.045121 0.042092 0.039128 0.036171 0.033274 0.030438 0.027632 0.024864 0.022264
31 0.079899 0.076723 0.073564 0.070375 0.067164 0.063983 0.060833 0.057681 0.054505 0.05133 0.048152 0.044973 0.041793 0.038743 0.035705 0.032717 0.029779 0.026863 0.023976 0.021241
32 0.080658 0.077457 0.074185 0.070931 0.067691 0.064421 0.061122 0.057828 0.0546 0.051373 0.048138 0.044898 0.041657 0.038513 0.035378 0.032263 0.029169 0.026142 0.023206 0.020368
33 0.081441 0.078099 0.074767 0.071432 0.068096 0.064761 0.061427 0.058093 0.054771 0.05145 0.048138 0.044838 0.041538 0.038285 0.035037 0.031811 0.028606 0.025468 0.022419 0.019523
34 0.082158 0.078672 0.075225 0.071842 0.068507 0.065126 0.061699 0.058277 0.054899 0.051521 0.048159 0.044813 0.041467 0.038095 0.034722 0.031387 0.028091 0.024866 0.021735 0.018737
35 0.082628 0.079147 0.07571 0.072287 0.068876 0.065446 0.061999 0.058551 0.055096 0.051642 0.048193 0.04475 0.041307 0.037867 0.034427 0.031025 0.027661 0.024341 0.021077 0.017969
36 0.083108 0.079623 0.076124 0.072659 0.069218 0.06575 0.062256 0.05876 0.055247 0.051734 0.048224 0.044715 0.041207 0.037692 0.034177 0.030691 0.027234 0.023825 0.020478 0.017277
37 0.083417 0.079912 0.076508 0.073036 0.069512 0.066 0.062501 0.058995 0.055421 0.051846 0.048273 0.0447 0.041127 0.037549 0.033969 0.030408 0.026866 0.023372 0.019942 0.016647
38 0.083727 0.080271 0.076788 0.073299 0.069805 0.066279 0.062719 0.059156 0.055557 0.051958 0.048344 0.044715 0.041086 0.037435 0.033781 0.030139 0.02651 0.022939 0.019444 0.016051
39 0.085985 0.082622 0.079323 0.075964 0.072559 0.069093 0.065565 0.062032 0.058436 0.054841 0.04824 0.038634 0.029028 0.030082 0.032167 0.031176 0.027107 0.023067 0.019064 0.015014
40 0.085599 0.082038 0.079023 0.075847 0.072551 0.069132 0.065589 0.062041 0.058437 0.054834 0.048479 0.039372 0.030265 0.030798 0.032264 0.030949 0.026854 0.02276 0.018669 0.014499
41 0.085287 0.082011 0.078784 0.075553 0.072318 0.068976 0.065524 0.062057 0.058422 0.054788 0.048672 0.040075 0.031479 0.031498 0.032352 0.03073 0.026633 0.022493 0.018295 0.014053
42 0.084941 0.082069 0.078734 0.075428 0.072146 0.068791 0.065365 0.061923 0.058324 0.054726 0.048864 0.040738 0.032612 0.032177 0.032486 0.030558 0.026394 0.022184 0.017912 0.013628
43 0.084633 0.081708 0.078453 0.075237 0.07205 0.068744 0.06532 0.061878 0.05825 0.054622 0.048995 0.041369 0.033743 0.032896 0.032704 0.030479 0.026219 0.021921 0.017573 0.013204
44 0.084029 0.081357 0.078251 0.075119 0.071969 0.068702 0.065316 0.061907 0.058246 0.054586 0.049137 0.041898 0.034659 0.033478 0.032884 0.030433 0.026126 0.021757 0.017306 0.01284
45 0.083697 0.081068 0.077999 0.074914 0.071816 0.0686 0.065263 0.061896 0.058213 0.054531 0.049268 0.042426 0.035583 0.034077 0.033087 0.030399 0.026013 0.021565 0.017037 0.012547
46 0.083219 0.080668 0.0777 0.074657 0.071557 0.068383 0.065134 0.061853 0.058241 0.054628 0.049564 0.043046 0.036529 0.034689 0.033301 0.030386 0.025942 0.021425 0.01681 0.012268
47 0.082726 0.080033 0.077388 0.074475 0.071362 0.068238 0.065104 0.061927 0.058312 0.054697 0.049792 0.043599 0.037405 0.035256 0.033498 0.030368 0.025865 0.021296 0.016638 0.012022
48 0.082222 0.079546 0.076891 0.074097 0.071197 0.068181 0.06505 0.061882 0.058344 0.054806 0.050089 0.044192 0.038295 0.035847 0.033732 0.030387 0.025813 0.021186 0.01649 0.011751
49 0.081664 0.079167 0.076555 0.073825 0.071006 0.068031 0.064901 0.061744 0.058307 0.05487 0.050358 0.044772 0.039187 0.036459 0.034008 0.03046 0.025816 0.021109 0.016318 0.011444
50 0.081037 0.078681 0.07616 0.073526 0.070806 0.067914 0.064852 0.061759 0.058348 0.054937 0.050577 0.045267 0.039956 0.037005 0.034282 0.030569 0.025867 0.021076 0.016167 0.011214
51 0.08044 0.078202 0.075784 0.073248 0.070624 0.067799 0.064773 0.061716 0.058334 0.054952 0.050764 0.045772 0.040779 0.037564 0.03452 0.03064 0.025922 0.021082 0.01608 0.011005
52 0.07987 0.077736 0.075422 0.07294 0.070331 0.067576 0.064674 0.061732 0.05837 0.055008 0.050969 0.046254 0.041538 0.038115 0.034817 0.030776 0.025992 0.021075 0.01598 0.010826
53 0.079247 0.077215 0.075006 0.072621 0.070104 0.067425 0.064583 0.061703 0.058428 0.055153 0.051266 0.046767 0.042269 0.038617 0.035048 0.030857 0.026046 0.021076 0.015895 0.010676
54 0.07858 0.076659 0.074556 0.072269 0.069843 0.067253 0.064498 0.061702 0.058477 0.055251 0.051516 0.047273 0.043029 0.039153 0.035313 0.030975 0.026138 0.021123 0.015868 0.010521
55 0.077954 0.076145 0.074117 0.071935 0.069637 0.067138 0.064439 0.061698 0.058518 0.055338 0.051736 0.047712 0.043688 0.039649 0.035609 0.031133 0.026221 0.021143 0.015843 0.010348
56 0.077341 0.075565 0.073688 0.071603 0.069362 0.066933 0.064317 0.061657 0.058541 0.055425 0.051971 0.048178 0.044385 0.04018 0.035936 0.031332 0.026368 0.021214 0.015809 0.010197
57 0.076674 0.074983 0.07317 0.071181 0.06906 0.066745 0.064235 0.061677 0.058617 0.055557 0.052234 0.048648 0.045061 0.040698 0.036259 0.031533 0.026521 0.021296 0.015789 0.01006
58 0.076002 0.074383 0.072727 0.070858 0.068829 0.066595 0.064155 0.061665 0.058654 0.055643 0.052447 0.049067 0.045687 0.041179 0.036561 0.031726 0.026672 0.021389 0.015799 0.0099621
59 0.07528 0.073768 0.072235 0.070471 0.068533 0.066388 0.064036 0.061631 0.058693 0.055755 0.052699 0.049524 0.046349 0.041692 0.036891 0.031948 0.026862 0.02152 0.015838 0.0098902
60 0.074576 0.073254 0.071829 0.070119 0.068193 0.066125 0.063914 0.061644 0.05876 0.055876 0.052943 0.049962 0.04698 0.042169 0.037182 0.032138 0.027037 0.021646 0.015869 0.0097821
61 0.073875 0.072743 0.071359 0.069705 0.067848 0.065868 0.063766 0.061602 0.0588 0.055997 0.053192 0.050385 0.047578 0.042662 0.037543 0.032397 0.027224 0.021778 0.01597 0.0097082
62 0.073188 0.071939 0.070787 0.069302 0.067568 0.065695 0.063685 0.061612 0.058897 0.056181 0.053494 0.050836 0.048177 0.043148 0.037889 0.032643 0.02741 0.021897 0.016012 0.0096423
63 0.072285 0.071228 0.070209 0.068863 0.067271 0.065519 0.063605 0.061628 0.058993 0.056359 0.053787 0.051278 0.048769 0.04365 0.038279 0.032946 0.027649 0.022053 0.016058 0.0095716
64 0.07157 0.070549 0.069738 0.068539 0.067049 0.065369 0.063498 0.061568 0.05902 0.056472 0.054022 0.051671 0.04932 0.044111 0.038627 0.033209 0.027858 0.022193 0.016108 0.0095094
65 0.0706 0.069972 0.069161 0.068062 0.066746 0.065174 0.063345 0.061463 0.059024 0.056585 0.054282 0.052116 0.04995 0.044645 0.039036 0.033541 0.028161 0.022425 0.016215 0.0094988
66 0.069744 0.069361 0.068639 0.067617 0.06637 0.064911 0.063243 0.061508 0.059093 0.056678 0.054482 0.052507 0.050532 0.045143 0.039424 0.033855 0.028436 0.022636 0.016326 0.0094949
67 0.068948 0.068772 0.068062 0.067125 0.066018 0.064694 0.063155 0.06154 0.059155 0.056769 0.054672 0.052864 0.051056 0.045612 0.039816 0.034186 0.028722 0.022852 0.016441 0.0095412
68 0.068022 0.06786 0.067531 0.066809 0.065791 0.064552 0.06309 0.061549 0.059199 0.056849 0.054854 0.053215 0.051576 0.046086 0.040223 0.034545 0.029051 0.023107 0.016564 0.0095273
69 0.067205 0.067082 0.066874 0.066298 0.065444 0.064358 0.063041 0.061637 0.059338 0.057039 0.055123 0.053588 0.052054 0.046518 0.040594 0.03488 0.029374 0.023369 0.016697 0.0094871
70 0.066466 0.066569 0.066349 0.065852 0.065149 0.064171 0.062917 0.061579 0.059366 0.057154 0.055338 0.053921 0.052503 0.046923 0.04094 0.035194 0.029686 0.023634 0.016856 0.0094344
71 0.065804 0.066012 0.065779 0.065355 0.064787 0.063917 0.062744 0.061489 0.059389 0.057289 0.055588 0.054285 0.052983 0.047377 0.041356 0.035568 0.030012 0.023887 0.017005 0.0093756
72 0.065004 0.065521 0.06523 0.064843 0.064385 0.063649 0.062636 0.061532 0.059482 0.057432 0.055824 0.054657 0.05349 0.047805 0.041683 0.03584 0.030276 0.024117 0.017165 0.0094294
73 0.064487 0.064945 0.0646 0.064275 0.063965 0.063333 0.06238 0.061344 0.05944 0.057536 0.056061 0.055015 0.053969 0.048283 0.042149 0.036274 0.03066 0.024422 0.017354 0.0095075
74 0.06361 0.064395 0.064024 0.063789 0.063656 0.06311 0.062151 0.061124 0.059397 0.057669 0.056332 0.055384 0.054437 0.048749 0.042603 0.036705 0.031054 0.02474 0.017542 0.0095292
75 0.06285 0.063936 0.063464 0.063291 0.063342 0.062858 0.06184 0.060778 0.05926 0.057742 0.056569 0.055741 0.054913 0.049256 0.043132 0.037204 0.031473 0.025056 0.017729 0.0095627
76 0.062125 0.063216 0.062671 0.062577 0.062822 0.062549 0.061757 0.060905 0.05943 0.057955 0.056839 0.056081 0.055323 0.049713 0.043634 0.037684 0.031862 0.025342 0.017891 0.009625
77 0.061319 0.06224 0.061778 0.061816 0.06223 0.06221 0.061757 0.061212 0.059718 0.058223 0.057133 0.056448 0.055763 0.050188 0.044139 0.038175 0.032297 0.025679 0.018076 0.009599
78 0.060526 0.061146 0.061016 0.061198 0.061616 0.061765 0.061647 0.061409 0.059942 0.058474 0.057462 0.056906 0.056349 0.050733 0.044627 0.038622 0.032718 0.026022 0.018272 0.0095505
79 0.059424 0.060151 0.060514 0.060849 0.061162 0.061368 0.061466 0.061439 0.060127 0.058816 0.057872 0.057296 0.056721 0.051124 0.045041 0.039036 0.033108 0.026356 0.018507 0.0096229
80 0.058497 0.059432 0.059976 0.060407 0.060752 0.061043 0.061279 0.061393 0.060239 0.059085 0.058214 0.057626 0.057039 0.051501 0.045485 0.039478 0.033479 0.026656 0.018733 0.0096875
81 0.057682 0.05876 0.059531 0.060083 0.060469 0.060786 0.061032 0.061171 0.060197 0.059223 0.058474 0.057947 0.057421 0.051912 0.045921 0.039898 0.033843 0.02695 0.018941 0.0097571
82 0.057026 0.058056 0.059041 0.059758 0.060274 0.060638 0.06085 0.060968 0.060119 0.05927 0.058613 0.058149 0.057686 0.052288 0.046414 0.0404 0.034247 0.027249 0.019126 0.0098277
83 0.056277 0.057468 0.05865 0.059431 0.059909 0.06028 0.060543 0.060722 0.060032 0.059341 0.058823 0.058476 0.058129 0.052707 0.046794 0.040795 0.034711 0.027667 0.019348 0.0098968
84 0.055502 0.05672 0.058096 0.059008 0.059572 0.059971 0.060205 0.060372 0.059854 0.059336 0.059003 0.058857 0.05871 0.053266 0.047309 0.041298 0.035232 0.028116 0.019603 0.0099711
85 0.054584 0.055786 0.057362 0.058455 0.059185 0.059658 0.059876 0.060043 0.05969 0.059337 0.059191 0.059252 0.059314 0.053908 0.047974 0.041941 0.035808 0.028599 0.019958 0.01008
86 0.053445 0.054946 0.05628 0.057525 0.058702 0.059464 0.059812 0.060102 0.059789 0.059475 0.059452 0.059718 0.059984 0.054528 0.048519 0.042443 0.0363 0.029053 0.020336 0.010126
87 0.052553 0.053998 0.05542 0.056766 0.058055 0.05899 0.059571 0.060088 0.059943 0.059799 0.059884 0.060199 0.060515 0.055056 0.049038 0.042959 0.036818 0.029516 0.02067 0.010163
88 0.051887 0.053276 0.054788 0.056199 0.057535 0.058565 0.059288 0.059958 0.060071 0.060184 0.060345 0.060555 0.060765 0.055433 0.049565 0.043498 0.037231 0.029816 0.020871 0.010168
89 0.051314 0.052971 0.054462 0.055809 0.057048 0.058142 0.059089 0.059965 0.060095 0.060226 0.060451 0.060772 0.061094 0.055795 0.049952 0.043853 0.037498 0.03005 0.021146 0.010267
90 0.050604 0.052567 0.053959 0.055311 0.056632 0.057836 0.058922 0.059927 0.060088 0.060248 0.060546 0.06098 0.061414 0.056097 0.050223 0.044204 0.03804 0.030602 0.021468 0.010331
91 0.049678 0.051927 0.053227 0.054683 0.056257 0.057588 0.058677 0.059703 0.060082 0.060461 0.060836 0.061209 0.061582 0.056454 0.050794 0.044863 0.03866 0.031102 0.02174 0.010475
92 0.04877 0.051179 0.052331 0.053856 0.05566 0.057209 0.058501 0.059726 0.060245 0.060763 0.061157 0.061427 0.061697 0.056828 0.051462 0.045634 0.039345 0.031631 0.02202 0.01056
93 0.047918 0.050151 0.051474 0.053095 0.054939 0.056715 0.058423 0.060017 0.060435 0.060852 0.061232 0.061573 0.061914 0.057314 0.052236 0.046472 0.040021 0.032171 0.022458 0.010593
94 0.047047 0.049364 0.050979 0.052607 0.054246 0.056157 0.058339 0.060342 0.060498 0.060654 0.06099 0.061506 0.062022 0.057761 0.053039 0.047365 0.04074 0.032735 0.022891 0.010718
95 0.04605 0.048791 0.050629 0.052222 0.053629 0.055592 0.058111 0.060404 0.060373 0.060342 0.060715 0.061494 0.062274 0.058296 0.053858 0.048204 0.041332 0.033217 0.023447 0.011021
96 0.045197 0.047758 0.050098 0.0519 0.053298 0.055355 0.058071 0.06054 0.060463 0.060385 0.060692 0.061384 0.062076 0.05848 0.054469 0.048908 0.041795 0.033655 0.024148 0.011328
97 0.044176 0.046955 0.049509 0.0514 0.052794 0.055013 0.058057 0.060811 0.060556 0.060301 0.060554 0.061313 0.062072 0.058786 0.055109 0.049668 0.042462 0.034274 0.024778 0.011413
98 0.042863 0.045973 0.048335 0.050551 0.052656 0.055184 0.058136 0.060795 0.060434 0.060074 0.060299 0.061109 0.06192 0.059121 0.055973 0.05075 0.043453 0.035077 0.025266 0.01203
99 0.041839 0.04491 0.047355 0.049858 0.052403 0.055169 0.058154 0.060844 0.060481 0.060118 0.060267 0.060928 0.061589 0.05935 0.056831 0.051808 0.04428 0.035757 0.025907 0.012153
100 0.041265 0.044233 0.046834 0.049506 0.052233 0.055259 0.058583 0.06152 0.060459 0.059397 0.059376 0.060396 0.061415 0.059508 0.057319 0.05247 0.044964 0.036432 0.026534 0.012297
101 0.040508 0.04394 0.046449 0.049174 0.052061 0.05532 0.058952 0.062118 0.060466 0.058814 0.058598 0.059819 0.06104 0.059504 0.057702 0.053051 0.04555 0.037053 0.027229 0.012653
102 0.040172 0.043432 0.046042 0.048957 0.0521 0.055297 0.058548 0.06138 0.059879 0.058378 0.058307 0.059665 0.061024 0.059772 0.058267 0.053757 0.046239 0.037724 0.02788 0.013179
103 0.039983 0.043451 0.0454 0.048228 0.051717 0.055291 0.05895 0.0621 0.05999 0.05788 0.057644 0.059284 0.060923 0.059987 0.058801 0.054315 0.046527 0.037914 0.028202 0.013415
104 0.039086 0.042542 0.044492 0.047567 0.051488 0.055381 0.059247 0.062553 0.060069 0.057585 0.05725 0.059063 0.060876 0.060289 0.059471 0.055138 0.047292 0.038518 0.028511 0.013583
105 0.038098 0.041519 0.04363 0.046916 0.051085 0.055396 0.059849 0.063634 0.060515 0.057395 0.056724 0.058501 0.060278 0.060239 0.060024 0.055987 0.048129 0.039248 0.029007 0.013824
106 0.037645 0.041175 0.043355 0.046618 0.050695 0.05518 0.060074 0.0642 0.060382 0.056565 0.055729 0.057875 0.060021 0.060349 0.060501 0.056725 0.049021 0.040183 0.029834 0.013872
107 0.037204 0.040909 0.04325 0.046297 0.049875 0.054383 0.059822 0.0644 0.060083 0.055765 0.054902 0.057493 0.060085 0.060793 0.06132 0.057661 0.049816 0.040917 0.030614 0.014409
108 0.036673 0.040538 0.043225 0.046214 0.049428 0.054 0.05993 0.064919 0.060183 0.055447 0.054378 0.056975 0.059573 0.06084 0.061977 0.058435 0.050214 0.041256 0.031317 0.01448
109 0.03605 0.040009 0.042883 0.045954 0.049172 0.053861 0.060022 0.065222 0.060492 0.055762 0.054611 0.05704 0.059469 0.060895 0.062225 0.058527 0.0498 0.040851 0.031607 0.015546
110 0.036113 0.040097 0.043506 0.046338 0.048738 0.053327 0.060104 0.065818 0.060537 0.055255 0.053937 0.056583 0.059228 0.060924 0.062527 0.058809 0.049768 0.040783 0.031871 0.015736
111 0.035783 0.04106 0.044502 0.046924 0.048579 0.053005 0.060203 0.066232 0.060175 0.054117 0.052676 0.055852 0.059027 0.060838 0.062518 0.058882 0.049931 0.040995 0.032078 0.016624
112 0.036113 0.041481 0.045013 0.047074 0.048029 0.052193 0.059566 0.065712 0.059174 0.052635 0.051372 0.055384 0.059396 0.061039 0.062453 0.059137 0.05109 0.042536 0.033307 0.017298
113 0.036335 0.042057 0.045813 0.047473 0.047559 0.051691 0.059869 0.06669 0.059485 0.05228 0.050756 0.054913 0.05907 0.060585 0.061846 0.058656 0.051017 0.042668 0.033374 0.017862
114 0.036347 0.043557 0.046966 0.048385 0.048308 0.052307 0.060382 0.067079 0.059538 0.051997 0.049913 0.053287 0.05666 0.059341 0.061956 0.059356 0.051543 0.042674 0.032399 0.018004
115 0.035927 0.044286 0.047786 0.049058 0.048655 0.05243 0.060382 0.067 0.059821 0.052642 0.050295 0.052778 0.055262 0.05834 0.061476 0.059349 0.051961 0.042982 0.031888 0.017681
