1 0 0 0 0 0 0 0 0 0 0 0 0 0 0 0 0 0 0 0 0
2 0 0 0 0 0 0 0 0 0 0 0 0 0 0 0 0 0 0 0 0
3 0 0 0 0 0 0 0 0 0 0 0 0 0 0 0 0 0 0 0 0
4 0 0 0 0 0 0 0 0 0 0 0 0 0 0 0 0 0 0 0 0
5 0 0 0 0 0 0 0 0 0 0 0 0 0 0 0 0 0 0 0 0
6 0 0 0 0 0 0 0 0 0 0 0 0 0 0 0 0 0 0 0 0
7 0 0 0 0 0 0 0 0 0 0 0 0 0 0 0 0 0 0 0 0
8 0 0 0 0 0 0 0 0 0 0 0 0 0 0 0 0 0 0 0 0
9 0 0 0 0 0 0 0 0 0 0 0 0 0 0 0 0 0 0 0 0
10 0 0 0 0 0 0 0 0 0 0 0 0 0 0 0 0 0 0 0 0
11 0 0 0 0 0 0 0 0 0 0 0 0 0 0 0 0 0 0 0 0
12 0 0 0 0 0 0 0 0 0 0 0 0 0 0 0 0 0 0 0 0
13 0 0 0 0 0 0 0 0 0 0 0 0 0 0 0 0 0 0 0 0
14 0 0 0 0 0 0 0 0 0 0 0 0 0 0 0 0 0 0 0 0
15 0 0 0 0 0 0 0 0 0 0 0 0 0 0 0 0 0 0 0 0
16 0 0 0 0 0 0 0 0 0 0 0 0 0 0 0 0 0 0 0 0
17 0 0 0 0 0 0 0 0 0 0 0 0 0 0 0 0 0 0 0 0
18 0 0 0 0 0 0 0 0 0 0 0 0 0 0 0 0 0 0 0 0
19 0 0 0 0 0 0 0 0 0 0 0 0 0 0 0 0 0 0 0 0
20 0 0 0 0 0 0 0 0 0 0 0 0 0 0 0 0 0 0 0 0
21 0 0 0 0 0 0 0 0 0 0 0 0 0 0 0 0 0 0 0 0
22 0 0 0 0 0 0 0 0 0 0 0 0 0 0 0 0 0 0 0 0
23 0 0 0 0 0 0 0 0 0 0 0 0 0 0 0 0 0 0 0 0
24 0.043249 0.046501 0.053474 0.055117 0.052759 0.053438 0.057155 0.060209 0.056402 0.052596 0.052395 0.0558 0.059204 0.055433 0.050968 0.045785 0.039885 0.036602 0.036805 0.036222
25 0.048531 0.056622 0.060525 0.062272 0.062397 0.061846 0.060616 0.059119 0.054846 0.050573 0.049121 0.05049 0.051859 0.048847 0.045411 0.041197 0.036205 0.033343 0.033316 0.032865
26 0.061004 0.0662 0.067419 0.067175 0.065832 0.063482 0.060126 0.056832 0.054186 0.05154 0.048968 0.04647 0.043973 0.041796 0.03965 0.037427 0.035126 0.032767 0.030329 0.029698
27 0.068338 0.070939 0.069524 0.066998 0.063638 0.060637 0.057993 0.055391 0.053213 0.051035 0.048656 0.046077 0.043497 0.041324 0.03919 0.037082 0.035001 0.032704 0.030117 0.028645
28 0.072329 0.073157 0.070027 0.066836 0.063598 0.060669 0.05805 0.055441 0.052932 0.050423 0.047998 0.045657 0.043315 0.041061 0.038815 0.036547 0.034257 0.031911 0.029491 0.027488
29 0.073142 0.073743 0.0703 0.067197 0.064348 0.061559 0.05883 0.056109 0.05348 0.050852 0.04827 0.045736 0.043201 0.040675 0.03815 0.035684 0.033276 0.030861 0.028436 0.026149
30 0.076041 0.074191 0.070786 0.067634 0.064673 0.061841 0.059139 0.056438 0.053741 0.051045 0.048348 0.045651 0.042954 0.040304 0.037659 0.035018 0.032381 0.029809 0.027323 0.025024
31 0.077404 0.074484 0.071526 0.068538 0.065527 0.062568 0.059662 0.056763 0.053944 0.051126 0.048311 0.045498 0.042686 0.039846 0.037003 0.034253 0.031595 0.028969 0.026386 0.023912
32 0.078357 0.075397 0.072337 0.069302 0.066287 0.063272 0.060256 0.057239 0.054196 0.051154 0.048164 0.045226 0.042287 0.03937 0.036454 0.033601 0.03081 0.028067 0.025389 0.022834
33 0.079351 0.076162 0.07307 0.069956 0.066824 0.063714 0.060626 0.057535 0.054413 0.051291 0.04818 0.04508 0.04198 0.038983 0.035995 0.033052 0.030153 0.027297 0.024499 0.021837
34 0.08029 0.077059 0.073851 0.070636 0.067415 0.064178 0.060924 0.057677 0.054505 0.051333 0.048149 0.044953 0.041757 0.038662 0.035577 0.032522 0.029497 0.026527 0.023632 0.020854
35 0.081129 0.077806 0.074517 0.071202 0.067866 0.064547 0.061245 0.057947 0.054685 0.051423 0.048146 0.044854 0.041561 0.038366 0.035181 0.032024 0.028896 0.025821 0.022815 0.01997
36 0.081726 0.078359 0.074979 0.07161 0.068251 0.064895 0.061542 0.05819 0.054841 0.051492 0.048153 0.044823 0.041493 0.038196 0.034902 0.031636 0.028399 0.02522 0.022118 0.019174
37 0.082332 0.078879 0.075466 0.072056 0.068647 0.065243 0.061842 0.058438 0.055014 0.051589 0.048178 0.044779 0.04138 0.037987 0.034595 0.031234 0.027904 0.024629 0.021428 0.018382
38 0.082821 0.079391 0.075906 0.072459 0.06904 0.065596 0.062128 0.058656 0.055155 0.051654 0.048177 0.044722 0.041267 0.037799 0.034329 0.030883 0.027462 0.024098 0.020809 0.017649
39 0.086467 0.083268 0.079676 0.076256 0.072966 0.069492 0.065834 0.062156 0.05828 0.054403 0.047234 0.036772 0.02631 0.028493 0.031899 0.031703 0.027906 0.024102 0.020286 0.016496
40 0.086428 0.083357 0.07973 0.076166 0.072648 0.069175 0.065748 0.062293 0.058547 0.054801 0.047736 0.037351 0.026966 0.02884 0.0319 0.03148 0.027579 0.023657 0.019707 0.015891
41 0.086079 0.082685 0.079356 0.07601 0.072651 0.069209 0.065685 0.062153 0.058545 0.054938 0.04816 0.038211 0.028262 0.029625 0.032082 0.031292 0.027254 0.023237 0.019247 0.01532
42 0.085837 0.082404 0.079193 0.075854 0.072418 0.068983 0.065548 0.062098 0.058487 0.054877 0.048379 0.038994 0.029609 0.030421 0.032219 0.031078 0.026997 0.022932 0.018889 0.014783
43 0.085466 0.082195 0.079014 0.075756 0.072439 0.069032 0.065534 0.062025 0.0584 0.054776 0.048517 0.039626 0.030734 0.031074 0.032307 0.030874 0.026775 0.022653 0.018502 0.014299
44 0.085068 0.081983 0.078864 0.075604 0.072237 0.06885 0.06544 0.062012 0.058386 0.05476 0.048755 0.040372 0.031989 0.031797 0.032397 0.030636 0.026513 0.022345 0.018118 0.013873
45 0.084714 0.081965 0.078623 0.075327 0.072065 0.068732 0.065328 0.061906 0.0583 0.054693 0.048941 0.041043 0.033146 0.032515 0.032588 0.030519 0.026311 0.022063 0.017763 0.013459
46 0.084318 0.08159 0.07837 0.075204 0.072079 0.068783 0.065317 0.061837 0.058206 0.054575 0.049038 0.041594 0.03415 0.033161 0.032796 0.030468 0.026179 0.021847 0.017456 0.01303
47 0.083846 0.081207 0.078111 0.07499 0.071852 0.068618 0.065289 0.061929 0.058255 0.05458 0.049212 0.04215 0.035089 0.03376 0.032985 0.030427 0.026084 0.021685 0.017211 0.01272
48 0.083511 0.080934 0.077874 0.074779 0.071656 0.068458 0.065185 0.061879 0.058232 0.054585 0.049407 0.042697 0.035987 0.03435 0.033204 0.030417 0.025991 0.021503 0.016931 0.01242
49 0.082959 0.080389 0.077564 0.074578 0.07147 0.068315 0.065112 0.061873 0.058259 0.054644 0.049654 0.043289 0.036924 0.034952 0.033404 0.030397 0.025932 0.021387 0.016738 0.012159
50 0.082458 0.079771 0.077155 0.074307 0.071284 0.068207 0.065074 0.061903 0.058334 0.054764 0.049947 0.043882 0.037817 0.03553 0.033609 0.030382 0.025848 0.021253 0.016579 0.011898
51 0.081945 0.079351 0.076712 0.073956 0.071111 0.068117 0.064974 0.061803 0.058334 0.054866 0.050245 0.044472 0.038698 0.036124 0.03386 0.030425 0.025819 0.021156 0.016416 0.011616
52 0.081349 0.078942 0.076369 0.073682 0.070909 0.067969 0.064863 0.06173 0.05833 0.054929 0.05049 0.045013 0.039536 0.036709 0.034138 0.030517 0.025843 0.021096 0.016249 0.011336
53 0.080736 0.078471 0.076009 0.073414 0.070721 0.067851 0.064804 0.061728 0.058346 0.054964 0.050682 0.045499 0.040317 0.037247 0.034382 0.030597 0.025894 0.021083 0.016126 0.011126
54 0.080192 0.078042 0.075676 0.073142 0.070482 0.067673 0.064715 0.06172 0.058344 0.054967 0.050844 0.045975 0.041107 0.037799 0.034643 0.030693 0.025949 0.021077 0.016037 0.010921
55 0.07965 0.077549 0.075274 0.07281 0.070204 0.067478 0.064632 0.061743 0.058404 0.055065 0.051084 0.046462 0.041839 0.03832 0.034908 0.030803 0.026006 0.021067 0.01594 0.010762
56 0.078978 0.07698 0.074806 0.072461 0.069988 0.067352 0.064554 0.061715 0.05845 0.055186 0.051362 0.046978 0.042594 0.038848 0.035164 0.03091 0.026085 0.021092 0.015877 0.010619
57 0.078309 0.076427 0.074335 0.072094 0.06974 0.067209 0.064501 0.061746 0.058513 0.05528 0.051593 0.04745 0.043308 0.039365 0.035441 0.031046 0.02618 0.021142 0.015876 0.010445
58 0.077684 0.075864 0.073902 0.071787 0.06956 0.067098 0.064403 0.061668 0.05852 0.055372 0.051835 0.047909 0.043983 0.039878 0.035757 0.031223 0.026279 0.021167 0.015832 0.01028
59 0.077066 0.075296 0.073446 0.071402 0.069212 0.066836 0.064273 0.061664 0.058572 0.055481 0.052084 0.048383 0.044681 0.040415 0.036094 0.031441 0.026455 0.021264 0.0158 0.010133
60 0.076341 0.074705 0.072953 0.071025 0.068965 0.066689 0.064197 0.061657 0.058635 0.055612 0.052352 0.048853 0.045354 0.04092 0.036396 0.031619 0.026588 0.021336 0.015791 0.010014
61 0.075706 0.074131 0.072493 0.070664 0.068692 0.0665 0.06409 0.06163 0.058661 0.055692 0.052565 0.049278 0.045992 0.041415 0.036714 0.031828 0.026759 0.021447 0.015814 0.0099274
62 0.07499 0.07351 0.07206 0.070332 0.068394 0.066272 0.063966 0.061608 0.058711 0.055813 0.052821 0.049734 0.046647 0.041909 0.037011 0.03202 0.026937 0.021576 0.015846 0.0098435
63 0.074255 0.073018 0.071622 0.069938 0.068037 0.066005 0.063843 0.06162 0.058773 0.055926 0.053056 0.050163 0.04727 0.042402 0.037343 0.032249 0.027119 0.021704 0.015912 0.0097449
64 0.073588 0.07241 0.071122 0.069534 0.067722 0.065784 0.06372 0.061595 0.058834 0.056074 0.053324 0.050587 0.047849 0.042877 0.03769 0.032497 0.027299 0.021827 0.01599 0.0096774
65 0.07287 0.071621 0.07051 0.069084 0.067422 0.065611 0.06365 0.061625 0.058938 0.056252 0.053618 0.051036 0.048455 0.043376 0.038056 0.032766 0.027507 0.02196 0.016029 0.0096151
66 0.071919 0.070925 0.070017 0.068735 0.06717 0.065444 0.063555 0.061604 0.059008 0.056413 0.053896 0.051459 0.049022 0.043862 0.03844 0.033066 0.027741 0.022112 0.016078 0.0095341
67 0.071163 0.070294 0.069461 0.068314 0.066932 0.065315 0.063462 0.061552 0.059036 0.05652 0.054126 0.051855 0.049584 0.044335 0.038798 0.033346 0.027979 0.022282 0.016145 0.009501
68 0.070178 0.069732 0.068922 0.067841 0.066557 0.065039 0.063287 0.061476 0.059051 0.056627 0.054378 0.052305 0.050232 0.044885 0.03922 0.03369 0.028294 0.022527 0.016267 0.0094928
69 0.069433 0.069104 0.068401 0.067405 0.066191 0.064787 0.063193 0.061529 0.059127 0.056726 0.054572 0.052666 0.05076 0.045345 0.039592 0.033995 0.028557 0.022727 0.016375 0.0095142
70 0.068518 0.068453 0.067845 0.066978 0.065915 0.06463 0.063123 0.06154 0.05917 0.0568 0.054748 0.053014 0.051281 0.045817 0.039994 0.03434 0.028857 0.022954 0.01649 0.0095328
71 0.067668 0.067523 0.067266 0.066614 0.065665 0.064484 0.063069 0.061573 0.059242 0.05691 0.054951 0.053366 0.051781 0.046272 0.040383 0.034691 0.029195 0.023223 0.016617 0.0095069
72 0.066889 0.066856 0.066649 0.066106 0.065311 0.064268 0.062977 0.061602 0.059347 0.057093 0.055223 0.053738 0.052252 0.046695 0.040745 0.035017 0.029512 0.023486 0.016767 0.0094658
73 0.066264 0.066329 0.066103 0.065639 0.064998 0.064073 0.062863 0.061568 0.05938 0.057193 0.055418 0.054055 0.052692 0.047103 0.041105 0.035343 0.029819 0.023737 0.016914 0.0094028
74 0.065416 0.065816 0.065549 0.065142 0.064628 0.063814 0.062698 0.061499 0.059438 0.057378 0.055717 0.054456 0.053195 0.047556 0.041493 0.03568 0.030119 0.023979 0.017069 0.0093589
75 0.064851 0.065286 0.064989 0.064617 0.064188 0.063495 0.06254 0.061492 0.059475 0.057459 0.055897 0.054789 0.053681 0.047992 0.04186 0.036005 0.030427 0.024238 0.017238 0.0094815
76 0.064108 0.064696 0.064399 0.06412 0.063854 0.063232 0.062253 0.061202 0.059393 0.057585 0.056177 0.055171 0.054166 0.048485 0.042352 0.036467 0.030829 0.024556 0.017437 0.0095188
77 0.063327 0.064208 0.063786 0.063585 0.063551 0.063021 0.061995 0.060918 0.059304 0.057691 0.056438 0.055546 0.054655 0.048969 0.04282 0.036909 0.031235 0.024883 0.017627 0.0095328
78 0.062409 0.063704 0.063172 0.063015 0.063139 0.06273 0.061788 0.060798 0.059312 0.057825 0.056685 0.05589 0.055096 0.049459 0.043355 0.037415 0.031641 0.025176 0.017794 0.0095964
79 0.061829 0.06285 0.062335 0.062283 0.062579 0.062397 0.061737 0.061005 0.059534 0.058063 0.056961 0.05623 0.055498 0.049907 0.043844 0.037885 0.032028 0.025464 0.01796 0.0096102
80 0.060967 0.061745 0.061392 0.061534 0.062047 0.062125 0.061769 0.061311 0.059804 0.058297 0.057235 0.056619 0.056003 0.050415 0.044346 0.038367 0.032479 0.025824 0.018149 0.0095733
81 0.060129 0.060768 0.060844 0.061043 0.061335 0.061501 0.061544 0.061457 0.060031 0.058606 0.05762 0.057073 0.056526 0.050911 0.044806 0.038798 0.032888 0.026169 0.018374 0.0095796
82 0.058961 0.05976 0.060271 0.060678 0.061006 0.06125 0.06141 0.061446 0.060201 0.058956 0.058038 0.057446 0.056855 0.051283 0.045228 0.039221 0.033261 0.026479 0.018601 0.009648
83 0.058165 0.059169 0.059753 0.060233 0.060633 0.060947 0.061176 0.061289 0.06022 0.05915 0.058333 0.057769 0.057205 0.05168 0.045674 0.039659 0.033633 0.026779 0.018821 0.009713
84 0.057429 0.058494 0.05935 0.059969 0.06041 0.060737 0.060952 0.061066 0.060152 0.059238 0.058529 0.058026 0.057523 0.052059 0.046115 0.040096 0.034 0.027065 0.019011 0.0097783
85 0.056757 0.057748 0.058871 0.059632 0.060122 0.060491 0.060742 0.060899 0.060097 0.059294 0.058683 0.058264 0.057845 0.052454 0.046582 0.040579 0.034444 0.02742 0.019215 0.0098611
86 0.055909 0.057241 0.058469 0.059288 0.0598 0.060174 0.060411 0.060573 0.059961 0.05935 0.058904 0.058624 0.058345 0.052905 0.046965 0.040969 0.034915 0.02785 0.019439 0.0099102
87 0.055194 0.05636 0.057846 0.058815 0.059397 0.059814 0.060067 0.060255 0.059781 0.059306 0.059049 0.05901 0.058972 0.053528 0.047562 0.041541 0.035464 0.028308 0.019715 0.010017
88 0.054137 0.055424 0.0569 0.058078 0.059033 0.059634 0.059882 0.060076 0.059724 0.059372 0.059261 0.059393 0.059525 0.054142 0.048226 0.042185 0.036018 0.028779 0.020115 0.010097
89 0.053048 0.054584 0.055911 0.057185 0.05842 0.059264 0.059715 0.060104 0.059847 0.059589 0.05963 0.059968 0.060306 0.054784 0.048697 0.042596 0.036482 0.029239 0.020492 0.01014
90 0.052249 0.053647 0.055153 0.056548 0.05786 0.058831 0.059459 0.060028 0.06 0.059971 0.060079 0.060326 0.060572 0.055191 0.049264 0.043212 0.037035 0.029675 0.020742 0.010159
91 0.051673 0.053121 0.054688 0.056099 0.057392 0.058419 0.05918 0.059888 0.060052 0.060217 0.060418 0.060654 0.06089 0.055582 0.049737 0.043642 0.037298 0.029864 0.020979 0.010209
92 0.051017 0.052839 0.05429 0.055634 0.056898 0.058033 0.059038 0.059967 0.060105 0.060242 0.060484 0.060829 0.061175 0.055879 0.050037 0.043982 0.037713 0.030273 0.021274 0.010291
93 0.05025 0.052316 0.053682 0.055073 0.056483 0.057727 0.058806 0.059811 0.060053 0.060295 0.060637 0.061079 0.061522 0.056271 0.05047 0.044478 0.038296 0.030807 0.021577 0.010366
94 0.049283 0.051668 0.052901 0.05439 0.05607 0.057476 0.058608 0.059681 0.060135 0.06059 0.060963 0.061255 0.061547 0.056554 0.05105 0.045179 0.038941 0.031318 0.021851 0.01054
95 0.048476 0.050761 0.05184 0.053393 0.055302 0.057004 0.058498 0.059902 0.060372 0.060843 0.061227 0.061526 0.061824 0.05705 0.051786 0.04598 0.039632 0.031855 0.022174 0.010556
96 0.047606 0.04985 0.05124 0.052854 0.054637 0.056486 0.0584 0.060174 0.0605 0.060827 0.061177 0.06155 0.061923 0.057468 0.052546 0.046824 0.040299 0.032393 0.022647 0.010599
97 0.04671 0.049193 0.050875 0.05245 0.053944 0.055878 0.05825 0.060414 0.060426 0.060438 0.060788 0.061474 0.06216 0.058015 0.053403 0.047738 0.041022 0.032943 0.023053 0.010825
98 0.045714 0.04842 0.050441 0.052108 0.05351 0.055503 0.058086 0.060438 0.060394 0.06035 0.060698 0.061437 0.062177 0.058365 0.054113 0.048491 0.041498 0.033368 0.023723 0.011166
99 0.044834 0.047418 0.049914 0.051772 0.053148 0.055245 0.058061 0.060618 0.060496 0.060374 0.060673 0.061393 0.062113 0.058604 0.054686 0.049128 0.041929 0.033803 0.024442 0.011348
100 0.043638 0.046549 0.04905 0.051081 0.052758 0.05511 0.058135 0.060865 0.060539 0.060213 0.060438 0.061212 0.061987 0.058887 0.055413 0.050071 0.042861 0.034599 0.024936 0.011658
101 0.042234 0.045522 0.047964 0.050325 0.052624 0.055204 0.058065 0.060649 0.060377 0.060105 0.060338 0.061075 0.061813 0.059258 0.056384 0.051238 0.04382 0.035369 0.025543 0.012092
102 0.04167 0.044492 0.047039 0.049659 0.052335 0.055226 0.058331 0.06111 0.060508 0.059906 0.05998 0.060732 0.061484 0.059399 0.057038 0.052097 0.044574 0.036043 0.02617 0.012206
103 0.040955 0.0442 0.046723 0.049385 0.052153 0.0553 0.058826 0.061916 0.060491 0.059067 0.058933 0.06009 0.061247 0.059495 0.057461 0.052692 0.045187 0.036671 0.026809 0.0124
104 0.040439 0.043741 0.046299 0.049096 0.052074 0.055307 0.058796 0.061833 0.060201 0.05857 0.058406 0.059708 0.061011 0.059614 0.057956 0.05337 0.045856 0.037348 0.027516 0.012859
105 0.040207 0.043545 0.04584 0.048676 0.051919 0.055284 0.058773 0.061793 0.059959 0.058126 0.057944 0.059414 0.060884 0.059758 0.058381 0.053914 0.046355 0.037832 0.028027 0.013368
106 0.039712 0.043153 0.045098 0.048022 0.051682 0.055382 0.059124 0.062334 0.060036 0.057738 0.057448 0.059165 0.060882 0.060082 0.059039 0.05459 0.046735 0.038063 0.028303 0.01341
107 0.038657 0.042146 0.044168 0.04733 0.05135 0.055385 0.059435 0.062892 0.060207 0.057523 0.057089 0.058907 0.060724 0.060317 0.059695 0.055463 0.047622 0.038776 0.028589 0.013725
108 0.037835 0.041268 0.043335 0.046668 0.050951 0.055466 0.060212 0.064227 0.060694 0.057161 0.056294 0.058092 0.05989 0.060128 0.060214 0.056338 0.048501 0.039615 0.029332 0.01378
109 0.037493 0.041093 0.043378 0.046572 0.050449 0.054885 0.05988 0.064088 0.060166 0.056244 0.055447 0.057776 0.060104 0.060512 0.060735 0.057014 0.04935 0.040529 0.030166 0.014118
110 0.037005 0.040786 0.043232 0.046234 0.049655 0.054196 0.059859 0.064624 0.060112 0.0556 0.054642 0.057238 0.059835 0.060814 0.061638 0.058051 0.050052 0.041107 0.0309 0.014421
111 0.036442 0.040344 0.043213 0.046238 0.04938 0.053965 0.059993 0.065061 0.0602 0.055339 0.054252 0.05694 0.059627 0.060928 0.062095 0.058459 0.05002 0.041082 0.031478 0.014942
112 0.036087 0.039953 0.043035 0.046044 0.048999 0.053665 0.060044 0.065436 0.060627 0.055818 0.054587 0.056934 0.059281 0.060832 0.062306 0.058596 0.049702 0.04073 0.031656 0.015668
113 0.036077 0.04058 0.044004 0.046584 0.04853 0.053047 0.060133 0.066095 0.060428 0.054762 0.053381 0.056287 0.059192 0.060906 0.062504 0.058817 0.049844 0.040893 0.031971 0.015966
114 0.035909 0.041281 0.044759 0.04708 0.048533 0.052857 0.060053 0.066054 0.059696 0.053339 0.05194 0.055501 0.059062 0.06087 0.062509 0.059018 0.050399 0.041578 0.032489 0.017071
115 0.036363 0.041773 0.045388 0.047201 0.04766 0.051776 0.059549 0.066033 0.059179 0.052325 0.051021 0.055266 0.059511 0.060978 0.062178 0.058899 0.051141 0.042765 0.033563 0.017431
