1 0 0 0 0 0 0 0 0 0 0 0 0 0 0 0 0 0 0 0 0
2 0 0 0 0 0 0 0 0 0 0 0 0 0 0 0 0 0 0 0 0
3 0 0 0 0 0 0 0 0 0 0 0 0 0 0 0 0 0 0 0 0
4 0 0 0 0 0 0 0 0 0 0 0 0 0 0 0 0 0 0 0 0
5 0 0 0 0 0 0 0 0 0 0 0 0 0 0 0 0 0 0 0 0
6 0 0 0 0 0 0 0 0 0 0 0 0 0 0 0 0 0 0 0 0
7 0 0 0 0 0 0 0 0 0 0 0 0 0 0 0 0 0 0 0 0
8 0 0 0 0 0 0 0 0 0 0 0 0 0 0 0 0 0 0 0 0
9 0 0 0 0 0 0 0 0 0 0 0 0 0 0 0 0 0 0 0 0
10 0 0 0 0 0 0 0 0 0 0 0 0 0 0 0 0 0 0 0 0
11 0 0 0 0 0 0 0 0 0 0 0 0 0 0 0 0 0 0 0 0
12 0 0 0 0 0 0 0 0 0 0 0 0 0 0 0 0 0 0 0 0
13 0 0 0 0 0 0 0 0 0 0 0 0 0 0 0 0 0 0 0 0
14 0 0 0 0 0 0 0 0 0 0 0 0 0 0 0 0 0 0 0 0
15 0 0 0 0 0 0 0 0 0 0 0 0 0 0 0 0 0 0 0 0
16 0 0 0 0 0 0 0 0 0 0 0 0 0 0 0 0 0 0 0 0
17 0 0 0 0 0 0 0 0 0 0 0 0 0 0 0 0 0 0 0 0
18 0 0 0 0 0 0 0 0 0 0 0 0 0 0 0 0 0 0 0 0
19 0 0 0 0 0 0 0 0 0 0 0 0 0 0 0 0 0 0 0 0
20 0 0 0 0 0 0 0 0 0 0 0 0 0 0 0 0 0 0 0 0
21 0 0 0 0 0 0 0 0 0 0 0 0 0 0 0 0 0 0 0 0
22 0 0 0 0 0 0 0 0 0 0 0 0 0 0 0 0 0 0 0 0
23 0 0 0 0 0 0 0 0 0 0 0 0 0 0 0 0 0 0 0 0
24 0 0 0 0 0 0 0 0 0 0 0 0 0 0 0 0 0 0 0 0
25 0 0 0 0 0 0 0 0 0 0 0 0 0 0 0 0 0 0 0 0
26 0 0 0 0 0 0 0 0 0 0 0 0 0 0 0 0 0 0 0 0
27 0 0 0 0 0 0 0 0 0 0 0 0 0 0 0 0 0 0 0 0
28 0 0 0 0 0 0 0 0 0 0 0 0 0 0 0 0 0 0 0 0
29 0.043242 0.046494 0.053467 0.055111 0.052754 0.053434 0.057152 0.060206 0.056401 0.052596 0.052396 0.055802 0.059208 0.055437 0.050973 0.04579 0.03989 0.036608 0.036811 0.036228
30 0.052804 0.060481 0.063653 0.065064 0.065153 0.063664 0.060598 0.057506 0.054156 0.050805 0.049043 0.048869 0.048695 0.045926 0.042907 0.0393 0.035106 0.032474 0.031923 0.031873
31 0.06319 0.068109 0.067693 0.066705 0.065287 0.062947 0.059684 0.056477 0.053856 0.051235 0.048715 0.046296 0.043878 0.041697 0.039539 0.037354 0.03514 0.032712 0.029997 0.029493
32 0.068731 0.071228 0.069886 0.067281 0.063726 0.060587 0.057864 0.055182 0.052929 0.050677 0.048344 0.045931 0.043518 0.041359 0.039225 0.037094 0.034966 0.032745 0.030403 0.028322
33 0.072513 0.073682 0.069926 0.066636 0.063696 0.060901 0.058251 0.055611 0.053073 0.050536 0.048074 0.045687 0.0433 0.040993 0.038694 0.036382 0.034056 0.031665 0.029185 0.027138
34 0.073478 0.073686 0.070002 0.066932 0.064324 0.06168 0.058999 0.056323 0.053687 0.051051 0.04843 0.045824 0.043217 0.040662 0.038112 0.035588 0.03309 0.030649 0.028286 0.025981
35 0.076663 0.073988 0.07083 0.067795 0.064851 0.06199 0.059211 0.056442 0.053763 0.051085 0.048389 0.045675 0.04296 0.040243 0.037526 0.034851 0.032219 0.029635 0.027117 0.024767
36 0.077556 0.074683 0.071701 0.068713 0.065721 0.062753 0.05981 0.056872 0.053997 0.051123 0.048269 0.045435 0.042602 0.039738 0.036871 0.0341 0.031426 0.02878 0.026173 0.023677
37 0.07858 0.075561 0.072494 0.069454 0.066434 0.063412 0.060388 0.057358 0.054262 0.051167 0.048139 0.045177 0.042216 0.039269 0.036322 0.033459 0.030679 0.027908 0.025149 0.022574
38 0.079471 0.076331 0.073228 0.070099 0.066952 0.063822 0.060709 0.057594 0.054456 0.051319 0.048187 0.045061 0.041934 0.038921 0.035918 0.032945 0.030002 0.02712 0.024321 0.02161
39 0.081803 0.078219 0.074775 0.07129 0.067776 0.06443 0.061253 0.058262 0.057205 0.056148 0.051069 0.041969 0.032868 0.034029 0.036183 0.034702 0.029586 0.025706 0.023471 0.019255
40 0.083816 0.080611 0.076779 0.07319 0.069784 0.066457 0.06321 0.059996 0.057123 0.054251 0.048494 0.039853 0.031212 0.032316 0.034361 0.033279 0.029069 0.025393 0.022426 0.01838
41 0.085043 0.082163 0.078247 0.074525 0.070948 0.067553 0.06434 0.061101 0.057576 0.054052 0.047761 0.038704 0.029648 0.030644 0.032614 0.031918 0.028558 0.025122 0.021583 0.017901
42 0.08571 0.082826 0.079173 0.07547 0.07173 0.068222 0.064946 0.061623 0.057824 0.054026 0.047337 0.03776 0.028183 0.029677 0.032243 0.031773 0.028267 0.024703 0.021061 0.017444
43 0.08587 0.082924 0.079633 0.076086 0.072349 0.068777 0.065371 0.061935 0.05819 0.054444 0.047464 0.03725 0.027036 0.028942 0.032019 0.031718 0.02804 0.024354 0.020657 0.01694
44 0.086397 0.083327 0.079804 0.076395 0.07307 0.069577 0.065917 0.062237 0.058349 0.054461 0.047236 0.036673 0.02611 0.028375 0.03188 0.031715 0.027878 0.024037 0.02019 0.016373
45 0.086335 0.083118 0.079575 0.076062 0.07257 0.069127 0.065732 0.06231 0.058618 0.054926 0.047922 0.037605 0.027289 0.029028 0.031934 0.031425 0.027504 0.02356 0.019588 0.015773
46 0.085976 0.082512 0.079299 0.075995 0.072624 0.069167 0.065626 0.062081 0.058497 0.054914 0.048218 0.038412 0.028605 0.029845 0.032153 0.031278 0.027219 0.023187 0.019192 0.0152
47 0.085651 0.082124 0.079097 0.075856 0.072454 0.069028 0.065577 0.062111 0.058493 0.054876 0.048436 0.039174 0.029912 0.030604 0.032258 0.031041 0.026952 0.022874 0.018809 0.014672
48 0.08536 0.082078 0.07885 0.075611 0.072363 0.069004 0.065534 0.06205 0.058416 0.054783 0.048586 0.039823 0.031061 0.031272 0.03235 0.030843 0.026752 0.02262 0.018434 0.014208
49 0.084964 0.081952 0.078821 0.075556 0.07219 0.068803 0.065397 0.061972 0.058362 0.054753 0.048811 0.040537 0.032263 0.031969 0.032447 0.030617 0.026478 0.022291 0.01804 0.013776
50 0.084586 0.081838 0.07856 0.075288 0.07202 0.06869 0.0653 0.061891 0.058279 0.054667 0.048979 0.041214 0.033449 0.032714 0.032659 0.030516 0.026285 0.022015 0.017692 0.01336
51 0.084142 0.081463 0.078303 0.075167 0.072047 0.068763 0.065312 0.061846 0.058212 0.054578 0.049084 0.041731 0.034379 0.033309 0.032848 0.030468 0.026171 0.021822 0.017403 0.012952
52 0.083728 0.081102 0.07802 0.074927 0.071824 0.068612 0.06529 0.061935 0.058248 0.054562 0.04924 0.042282 0.035325 0.033916 0.033044 0.030427 0.026065 0.021645 0.017145 0.012662
53 0.083385 0.080847 0.07778 0.074689 0.07158 0.068397 0.065141 0.061853 0.058239 0.054625 0.0495 0.042862 0.036224 0.034501 0.033254 0.030413 0.02598 0.021479 0.016887 0.012363
54 0.082821 0.080208 0.077462 0.074512 0.071408 0.068272 0.065105 0.061898 0.058285 0.054672 0.049721 0.043431 0.037142 0.035097 0.033462 0.030403 0.025919 0.021362 0.016709 0.012111
55 0.082319 0.079628 0.077002 0.074193 0.071246 0.068208 0.065078 0.06191 0.058345 0.054781 0.050004 0.044016 0.038028 0.035677 0.033678 0.0304 0.025845 0.021237 0.01656 0.011842
56 0.081796 0.079237 0.076614 0.073883 0.071072 0.068092 0.064945 0.061772 0.058319 0.054867 0.050295 0.044603 0.038912 0.036278 0.03394 0.030458 0.025833 0.021149 0.016386 0.011548
57 0.081181 0.0788 0.076253 0.073598 0.070861 0.067946 0.064854 0.061734 0.058337 0.05494 0.050538 0.045129 0.039721 0.036847 0.03422 0.030561 0.025871 0.0211 0.016222 0.011289
58 0.080575 0.078325 0.075886 0.073324 0.070672 0.067826 0.064784 0.061714 0.058346 0.054979 0.050741 0.045631 0.040521 0.037389 0.034449 0.030626 0.025922 0.021097 0.016114 0.011078
59 0.080033 0.077893 0.075553 0.073043 0.070407 0.067623 0.064691 0.061721 0.058357 0.054992 0.050907 0.046103 0.041299 0.037943 0.034727 0.030739 0.025978 0.021087 0.01602 0.010885
60 0.079458 0.077402 0.075169 0.072736 0.070152 0.06744 0.064599 0.061717 0.058414 0.055111 0.051172 0.046597 0.042022 0.038449 0.034972 0.030832 0.026029 0.021076 0.015925 0.010729
61 0.078807 0.076852 0.074707 0.07238 0.069918 0.067298 0.06452 0.061701 0.058456 0.055211 0.051427 0.047103 0.042779 0.03898 0.035231 0.030942 0.026113 0.02111 0.015877 0.010588
62 0.078159 0.07632 0.074235 0.07201 0.069681 0.067171 0.064479 0.06174 0.058522 0.055304 0.051649 0.047559 0.043468 0.039486 0.035514 0.031086 0.026201 0.021146 0.015865 0.010405
63 0.077554 0.075736 0.073802 0.071698 0.069466 0.067023 0.064368 0.06167 0.058531 0.055393 0.051889 0.04802 0.044151 0.040006 0.035835 0.031272 0.02632 0.021191 0.015828 0.010248
64 0.076929 0.075165 0.073321 0.071296 0.069136 0.06679 0.064259 0.061679 0.058594 0.055509 0.052141 0.048489 0.044837 0.040535 0.036169 0.031486 0.026486 0.021279 0.015797 0.010102
65 0.076187 0.074572 0.072849 0.070953 0.068926 0.066671 0.064188 0.061657 0.058637 0.055617 0.052383 0.048935 0.045487 0.041027 0.03647 0.03167 0.026626 0.021359 0.015796 0.0099918
66 0.075521 0.073981 0.072376 0.070577 0.068634 0.066464 0.064069 0.061623 0.058667 0.05571 0.052613 0.049374 0.046136 0.041534 0.036799 0.031892 0.02681 0.021482 0.015827 0.0099115
67 0.074836 0.073398 0.071984 0.070268 0.068324 0.066213 0.063936 0.061606 0.058721 0.055837 0.05287 0.049822 0.046774 0.042007 0.037074 0.032066 0.026983 0.021611 0.015854 0.0098151
68 0.0741 0.072904 0.071514 0.069842 0.067958 0.065947 0.063809 0.06161 0.058783 0.055956 0.053114 0.050254 0.047395 0.042508 0.037426 0.032311 0.027165 0.021738 0.015937 0.0097288
69 0.07343 0.072206 0.070992 0.06945 0.067663 0.065747 0.063704 0.061599 0.05886 0.056121 0.053397 0.050688 0.047979 0.042985 0.037768 0.032554 0.027343 0.021854 0.015997 0.009661
70 0.072658 0.071465 0.070386 0.068991 0.067357 0.065573 0.063638 0.061637 0.058966 0.056294 0.053682 0.051129 0.048576 0.043482 0.038142 0.032835 0.027561 0.021994 0.016038 0.0095948
71 0.071761 0.070781 0.06993 0.068678 0.067124 0.065407 0.063527 0.061585 0.059012 0.056439 0.05395 0.051546 0.049142 0.043961 0.03851 0.033118 0.027784 0.022141 0.016087 0.0095166
72 0.070918 0.070169 0.069343 0.068224 0.066885 0.065285 0.063424 0.061508 0.059026 0.056544 0.054187 0.051957 0.049727 0.044454 0.038886 0.033417 0.028046 0.022335 0.016169 0.0094971
73 0.070007 0.0696 0.068801 0.06774 0.066482 0.064992 0.063271 0.061488 0.059066 0.056643 0.054419 0.052392 0.050365 0.044994 0.0393 0.033751 0.028347 0.022567 0.016288 0.0094864
74 0.06929 0.068982 0.068256 0.067278 0.066109 0.064743 0.063179 0.061541 0.059141 0.05674 0.054608 0.052745 0.050882 0.045452 0.039677 0.034065 0.028616 0.022771 0.0164 0.009524
75 0.068348 0.068276 0.067747 0.066918 0.065864 0.064592 0.063102 0.061535 0.059171 0.056808 0.054779 0.053085 0.051392 0.045918 0.040079 0.034415 0.028927 0.023007 0.016513 0.0095251
76 0.067507 0.067381 0.067128 0.066495 0.065578 0.064431 0.063055 0.061596 0.059272 0.056949 0.055007 0.053446 0.051886 0.046366 0.040464 0.034763 0.029264 0.023277 0.016642 0.0094923
77 0.066738 0.066776 0.066557 0.066023 0.065252 0.064225 0.062943 0.061578 0.059345 0.057112 0.055265 0.053805 0.052345 0.046778 0.040813 0.03508 0.029577 0.023542 0.016798 0.0094479
78 0.066164 0.066228 0.065994 0.065541 0.064921 0.064013 0.062815 0.061533 0.059373 0.057214 0.055466 0.054129 0.052793 0.047198 0.041191 0.035421 0.029888 0.023791 0.016943 0.0093848
79 0.065256 0.06573 0.065444 0.065039 0.064544 0.063758 0.062681 0.061518 0.059457 0.057397 0.055753 0.054527 0.0533 0.047641 0.041554 0.035729 0.030168 0.024022 0.017099 0.0093826
80 0.064742 0.065182 0.064861 0.064494 0.064091 0.063423 0.06249 0.061464 0.059475 0.057485 0.055948 0.054862 0.053777 0.04809 0.041957 0.036095 0.030505 0.024299 0.017274 0.0094872
81 0.063928 0.064609 0.06429 0.064023 0.063794 0.063192 0.062217 0.06117 0.05939 0.057609 0.056226 0.055241 0.054255 0.048572 0.042434 0.036544 0.030903 0.024616 0.017468 0.0095169
82 0.06321 0.064126 0.0637 0.063513 0.063507 0.062972 0.061907 0.060799 0.059244 0.057689 0.056479 0.055616 0.054752 0.049077 0.042937 0.037019 0.031322 0.024944 0.01766 0.0095279
83 0.062343 0.063559 0.063005 0.062865 0.063035 0.062673 0.06178 0.060834 0.059346 0.057859 0.056725 0.055946 0.055167 0.049542 0.043448 0.037505 0.031713 0.025228 0.01782 0.009608
84 0.061685 0.062677 0.062165 0.062129 0.062452 0.062324 0.061744 0.061084 0.059599 0.058115 0.057013 0.056294 0.055574 0.049992 0.043939 0.03798 0.032116 0.025532 0.01799 0.0095954
85 0.060848 0.061553 0.06123 0.061399 0.061935 0.062053 0.061751 0.061344 0.059846 0.058347 0.057301 0.056707 0.056113 0.050517 0.044438 0.03845 0.032554 0.025882 0.018177 0.0095519
86 0.059927 0.060577 0.060752 0.060995 0.06129 0.061465 0.061521 0.06145 0.060063 0.058676 0.057702 0.057141 0.05658 0.050967 0.044865 0.038859 0.03295 0.026224 0.018411 0.0095876
87 0.058836 0.059676 0.060189 0.060597 0.060928 0.061187 0.061373 0.061435 0.060217 0.058999 0.058093 0.057497 0.0569 0.051341 0.045302 0.039295 0.033321 0.026525 0.018636 0.0096535
88 0.058015 0.059055 0.05971 0.060211 0.060598 0.0609 0.061118 0.061226 0.060197 0.059169 0.058378 0.057825 0.057272 0.051751 0.045751 0.039731 0.033693 0.026825 0.018853 0.0097216
89 0.057328 0.058383 0.059273 0.059922 0.06039 0.060723 0.060922 0.061025 0.060132 0.059239 0.058545 0.058051 0.057557 0.052118 0.046202 0.040185 0.034068 0.027112 0.019037 0.0097866
90 0.056652 0.057686 0.058831 0.059588 0.060054 0.060416 0.060674 0.060841 0.060069 0.059298 0.058716 0.058323 0.05793 0.052525 0.046635 0.040634 0.034522 0.027494 0.019248 0.009864
91 0.055818 0.057102 0.058374 0.059218 0.059741 0.060117 0.060344 0.0605 0.059916 0.059332 0.058923 0.058689 0.058454 0.053011 0.047065 0.041063 0.035008 0.027927 0.019481 0.0099156
92 0.055048 0.056219 0.057737 0.058722 0.059307 0.05973 0.059991 0.06019 0.059737 0.059283 0.059061 0.059071 0.059081 0.053652 0.047697 0.041671 0.035572 0.028399 0.019794 0.010037
93 0.053961 0.055307 0.056687 0.057886 0.05895 0.059616 0.059885 0.060097 0.059731 0.059364 0.05928 0.059479 0.059678 0.054268 0.048315 0.042259 0.036101 0.028862 0.020182 0.010093
94 0.052947 0.054438 0.055756 0.057041 0.0583 0.05918 0.05968 0.060116 0.059882 0.059648 0.059699 0.060034 0.060369 0.054854 0.048774 0.04268 0.036574 0.029327 0.02056 0.010139
95 0.05218 0.053566 0.055053 0.056445 0.057763 0.058751 0.059406 0.060006 0.060024 0.060041 0.06016 0.060378 0.060597 0.055245 0.049355 0.043308 0.037105 0.029718 0.020756 0.010144
96 0.05162 0.053132 0.054666 0.056046 0.057312 0.058354 0.059173 0.059932 0.060076 0.06022 0.060419 0.060675 0.060931 0.055626 0.049783 0.043671 0.037287 0.02985 0.02101 0.010217
97 0.050943 0.052806 0.05423 0.055568 0.056843 0.057993 0.059018 0.059964 0.060102 0.060239 0.060488 0.060848 0.061209 0.055904 0.050051 0.044016 0.037798 0.030367 0.021323 0.01029
98 0.050109 0.05223 0.053573 0.054982 0.05644 0.057697 0.058752 0.05974 0.06004 0.060341 0.060699 0.061116 0.061533 0.056318 0.050559 0.044585 0.038397 0.030885 0.021611 0.010394
99 0.049132 0.05158 0.052778 0.054271 0.055985 0.057421 0.058578 0.059676 0.060166 0.060656 0.061022 0.061262 0.061503 0.056583 0.051164 0.045325 0.039066 0.03141 0.021891 0.010532
100 0.048337 0.050575 0.051757 0.053336 0.055214 0.056932 0.058491 0.059951 0.060394 0.060838 0.061211 0.061513 0.061816 0.057108 0.051916 0.046126 0.039739 0.031939 0.022256 0.010551
101 0.047491 0.04974 0.051181 0.052793 0.054534 0.056405 0.058406 0.060254 0.060513 0.060771 0.061099 0.061495 0.061892 0.05752 0.052686 0.046988 0.040426 0.032486 0.02271 0.01061
102 0.046589 0.049149 0.05086 0.052401 0.053815 0.055753 0.058214 0.060453 0.060384 0.060314 0.060664 0.061434 0.062203 0.058116 0.053559 0.04789 0.04111 0.03302 0.023187 0.010887
103 0.04562 0.04827 0.050377 0.052077 0.053469 0.055478 0.058104 0.060492 0.060419 0.060346 0.060664 0.061375 0.062085 0.058356 0.054198 0.048598 0.041557 0.033429 0.023853 0.011233
104 0.044704 0.047345 0.049857 0.05171 0.053068 0.055196 0.058093 0.060717 0.060529 0.060341 0.06061 0.061337 0.062063 0.058607 0.054746 0.049222 0.042034 0.033919 0.024569 0.011336
105 0.04346 0.046428 0.048873 0.050958 0.05277 0.055172 0.058161 0.060855 0.060503 0.060152 0.060363 0.061137 0.061911 0.058908 0.055541 0.050251 0.04304 0.034741 0.024994 0.011783
106 0.042099 0.04539 0.047835 0.050239 0.052613 0.055225 0.058075 0.060649 0.060374 0.0601 0.06031 0.061005 0.0617 0.059267 0.056532 0.051426 0.043948 0.035467 0.025649 0.012095
107 0.041627 0.044353 0.04701 0.049684 0.052369 0.055286 0.058433 0.061236 0.060477 0.059719 0.059758 0.060595 0.061433 0.059406 0.057101 0.052191 0.044676 0.036149 0.026276 0.01222
108 0.040835 0.044211 0.046697 0.049362 0.052159 0.055359 0.058961 0.062106 0.060539 0.058972 0.05877 0.059935 0.061099 0.05942 0.057466 0.052739 0.045241 0.036743 0.026915 0.012472
109 0.040433 0.04367 0.046264 0.04911 0.052144 0.055348 0.058722 0.061658 0.06008 0.058502 0.058367 0.059674 0.060982 0.059629 0.058018 0.053454 0.045939 0.037434 0.027609 0.012963
110 0.040237 0.043608 0.045742 0.04854 0.051839 0.055281 0.058867 0.061961 0.059967 0.057973 0.057759 0.059325 0.06089 0.059831 0.058517 0.054033 0.046379 0.037821 0.02806 0.01337
111 0.039596 0.043037 0.044973 0.047938 0.051676 0.055433 0.05921 0.062442 0.060038 0.057634 0.057314 0.059077 0.060841 0.060107 0.059132 0.054725 0.046885 0.038182 0.028333 0.013427
112 0.038551 0.042012 0.044053 0.047246 0.051307 0.055426 0.059606 0.063167 0.06033 0.057493 0.056959 0.058726 0.060494 0.060214 0.059735 0.055575 0.047732 0.038882 0.028691 0.013801
113 0.037875 0.041333 0.043409 0.046713 0.050939 0.055445 0.060232 0.064273 0.060608 0.056944 0.056054 0.05794 0.059826 0.060116 0.060251 0.056426 0.048641 0.039776 0.029472 0.013724
114 0.037474 0.041113 0.043408 0.046545 0.050313 0.054761 0.059889 0.064205 0.060132 0.056059 0.055229 0.057641 0.060053 0.060559 0.06088 0.057178 0.049453 0.040609 0.030276 0.014221
115 0.036963 0.040781 0.043296 0.046284 0.049626 0.054171 0.059918 0.064751 0.060138 0.055525 0.054507 0.057083 0.05966 0.060757 0.061711 0.05816 0.050103 0.041152 0.031012 0.014402
