1 0 0 0 0 0 0 0 0 0 0 0 0 0 0 0 0 0 0 0 0
2 0 0 0 0 0 0 0 0 0 0 0 0 0 0 0 0 0 0 0 0
3 0 0 0 0 0 0 0 0 0 0 0 0 0 0 0 0 0 0 0 0
4 0 0 0 0 0 0 0 0 0 0 0 0 0 0 0 0 0 0 0 0
5 0 0 0 0 0 0 0 0 0 0 0 0 0 0 0 0 0 0 0 0
6 0 0 0 0 0 0 0 0 0 0 0 0 0 0 0 0 0 0 0 0
7 0 0 0 0 0 0 0 0 0 0 0 0 0 0 0 0 0 0 0 0
8 0 0 0 0 0 0 0 0 0 0 0 0 0 0 0 0 0 0 0 0
9 0 0 0 0 0 0 0 0 0 0 0 0 0 0 0 0 0 0 0 0
10 0 0 0 0 0 0 0 0 0 0 0 0 0 0 0 0 0 0 0 0
11 0 0 0 0 0 0 0 0 0 0 0 0 0 0 0 0 0 0 0 0
12 0 0 0 0 0 0 0 0 0 0 0 0 0 0 0 0 0 0 0 0
13 0 0 0 0 0 0 0 0 0 0 0 0 0 0 0 0 0 0 0 0
14 0 0 0 0 0 0 0 0 0 0 0 0 0 0 0 0 0 0 0 0
15 0 0 0 0 0 0 0 0 0 0 0 0 0 0 0 0 0 0 0 0
16 0 0 0 0 0 0 0 0 0 0 0 0 0 0 0 0 0 0 0 0
17 0 0 0 0 0 0 0 0 0 0 0 0 0 0 0 0 0 0 0 0
18 0 0 0 0 0 0 0 0 0 0 0 0 0 0 0 0 0 0 0 0
19 0 0 0 0 0 0 0 0 0 0 0 0 0 0 0 0 0 0 0 0
20 0 0 0 0 0 0 0 0 0 0 0 0 0 0 0 0 0 0 0 0
21 0 0 0 0 0 0 0 0 0 0 0 0 0 0 0 0 0 0 0 0
22 0 0 0 0 0 0 0 0 0 0 0 0 0 0 0 0 0 0 0 0
23 0 0 0 0 0 0 0 0 0 0 0 0 0 0 0 0 0 0 0 0
24 0 0 0 0 0 0 0 0 0 0 0 0 0 0 0 0 0 0 0 0
25 0 0 0 0 0 0 0 0 0 0 0 0 0 0 0 0 0 0 0 0
26 0 0 0 0 0 0 0 0 0 0 0 0 0 0 0 0 0 0 0 0
27 0 0 0 0 0 0 0 0 0 0 0 0 0 0 0 0 0 0 0 0
28 0.043256 0.046508 0.05348 0.055123 0.052764 0.053442 0.057158 0.060211 0.056404 0.052596 0.052394 0.055798 0.059201 0.055429 0.050964 0.04578 0.03988 0.036597 0.036799 0.036215
29 0.054299 0.061398 0.064371 0.065483 0.065195 0.063495 0.060382 0.057275 0.054229 0.051183 0.049329 0.048667 0.048005 0.045254 0.042302 0.03883 0.034838 0.032263 0.031575 0.031627
30 0.06434 0.06872 0.067821 0.066692 0.065391 0.062987 0.059479 0.056063 0.053596 0.05113 0.048667 0.046207 0.043747 0.041574 0.039428 0.037255 0.035055 0.032619 0.029871 0.029358
31 0.068955 0.071169 0.070037 0.067404 0.063643 0.060499 0.057971 0.05545 0.053002 0.050553 0.048183 0.045892 0.0436 0.041387 0.039181 0.037002 0.034851 0.032659 0.030413 0.02815
32 0.072652 0.073868 0.070012 0.066634 0.063615 0.060819 0.058245 0.055674 0.053133 0.050592 0.048115 0.045703 0.04329 0.040972 0.038663 0.036336 0.033992 0.031583 0.029086 0.027015
33 0.073776 0.073744 0.07002 0.06695 0.06437 0.06172 0.059 0.05629 0.053683 0.051076 0.048452 0.045811 0.043169 0.040615 0.038069 0.035537 0.033019 0.030575 0.02823 0.025892
34 0.076843 0.07398 0.070843 0.067834 0.064923 0.062061 0.05925 0.05645 0.053771 0.051091 0.048393 0.045677 0.042962 0.040219 0.037473 0.034786 0.032157 0.029571 0.027042 0.024675
35 0.077648 0.07478 0.071794 0.068796 0.065789 0.062811 0.059861 0.056916 0.054015 0.051114 0.048244 0.045403 0.042562 0.03969 0.036815 0.034037 0.031358 0.028703 0.026081 0.023582
36 0.078678 0.075581 0.072547 0.069516 0.066488 0.063455 0.060418 0.057376 0.054284 0.051192 0.048154 0.04517 0.042186 0.039234 0.036284 0.033412 0.030617 0.027837 0.025075 0.022496
37 0.079563 0.076422 0.073309 0.070166 0.067 0.063854 0.060728 0.057601 0.054465 0.051329 0.048192 0.045055 0.041918 0.038893 0.03588 0.032898 0.029946 0.027048 0.024225 0.021508
38 0.08043 0.077252 0.074036 0.070807 0.067568 0.06431 0.061033 0.057763 0.054566 0.051369 0.048158 0.044933 0.041709 0.038586 0.035473 0.032385 0.029324 0.026321 0.023395 0.020585
39 0.083994 0.080791 0.077018 0.073394 0.069882 0.066524 0.063319 0.060132 0.057116 0.0541 0.048289 0.039684 0.03108 0.032178 0.034214 0.03317 0.029046 0.025386 0.022343 0.018341
40 0.085145 0.08225 0.078343 0.074605 0.070994 0.06759 0.064393 0.061163 0.057597 0.05403 0.047701 0.038608 0.029516 0.030558 0.032581 0.031907 0.028536 0.025087 0.021535 0.017859
41 0.08566 0.082824 0.079256 0.075578 0.071818 0.068286 0.064985 0.06164 0.057856 0.054071 0.047358 0.037714 0.028071 0.029601 0.032211 0.031757 0.028236 0.024662 0.021018 0.017398
42 0.085974 0.082942 0.079644 0.076124 0.072436 0.068871 0.065428 0.061957 0.058191 0.054424 0.047422 0.037186 0.02695 0.028886 0.032 0.031712 0.028022 0.024322 0.020611 0.016898
43 0.086406 0.083339 0.079841 0.076433 0.073093 0.069594 0.065936 0.062258 0.058371 0.054483 0.047251 0.036675 0.026099 0.028363 0.031868 0.031697 0.027848 0.023994 0.020135 0.016317
44 0.086334 0.083037 0.07954 0.076059 0.072592 0.069154 0.065744 0.06231 0.058623 0.054936 0.047951 0.037671 0.02739 0.029084 0.031935 0.031396 0.027466 0.023516 0.019537 0.015724
45 0.085966 0.082529 0.079312 0.076001 0.072621 0.069158 0.065611 0.06206 0.058475 0.054889 0.04822 0.038468 0.028716 0.029907 0.032156 0.03125 0.027189 0.023157 0.019163 0.015152
46 0.085627 0.082069 0.079066 0.075852 0.072478 0.069055 0.065581 0.062095 0.058482 0.054868 0.048452 0.039232 0.030013 0.030661 0.032265 0.031021 0.02693 0.022848 0.018776 0.014629
47 0.085342 0.082048 0.078803 0.075569 0.072345 0.069 0.065535 0.062055 0.058422 0.054789 0.048613 0.039894 0.031175 0.031336 0.032355 0.030821 0.026732 0.022597 0.018402 0.01417
48 0.084959 0.08197 0.078791 0.075519 0.072178 0.068801 0.065388 0.061958 0.058352 0.054746 0.048826 0.040591 0.032357 0.032026 0.03246 0.030604 0.026459 0.022266 0.018009 0.013738
49 0.084589 0.081796 0.078525 0.075264 0.072009 0.068687 0.065296 0.061885 0.058272 0.054658 0.048991 0.041271 0.03355 0.032778 0.032677 0.030508 0.02627 0.021992 0.017662 0.01332
50 0.084103 0.081428 0.078282 0.075153 0.072035 0.068756 0.065317 0.06186 0.058219 0.054579 0.049098 0.041775 0.034453 0.033355 0.032859 0.030461 0.026161 0.021806 0.017379 0.012923
51 0.083708 0.081083 0.078005 0.074919 0.071827 0.068618 0.065291 0.061932 0.058242 0.054553 0.049245 0.04232 0.035394 0.033959 0.033056 0.03042 0.026052 0.021625 0.017118 0.012634
52 0.083332 0.080792 0.077753 0.074675 0.071568 0.068388 0.065135 0.06185 0.058245 0.05464 0.049531 0.042918 0.036304 0.03455 0.033267 0.030407 0.025971 0.021465 0.016868 0.01234
53 0.08279 0.080158 0.077438 0.074499 0.071393 0.068262 0.065105 0.061908 0.058294 0.05468 0.049741 0.043476 0.037212 0.03514 0.033474 0.030396 0.025906 0.021346 0.016692 0.01209
54 0.082288 0.079593 0.076961 0.074163 0.071241 0.068215 0.065084 0.061915 0.05835 0.054785 0.050021 0.044058 0.038095 0.035719 0.03369 0.030395 0.025835 0.021225 0.016548 0.011819
55 0.081761 0.079211 0.076592 0.073866 0.071059 0.068082 0.064936 0.061763 0.058314 0.054866 0.05031 0.044647 0.038983 0.036326 0.033961 0.030462 0.02583 0.02114 0.016371 0.011522
56 0.081136 0.078762 0.076222 0.073577 0.070851 0.067944 0.064854 0.061738 0.058338 0.054937 0.050546 0.045164 0.039781 0.036892 0.034243 0.03057 0.025873 0.021095 0.016208 0.011269
57 0.080533 0.078287 0.075853 0.073303 0.070664 0.067824 0.064782 0.061712 0.058341 0.05497 0.050746 0.045668 0.04059 0.037436 0.034468 0.030632 0.025927 0.021098 0.016106 0.011059
58 0.079986 0.077848 0.075515 0.073013 0.070384 0.067608 0.064685 0.061723 0.058361 0.054999 0.050927 0.046145 0.041363 0.037989 0.034752 0.03075 0.025984 0.021085 0.01601 0.01087
59 0.079399 0.07735 0.075123 0.072703 0.070137 0.067433 0.064592 0.061712 0.05842 0.055129 0.051204 0.046645 0.042086 0.038492 0.034992 0.030839 0.026034 0.021077 0.015918 0.010715
60 0.078744 0.0768 0.074675 0.072359 0.069899 0.067283 0.064512 0.061699 0.05846 0.055221 0.05145 0.047147 0.042843 0.039025 0.035253 0.030951 0.02612 0.021114 0.015875 0.010571
61 0.078106 0.076291 0.074207 0.071988 0.069667 0.06716 0.064466 0.061727 0.058519 0.055311 0.05167 0.047597 0.043524 0.039528 0.035539 0.031098 0.026206 0.021146 0.01586 0.010391
62 0.077498 0.075697 0.073773 0.071672 0.069438 0.066998 0.064354 0.061666 0.058533 0.0554 0.05191 0.048061 0.044212 0.040051 0.035861 0.031288 0.026333 0.021198 0.015823 0.010235
63 0.076861 0.075123 0.073281 0.071263 0.069113 0.066778 0.064258 0.061688 0.058605 0.055521 0.052162 0.048528 0.044893 0.040575 0.036191 0.031497 0.026494 0.021283 0.015795 0.010091
64 0.076137 0.074529 0.072818 0.070927 0.0689 0.066651 0.064181 0.061663 0.058643 0.055622 0.052397 0.048967 0.045537 0.041065 0.036493 0.031683 0.026637 0.021367 0.015798 0.009984
65 0.075454 0.073924 0.072335 0.070547 0.068609 0.066448 0.064061 0.061625 0.058672 0.05572 0.052633 0.049411 0.046189 0.041577 0.03683 0.031913 0.026825 0.021492 0.015831 0.0099059
66 0.07477 0.073364 0.071946 0.07023 0.06829 0.06619 0.06393 0.061614 0.05873 0.055846 0.052888 0.049857 0.046826 0.042048 0.037101 0.032085 0.026999 0.021622 0.015858 0.0098064
67 0.074041 0.072863 0.071475 0.069807 0.06793 0.065926 0.063797 0.061607 0.058787 0.055967 0.053133 0.050287 0.047441 0.042548 0.037456 0.032334 0.027182 0.02175 0.015946 0.0097233
68 0.073367 0.07213 0.070942 0.069418 0.06764 0.065734 0.063699 0.061602 0.058871 0.05614 0.053425 0.050727 0.048028 0.043024 0.037798 0.032576 0.027359 0.021864 0.016 0.0096557
69 0.072565 0.071406 0.070341 0.068958 0.067335 0.065558 0.063629 0.061634 0.058973 0.056312 0.05371 0.051167 0.048625 0.043524 0.038176 0.032862 0.027583 0.022009 0.016042 0.0095884
70 0.071709 0.070721 0.069895 0.068656 0.067107 0.065393 0.063515 0.061577 0.059013 0.05645 0.053971 0.051578 0.049184 0.043996 0.038537 0.033139 0.027801 0.022152 0.016091 0.0095139
71 0.070837 0.070118 0.069295 0.068184 0.066857 0.065264 0.063406 0.061493 0.059025 0.056556 0.054213 0.051997 0.049781 0.0445 0.038922 0.033447 0.028074 0.022356 0.016179 0.0094968
72 0.069942 0.069541 0.068761 0.06771 0.066455 0.064974 0.063266 0.061495 0.059073 0.056651 0.054434 0.05242 0.050406 0.045031 0.039331 0.033776 0.028368 0.022584 0.016297 0.0094855
73 0.069229 0.06893 0.068199 0.06723 0.066083 0.064731 0.063173 0.061541 0.059144 0.056747 0.054624 0.052775 0.050926 0.045492 0.039711 0.034095 0.028642 0.022791 0.01641 0.0095292
74 0.068269 0.068175 0.067699 0.066895 0.065845 0.064579 0.063097 0.061537 0.059177 0.056816 0.054797 0.053118 0.051439 0.045961 0.040114 0.034446 0.028957 0.023031 0.016525 0.0095249
75 0.067432 0.067306 0.067063 0.066444 0.065542 0.064411 0.063052 0.061608 0.059288 0.056969 0.055033 0.053483 0.051932 0.046408 0.0405 0.034794 0.029291 0.023298 0.016654 0.0094897
76 0.066661 0.06673 0.066509 0.065983 0.065228 0.064213 0.062938 0.061579 0.05935 0.057122 0.055283 0.053833 0.052383 0.046813 0.040843 0.035107 0.029604 0.023565 0.016812 0.0094437
77 0.066079 0.066177 0.065943 0.065496 0.064887 0.063987 0.062796 0.061521 0.059376 0.057231 0.055495 0.054167 0.052839 0.047242 0.041231 0.035457 0.02992 0.023816 0.016957 0.0093815
78 0.065176 0.065682 0.065392 0.064991 0.064506 0.063734 0.062675 0.061527 0.059467 0.057407 0.055771 0.054559 0.053348 0.047682 0.041585 0.035755 0.030193 0.024044 0.017114 0.0093939
79 0.064683 0.065127 0.0648 0.064442 0.064061 0.063401 0.062463 0.061434 0.059465 0.057497 0.055975 0.054899 0.053824 0.048136 0.042003 0.036138 0.030542 0.024328 0.017293 0.0094914
80 0.063846 0.06456 0.064228 0.063968 0.063762 0.063173 0.062201 0.061159 0.059392 0.057624 0.056252 0.055276 0.054299 0.048614 0.042474 0.036583 0.030939 0.024645 0.017485 0.0095189
81 0.063139 0.06409 0.063651 0.063468 0.063477 0.062946 0.061877 0.060767 0.05923 0.057692 0.056497 0.055646 0.054795 0.049124 0.042988 0.037067 0.031361 0.024973 0.017677 0.0095351
82 0.062295 0.063479 0.06292 0.06279 0.062983 0.062645 0.061776 0.060853 0.059367 0.057882 0.056752 0.055978 0.055203 0.049582 0.043493 0.037548 0.031748 0.025254 0.017836 0.009616
83 0.061603 0.062577 0.062076 0.062054 0.062393 0.06229 0.061745 0.061118 0.05963 0.058143 0.057042 0.056329 0.055616 0.050037 0.043986 0.038027 0.03216 0.025568 0.01801 0.0095953
84 0.060781 0.061458 0.061165 0.061336 0.061855 0.061987 0.061729 0.061363 0.059872 0.05838 0.057342 0.056757 0.056172 0.050571 0.044484 0.038492 0.032594 0.025915 0.018196 0.0095499
85 0.059812 0.060478 0.060699 0.060964 0.061262 0.061444 0.061508 0.061447 0.060079 0.05871 0.057744 0.057178 0.056613 0.051001 0.0449 0.038895 0.032985 0.026255 0.018433 0.0095952
86 0.058759 0.059621 0.06014 0.060553 0.060887 0.061153 0.061353 0.06143 0.060225 0.05902 0.05812 0.057525 0.056931 0.051377 0.045343 0.039336 0.033356 0.026554 0.018658 0.0096605
87 0.057922 0.058981 0.05967 0.060185 0.06057 0.060874 0.061099 0.061215 0.060199 0.059184 0.058402 0.057855 0.057308 0.05179 0.045792 0.03977 0.033727 0.026853 0.018873 0.0097295
88 0.057259 0.058309 0.05922 0.059887 0.06037 0.06071 0.060908 0.061011 0.060127 0.059244 0.058559 0.058071 0.057584 0.052156 0.04625 0.040234 0.034108 0.027141 0.019056 0.0097952
89 0.05657 0.057641 0.058794 0.059552 0.060012 0.060374 0.060639 0.060814 0.060062 0.059309 0.058742 0.05836 0.057978 0.052568 0.046672 0.040671 0.034566 0.027535 0.019271 0.0098708
90 0.055748 0.057016 0.058311 0.059171 0.059704 0.060084 0.060311 0.060469 0.0599 0.059331 0.05894 0.058727 0.058514 0.05307 0.047121 0.041117 0.035059 0.02797 0.019509 0.0099277
91 0.054945 0.056124 0.05766 0.058663 0.059264 0.059695 0.059957 0.060157 0.059727 0.059297 0.059093 0.059115 0.059137 0.053713 0.047763 0.041735 0.035628 0.028446 0.019833 0.010047
92 0.053847 0.055225 0.056567 0.05778 0.058896 0.059595 0.059877 0.060103 0.059745 0.059387 0.059318 0.059536 0.059754 0.054331 0.048364 0.042303 0.036148 0.028907 0.020219 0.010099
93 0.052867 0.054343 0.055662 0.056956 0.058232 0.059132 0.059658 0.060118 0.059898 0.059678 0.059736 0.060072 0.060409 0.054907 0.048841 0.042751 0.036635 0.029374 0.020587 0.010144
94 0.052118 0.053503 0.054987 0.056381 0.057707 0.058707 0.059379 0.059996 0.060037 0.060079 0.060206 0.060421 0.060635 0.055291 0.049408 0.043356 0.037133 0.029736 0.020774 0.010146
95 0.051558 0.053104 0.054626 0.055998 0.057256 0.05831 0.059159 0.059945 0.060084 0.060224 0.060429 0.060699 0.06097 0.055666 0.049823 0.043704 0.037311 0.02987 0.021036 0.010228
96 0.050871 0.052757 0.054172 0.055513 0.056798 0.05796 0.058998 0.059957 0.060099 0.060241 0.060501 0.060878 0.061256 0.055944 0.050082 0.04405 0.03785 0.03042 0.021355 0.010298
97 0.050016 0.052166 0.053498 0.054917 0.056402 0.057673 0.05873 0.059722 0.060045 0.060368 0.060732 0.061137 0.061541 0.056348 0.050613 0.044649 0.038458 0.030935 0.021639 0.010413
98 0.049022 0.051501 0.052687 0.054186 0.055921 0.057375 0.058549 0.059665 0.060174 0.060684 0.061059 0.0613 0.06154 0.056637 0.051237 0.045403 0.039136 0.031464 0.021922 0.010538
99 0.048234 0.050456 0.051691 0.053287 0.055156 0.056886 0.058478 0.059968 0.060406 0.060843 0.061216 0.061526 0.061836 0.057155 0.051992 0.046209 0.039806 0.031993 0.022304 0.01056
100 0.047395 0.049653 0.05114 0.052758 0.054473 0.056353 0.058397 0.060281 0.060513 0.060745 0.061069 0.061485 0.061901 0.057563 0.052766 0.047078 0.0405 0.032544 0.022752 0.010636
101 0.046473 0.049075 0.050808 0.05235 0.053748 0.055692 0.058182 0.060447 0.060386 0.060324 0.06068 0.061454 0.062228 0.058164 0.053632 0.047964 0.04116 0.033065 0.023249 0.010919
102 0.045532 0.048159 0.050313 0.052033 0.053427 0.055449 0.058099 0.060509 0.06043 0.060351 0.060664 0.061369 0.062075 0.05838 0.054259 0.048669 0.04161 0.03348 0.023923 0.011268
103 0.044591 0.047264 0.049788 0.051645 0.053001 0.055147 0.058085 0.060745 0.060536 0.060326 0.060589 0.061325 0.062061 0.058647 0.054831 0.049328 0.042136 0.034003 0.024617 0.011338
104 0.043332 0.046332 0.048757 0.050871 0.052753 0.055183 0.058162 0.060847 0.060491 0.060135 0.060348 0.061129 0.06191 0.058949 0.055626 0.050353 0.043131 0.034814 0.02504 0.01184
105 0.042046 0.045285 0.047728 0.050154 0.052568 0.055215 0.058096 0.060697 0.0604 0.060102 0.060296 0.06098 0.061665 0.059285 0.056608 0.05152 0.044019 0.035525 0.025706 0.012105
106 0.041559 0.044335 0.046979 0.049651 0.052346 0.055283 0.058464 0.061291 0.060464 0.059638 0.059665 0.060545 0.061425 0.059426 0.057149 0.052254 0.044741 0.036213 0.026335 0.012237
107 0.040728 0.044172 0.046645 0.049315 0.052132 0.055361 0.059001 0.062177 0.060557 0.058936 0.058713 0.059889 0.061065 0.05942 0.057502 0.052795 0.045298 0.036803 0.02698 0.012511
108 0.040376 0.043585 0.046215 0.049091 0.052151 0.055344 0.05867 0.061566 0.06002 0.058474 0.05836 0.059678 0.060996 0.059666 0.058079 0.053528 0.046011 0.037502 0.027673 0.013016
109 0.04019 0.043579 0.045638 0.048443 0.051809 0.055294 0.058896 0.062003 0.059979 0.057955 0.057734 0.059316 0.060898 0.059867 0.058584 0.054098 0.04641 0.037838 0.028091 0.013378
110 0.039489 0.042933 0.044872 0.047861 0.05164 0.055429 0.059227 0.062476 0.060037 0.057599 0.057273 0.05906 0.060847 0.060149 0.059212 0.054822 0.04698 0.03826 0.028371 0.013463
111 0.038452 0.041903 0.043959 0.047173 0.051257 0.055421 0.059665 0.063279 0.060383 0.057488 0.056918 0.058674 0.06043 0.060207 0.059792 0.055662 0.047816 0.03896 0.028759 0.013801
112 0.037834 0.041309 0.043409 0.046703 0.050893 0.055393 0.060204 0.064264 0.060553 0.056841 0.055963 0.057917 0.059872 0.060169 0.060307 0.056493 0.048728 0.03987 0.029557 0.01372
113 0.03742 0.041074 0.043379 0.046493 0.050215 0.054676 0.059876 0.064253 0.060119 0.055985 0.055146 0.057603 0.060059 0.060611 0.060978 0.057284 0.049529 0.040673 0.03035 0.014275
114 0.036905 0.040735 0.04329 0.046276 0.049588 0.054138 0.059926 0.064795 0.06015 0.055505 0.054472 0.057052 0.059631 0.060768 0.061764 0.058214 0.050116 0.041168 0.03109 0.014417
115 0.036228 0.04016 0.043143 0.046236 0.049412 0.054005 0.060015 0.065077 0.060342 0.055607 0.05451 0.057052 0.059594 0.060887 0.06206 0.058342 0.049734 0.040821 0.031503 0.015272
