1 0 0 0 0 0 0 0 0 0 0 0 0 0 0 0 0 0 0 0 0
2 0 0 0 0 0 0 0 0 0 0 0 0 0 0 0 0 0 0 0 0
3 0 0 0 0 0 0 0 0 0 0 0 0 0 0 0 0 0 0 0 0
4 0 0 0 0 0 0 0 0 0 0 0 0 0 0 0 0 0 0 0 0
5 0 0 0 0 0 0 0 0 0 0 0 0 0 0 0 0 0 0 0 0
6 0 0 0 0 0 0 0 0 0 0 0 0 0 0 0 0 0 0 0 0
7 0 0 0 0 0 0 0 0 0 0 0 0 0 0 0 0 0 0 0 0
8 0 0 0 0 0 0 0 0 0 0 0 0 0 0 0 0 0 0 0 0
9 0 0 0 0 0 0 0 0 0 0 0 0 0 0 0 0 0 0 0 0
10 0 0 0 0 0 0 0 0 0 0 0 0 0 0 0 0 0 0 0 0
11 0 0 0 0 0 0 0 0 0 0 0 0 0 0 0 0 0 0 0 0
12 0 0 0 0 0 0 0 0 0 0 0 0 0 0 0 0 0 0 0 0
13 0 0 0 0 0 0 0 0 0 0 0 0 0 0 0 0 0 0 0 0
14 0 0 0 0 0 0 0 0 0 0 0 0 0 0 0 0 0 0 0 0
15 0 0 0 0 0 0 0 0 0 0 0 0 0 0 0 0 0 0 0 0
16 0.043318 0.046567 0.05354 0.055177 0.052806 0.053475 0.057185 0.060231 0.056414 0.052598 0.052386 0.05578 0.059174 0.055396 0.050924 0.045738 0.039837 0.036551 0.036747 0.036158
17 0.048477 0.056506 0.060429 0.062159 0.062242 0.061724 0.060604 0.059205 0.054918 0.050631 0.049183 0.050576 0.051969 0.048939 0.045481 0.041237 0.036207 0.033332 0.033327 0.032852
18 0.061015 0.066253 0.067472 0.067223 0.065871 0.063506 0.06013 0.056818 0.054175 0.051533 0.048966 0.046477 0.043987 0.041799 0.03964 0.037399 0.035076 0.032714 0.030299 0.029647
19 0.068394 0.070988 0.06957 0.067039 0.063672 0.060663 0.058013 0.055405 0.053219 0.051034 0.048651 0.046069 0.043486 0.041303 0.039158 0.037044 0.034961 0.032659 0.030065 0.028609
20 0.072401 0.073211 0.070085 0.066881 0.063618 0.060676 0.058055 0.055443 0.052928 0.050413 0.047983 0.045638 0.043292 0.041037 0.03879 0.03652 0.034229 0.031883 0.029465 0.027453
21 0.073208 0.073797 0.070352 0.06724 0.064378 0.061578 0.05884 0.056112 0.053474 0.050837 0.04825 0.045712 0.043175 0.040648 0.038123 0.035658 0.033252 0.030837 0.028409 0.026121
22 0.076101 0.074248 0.070826 0.067664 0.064695 0.061857 0.059149 0.056441 0.053738 0.051035 0.048333 0.045634 0.042935 0.040282 0.037634 0.034991 0.032354 0.029783 0.027299 0.025002
23 0.077464 0.074534 0.071565 0.068567 0.065548 0.062581 0.059668 0.056762 0.05394 0.051117 0.048297 0.045482 0.042666 0.039825 0.036981 0.03423 0.031572 0.028946 0.026365 0.023891
24 0.078413 0.075443 0.072373 0.06933 0.066307 0.063284 0.060262 0.057238 0.054192 0.051146 0.048152 0.045211 0.04227 0.039349 0.03643 0.033576 0.030786 0.028046 0.025372 0.022819
25 0.079405 0.076207 0.073105 0.069982 0.066843 0.063726 0.060632 0.057535 0.054408 0.051282 0.048167 0.045065 0.041962 0.038963 0.035974 0.033031 0.030133 0.027278 0.024481 0.021821
26 0.080338 0.077098 0.073882 0.070659 0.067432 0.064188 0.060929 0.057677 0.0545 0.051324 0.048137 0.044939 0.04174 0.038645 0.035559 0.032504 0.029479 0.026511 0.023618 0.020842
27 0.081172 0.077843 0.074546 0.071223 0.067881 0.064557 0.06125 0.057947 0.05468 0.051414 0.048134 0.044839 0.041545 0.038349 0.035164 0.032008 0.028881 0.025807 0.022802 0.019959
28 0.081766 0.078392 0.075004 0.07163 0.068264 0.064903 0.061546 0.058188 0.054836 0.051484 0.048142 0.044811 0.041479 0.038181 0.034887 0.031621 0.028385 0.025207 0.022108 0.019165
29 0.082366 0.078906 0.075487 0.072072 0.068659 0.065249 0.061844 0.058437 0.055009 0.051582 0.048168 0.044768 0.041368 0.037975 0.034582 0.031221 0.027892 0.024619 0.021419 0.018376
30 0.082848 0.079412 0.075925 0.072474 0.069049 0.065601 0.062129 0.058655 0.055152 0.051648 0.048169 0.044713 0.041258 0.037788 0.034317 0.030872 0.027452 0.024089 0.020803 0.017646
31 0.083241 0.079777 0.076307 0.072834 0.069359 0.065867 0.062359 0.058848 0.055314 0.051779 0.048245 0.044712 0.041179 0.037632 0.034082 0.030558 0.027059 0.023612 0.020237 0.017
32 0.083601 0.080081 0.076616 0.073142 0.06966 0.066144 0.062595 0.059043 0.05547 0.051896 0.048309 0.044708 0.041107 0.037495 0.033883 0.030283 0.026697 0.023169 0.019719 0.016382
33 0.083879 0.080382 0.076913 0.073428 0.06993 0.066395 0.062823 0.059247 0.055629 0.052011 0.048373 0.044714 0.041055 0.03738 0.033703 0.030033 0.026369 0.022755 0.019209 0.015772
34 0.084099 0.080585 0.077123 0.073633 0.070122 0.066576 0.062996 0.059409 0.055758 0.052107 0.048438 0.044753 0.041067 0.037332 0.033593 0.029855 0.026119 0.022425 0.018786 0.015224
35 0.084353 0.080862 0.077418 0.073908 0.070347 0.066745 0.063102 0.059459 0.055825 0.052191 0.048509 0.044781 0.041052 0.037251 0.033444 0.029655 0.025884 0.022123 0.018374 0.014718
36 0.08442 0.081017 0.077546 0.074051 0.070537 0.066962 0.063325 0.059684 0.055995 0.052307 0.04858 0.044817 0.041053 0.037203 0.033345 0.029491 0.025641 0.021805 0.017988 0.014234
37 0.084412 0.081077 0.077652 0.074177 0.070665 0.067079 0.063417 0.059756 0.056086 0.052417 0.04869 0.044906 0.041122 0.037226 0.033319 0.029415 0.025513 0.021599 0.017667 0.013802
38 0.084363 0.08102 0.077671 0.074237 0.070738 0.067196 0.063613 0.060015 0.056277 0.052539 0.048758 0.044934 0.041109 0.037204 0.033291 0.029361 0.025414 0.021432 0.017401 0.013427
39 0.083904 0.081256 0.078149 0.07502 0.071874 0.068633 0.065296 0.061929 0.058249 0.054568 0.049196 0.042133 0.03507 0.033738 0.03296 0.030401 0.02606 0.021664 0.017193 0.012706
40 0.083565 0.080981 0.07791 0.074806 0.071675 0.06847 0.065191 0.061878 0.058227 0.054575 0.049393 0.042681 0.035969 0.03433 0.033181 0.030394 0.025969 0.021482 0.016915 0.012408
41 0.083008 0.080425 0.077597 0.074605 0.071489 0.068327 0.065119 0.061875 0.058255 0.054635 0.049642 0.043275 0.036908 0.034933 0.033382 0.030375 0.025911 0.021368 0.016722 0.012148
42 0.082504 0.079807 0.077182 0.074329 0.071303 0.068221 0.065082 0.061905 0.05833 0.054756 0.049935 0.043868 0.037801 0.035512 0.033589 0.03036 0.025827 0.021235 0.016564 0.011888
43 0.081985 0.079386 0.076741 0.073979 0.071129 0.06813 0.06498 0.061803 0.058331 0.054858 0.050234 0.044459 0.038684 0.036107 0.033841 0.030405 0.0258 0.021139 0.016403 0.011607
44 0.081383 0.078972 0.076394 0.073702 0.070925 0.067981 0.06487 0.061732 0.058328 0.054923 0.050482 0.045002 0.039523 0.036694 0.034121 0.030498 0.025826 0.02108 0.016236 0.011327
45 0.080768 0.078498 0.076031 0.073433 0.070737 0.067863 0.064811 0.06173 0.058344 0.054958 0.050674 0.04549 0.040306 0.037234 0.034366 0.03058 0.025878 0.021068 0.016114 0.011119
46 0.080219 0.078064 0.075697 0.07316 0.070495 0.067682 0.064721 0.061723 0.058343 0.054963 0.050837 0.045967 0.041097 0.037787 0.034629 0.030678 0.025934 0.021064 0.016026 0.010915
47 0.079668 0.077573 0.075295 0.072827 0.070217 0.067486 0.064636 0.061743 0.058402 0.055061 0.051079 0.046454 0.04183 0.038309 0.034895 0.030789 0.025993 0.021055 0.015931 0.010755
48 0.078998 0.076998 0.074822 0.072474 0.069997 0.067359 0.064558 0.061717 0.05845 0.055183 0.051357 0.046972 0.042587 0.038839 0.035153 0.030898 0.026073 0.021082 0.015868 0.010614
49 0.078325 0.076441 0.074346 0.072103 0.069748 0.067216 0.064507 0.061751 0.058515 0.055278 0.051589 0.047445 0.043302 0.039357 0.035431 0.031035 0.02617 0.021133 0.015869 0.010441
50 0.077697 0.075873 0.073911 0.071795 0.069564 0.067101 0.064406 0.061672 0.058521 0.055371 0.051833 0.047906 0.043979 0.039873 0.035749 0.031215 0.02627 0.021159 0.015826 0.010277
51 0.077073 0.075302 0.07345 0.071406 0.069217 0.066841 0.064278 0.061668 0.058575 0.055481 0.052083 0.048381 0.044679 0.040411 0.036088 0.031434 0.026448 0.021258 0.015795 0.010131
52 0.076341 0.074706 0.072956 0.07103 0.068971 0.066695 0.064201 0.061661 0.058637 0.055613 0.052351 0.048852 0.045353 0.040917 0.036392 0.031613 0.026582 0.021331 0.015787 0.010012
53 0.075698 0.074131 0.072493 0.070665 0.068695 0.066504 0.064093 0.061633 0.058664 0.055695 0.052567 0.04928 0.045994 0.041415 0.036712 0.031825 0.026755 0.021444 0.015811 0.0099263
54 0.074983 0.073505 0.07206 0.070333 0.068394 0.066273 0.063968 0.061611 0.058714 0.055817 0.052824 0.049737 0.046649 0.041909 0.03701 0.032018 0.026934 0.021574 0.015844 0.0098435
55 0.074241 0.07301 0.071615 0.069933 0.068034 0.066005 0.063845 0.061624 0.058777 0.055931 0.053061 0.050168 0.047275 0.042406 0.037345 0.03225 0.027119 0.021704 0.015911 0.0097456
56 0.073569 0.072386 0.071109 0.069529 0.06772 0.065785 0.063723 0.0616 0.05884 0.05608 0.053332 0.050594 0.047857 0.042883 0.037694 0.032499 0.027301 0.021828 0.015992 0.0096789
57 0.072846 0.0716 0.070494 0.069074 0.067417 0.06561 0.063652 0.06163 0.058944 0.056259 0.053626 0.051045 0.048465 0.043384 0.038062 0.032771 0.02751 0.021962 0.016031 0.0096172
58 0.071887 0.070902 0.070005 0.068728 0.067167 0.065442 0.063556 0.061607 0.059013 0.056419 0.053904 0.051468 0.049032 0.043871 0.038447 0.033072 0.027746 0.022116 0.016081 0.0095369
59 0.071112 0.07027 0.069441 0.068301 0.066927 0.065314 0.063463 0.061553 0.059041 0.056529 0.054138 0.051868 0.049599 0.044348 0.038809 0.033356 0.027987 0.022288 0.016149 0.0095046
60 0.070132 0.069705 0.068898 0.067823 0.066546 0.065035 0.063288 0.061482 0.059059 0.056636 0.054389 0.052319 0.050248 0.044899 0.039233 0.0337 0.028303 0.022534 0.016273 0.0094968
61 0.069394 0.069074 0.068371 0.067381 0.066176 0.06478 0.063193 0.061535 0.059136 0.056737 0.054585 0.052681 0.050777 0.045361 0.039606 0.034008 0.028568 0.022736 0.016382 0.0095186
62 0.068469 0.068409 0.067819 0.066961 0.065904 0.064624 0.063122 0.061544 0.059177 0.05681 0.054761 0.05303 0.0513 0.045835 0.04001 0.034355 0.02887 0.022965 0.016499 0.0095385
63 0.067617 0.067481 0.067233 0.066589 0.065648 0.064474 0.063068 0.06158 0.059251 0.056922 0.054966 0.053384 0.051802 0.046292 0.040402 0.034707 0.029209 0.023235 0.016626 0.0095135
64 0.066833 0.06682 0.066616 0.06608 0.065293 0.064257 0.062972 0.061602 0.059353 0.057104 0.055239 0.053757 0.052275 0.046717 0.040765 0.035036 0.029529 0.0235 0.016778 0.0094735
65 0.066218 0.066285 0.066064 0.065608 0.064976 0.064059 0.062856 0.061567 0.059386 0.057205 0.055435 0.054076 0.052717 0.047127 0.041128 0.035364 0.029838 0.023753 0.016926 0.0094112
66 0.065349 0.065771 0.065508 0.065107 0.064603 0.063799 0.062693 0.061504 0.059448 0.057393 0.055736 0.054479 0.053223 0.047582 0.041517 0.035703 0.03014 0.023997 0.017082 0.0093665
67 0.06479 0.065234 0.064942 0.064577 0.064159 0.063478 0.062532 0.061493 0.059484 0.057474 0.055918 0.054814 0.053711 0.048021 0.041888 0.036031 0.03045 0.024259 0.017253 0.0094901
68 0.064025 0.064639 0.064353 0.064084 0.063829 0.063217 0.062245 0.061201 0.0594 0.0576 0.056199 0.055198 0.054198 0.048517 0.042383 0.036496 0.030855 0.024578 0.017454 0.0095293
69 0.063253 0.064149 0.063736 0.063546 0.063525 0.063003 0.06198 0.060906 0.059305 0.057704 0.056461 0.055576 0.054691 0.049005 0.042855 0.036942 0.031265 0.024908 0.017646 0.0095447
70 0.062347 0.063632 0.063107 0.062962 0.063103 0.062709 0.061779 0.060801 0.059322 0.057843 0.056709 0.05592 0.055132 0.049496 0.043391 0.037449 0.031672 0.025203 0.017814 0.0096081
71 0.061743 0.062768 0.062266 0.062228 0.062538 0.062373 0.061732 0.061018 0.059551 0.058084 0.056988 0.056263 0.055537 0.049946 0.043883 0.037922 0.032061 0.025493 0.017982 0.0096237
72 0.060884 0.061655 0.06132 0.061479 0.06201 0.062104 0.061761 0.061317 0.059816 0.058316 0.057261 0.056653 0.056045 0.050457 0.044387 0.038406 0.032514 0.025854 0.018172 0.0095875
73 0.060022 0.060674 0.060782 0.061001 0.061303 0.06148 0.061533 0.061457 0.060041 0.058626 0.057648 0.057107 0.056567 0.050953 0.044848 0.038838 0.032925 0.026201 0.018398 0.0095935
74 0.058868 0.059687 0.060208 0.060625 0.060965 0.061221 0.061395 0.061444 0.06021 0.058976 0.058067 0.057481 0.056895 0.051324 0.045271 0.039263 0.0333 0.026512 0.018626 0.0096622
75 0.058061 0.059084 0.059695 0.06019 0.060598 0.06092 0.061156 0.061279 0.060223 0.059167 0.058361 0.057805 0.057249 0.051725 0.04572 0.039704 0.033674 0.026814 0.018848 0.0097282
76 0.057333 0.058407 0.059282 0.059918 0.060374 0.060713 0.060934 0.061056 0.060155 0.059254 0.058556 0.058061 0.057566 0.052105 0.046163 0.040143 0.034044 0.027102 0.01904 0.0097942
77 0.056653 0.057653 0.058802 0.059578 0.060074 0.060454 0.060718 0.060889 0.0601 0.059311 0.058713 0.058305 0.057896 0.052507 0.046636 0.040631 0.034492 0.027463 0.019247 0.009879
78 0.055806 0.057137 0.058388 0.059226 0.059752 0.060139 0.060387 0.06056 0.059963 0.059366 0.058935 0.058668 0.058401 0.052962 0.047023 0.041024 0.034967 0.027895 0.019473 0.0099294
79 0.055071 0.056252 0.057759 0.058746 0.059342 0.059773 0.060041 0.060245 0.059784 0.059323 0.059081 0.059057 0.059034 0.053592 0.047627 0.041604 0.035521 0.028357 0.019752 0.010037
80 0.054005 0.055323 0.056788 0.057984 0.058977 0.059605 0.059868 0.060078 0.059735 0.059392 0.059294 0.059442 0.059589 0.054208 0.048291 0.042247 0.036075 0.028829 0.020152 0.010118
81 0.05293 0.054467 0.055805 0.057096 0.058352 0.059216 0.05969 0.060101 0.059858 0.059616 0.05967 0.060022 0.060373 0.054852 0.048763 0.04266 0.036543 0.029292 0.020532 0.010162
82 0.052138 0.053545 0.055059 0.056466 0.057794 0.058782 0.059429 0.060018 0.060007 0.059997 0.060119 0.060373 0.060626 0.05525 0.04933 0.043278 0.037096 0.029729 0.020783 0.010181
83 0.051557 0.053036 0.054606 0.056022 0.057323 0.058365 0.05915 0.059881 0.060057 0.060233 0.060446 0.060696 0.060946 0.055642 0.049802 0.043708 0.03736 0.029919 0.021022 0.010231
84 0.050891 0.05274 0.054197 0.055553 0.056834 0.057986 0.059009 0.059955 0.060107 0.060259 0.060515 0.060874 0.061234 0.055943 0.050105 0.044051 0.03778 0.030333 0.02132 0.010315
85 0.050104 0.052198 0.053575 0.054986 0.056422 0.057685 0.058774 0.059791 0.060055 0.06032 0.060679 0.061132 0.061585 0.056341 0.050545 0.044554 0.038368 0.03087 0.021625 0.01039
86 0.049126 0.051544 0.052784 0.054289 0.055994 0.057423 0.058576 0.059669 0.060144 0.060619 0.061008 0.061309 0.061611 0.056628 0.051133 0.045264 0.039021 0.031387 0.021903 0.010568
87 0.048328 0.050611 0.051736 0.053313 0.055228 0.056947 0.05847 0.0599 0.060382 0.060863 0.061261 0.061575 0.061889 0.057124 0.051868 0.046064 0.039711 0.031923 0.022225 0.010584
88 0.047458 0.049715 0.051129 0.052758 0.054549 0.056419 0.058369 0.060176 0.060511 0.060845 0.061207 0.061598 0.061989 0.057546 0.052635 0.046914 0.040384 0.032467 0.022702 0.010628
89 0.04655 0.049072 0.050777 0.05236 0.05385 0.0558 0.058209 0.060406 0.060424 0.060442 0.060808 0.061523 0.062237 0.058103 0.0535 0.047837 0.041113 0.033023 0.023112 0.010855
90 0.04556 0.04826 0.050323 0.052017 0.053432 0.055445 0.058053 0.060429 0.060398 0.060367 0.060729 0.061485 0.06224 0.058444 0.054207 0.048589 0.04159 0.033448 0.023785 0.011197
91 0.044666 0.047282 0.049797 0.051669 0.053059 0.055179 0.058029 0.060617 0.060502 0.060388 0.0607 0.061441 0.062181 0.058686 0.054781 0.049226 0.042022 0.033886 0.024507 0.011383
92 0.043453 0.046397 0.048897 0.050959 0.052691 0.055073 0.058107 0.060846 0.060536 0.060225 0.060467 0.061262 0.062057 0.058975 0.055518 0.050181 0.042965 0.03469 0.025007 0.01169
93 0.042016 0.045357 0.047825 0.050218 0.052554 0.055156 0.058022 0.060614 0.06037 0.060125 0.06038 0.061132 0.061885 0.05935 0.056497 0.051357 0.043929 0.035464 0.025618 0.012131
94 0.041523 0.044315 0.046917 0.049571 0.052263 0.055175 0.058306 0.061107 0.060499 0.059891 0.05998 0.060765 0.061551 0.059484 0.057142 0.052207 0.044679 0.036137 0.026244 0.012244
95 0.040775 0.044078 0.046601 0.049277 0.052069 0.055244 0.058803 0.061922 0.060492 0.059063 0.058939 0.060121 0.061303 0.059572 0.05756 0.0528 0.045292 0.036766 0.026885 0.012437
96 0.040291 0.043578 0.046156 0.04898 0.051989 0.055238 0.058725 0.061763 0.060168 0.058572 0.058438 0.059765 0.061092 0.059716 0.058078 0.0535 0.045981 0.037461 0.027607 0.012902
97 0.040086 0.043444 0.045697 0.048531 0.051803 0.055205 0.058738 0.061797 0.059952 0.058108 0.05794 0.059448 0.060956 0.059852 0.058494 0.054032 0.046467 0.037933 0.028109 0.013408
98 0.039536 0.042988 0.044946 0.047898 0.051596 0.055328 0.059095 0.062328 0.060031 0.057735 0.05746 0.059206 0.060953 0.060174 0.059151 0.05471 0.046851 0.038168 0.028389 0.013455
99 0.038481 0.041969 0.044014 0.047202 0.051248 0.055321 0.059419 0.062918 0.060224 0.05753 0.057102 0.058938 0.060774 0.060397 0.059806 0.055587 0.047742 0.038883 0.028677 0.013768
100 0.037706 0.041152 0.043214 0.04655 0.050844 0.055379 0.060155 0.064198 0.060667 0.057136 0.056285 0.058113 0.059941 0.060213 0.060335 0.056476 0.048635 0.039737 0.029431 0.013833
101 0.037338 0.040968 0.043269 0.04646 0.050318 0.054767 0.059808 0.064058 0.06014 0.056222 0.055446 0.057813 0.06018 0.060617 0.060867 0.057157 0.049487 0.040652 0.030266 0.014166
102 0.03683 0.040633 0.043117 0.046129 0.049539 0.054095 0.059798 0.0646 0.060095 0.055589 0.054647 0.057269 0.05989 0.060906 0.061767 0.058195 0.05019 0.041231 0.031004 0.014476
103 0.036239 0.040152 0.043066 0.046121 0.049284 0.053885 0.059925 0.065007 0.060188 0.05537 0.054308 0.057003 0.059697 0.061022 0.062215 0.058591 0.05015 0.041203 0.031585 0.01499
104 0.035974 0.039826 0.042971 0.045978 0.048882 0.053548 0.059977 0.065413 0.060595 0.055776 0.054561 0.056949 0.059337 0.060919 0.062422 0.058724 0.049825 0.040844 0.031757 0.015724
105 0.035921 0.040528 0.043956 0.046503 0.048389 0.052904 0.060048 0.066062 0.060392 0.054722 0.05336 0.056307 0.059254 0.060996 0.062621 0.058947 0.049974 0.041017 0.03208 0.016017
106 0.035828 0.041196 0.044685 0.047 0.048433 0.052755 0.059967 0.065982 0.059622 0.053262 0.051894 0.055519 0.059143 0.060973 0.06263 0.05915 0.050533 0.041705 0.032594 0.017132
107 0.036223 0.041671 0.045308 0.047094 0.04749 0.051616 0.059472 0.06603 0.059162 0.052294 0.051001 0.055283 0.059564 0.061065 0.062296 0.059037 0.051288 0.042909 0.033694 0.017503
108 0.036157 0.042485 0.046213 0.047837 0.047882 0.051964 0.060085 0.066836 0.059427 0.052018 0.050294 0.054253 0.058213 0.060225 0.06205 0.059044 0.051208 0.042625 0.033046 0.018139
109 0.036244 0.044218 0.047444 0.048702 0.048484 0.052401 0.060452 0.067142 0.059758 0.052375 0.050041 0.052756 0.055472 0.058618 0.061806 0.059563 0.051891 0.042835 0.03194 0.017858
110 0.035361 0.04412 0.047928 0.049234 0.048661 0.052307 0.06017 0.066729 0.059792 0.052856 0.050535 0.052831 0.055126 0.058265 0.061485 0.059474 0.052232 0.043259 0.031982 0.017656
111 0.033759 0.043691 0.048028 0.049652 0.049238 0.053016 0.060987 0.067613 0.060339 0.053064 0.050544 0.052778 0.055011 0.058098 0.061267 0.059112 0.051633 0.042857 0.032356 0.016954
112 0.033205 0.043888 0.048503 0.050938 0.051737 0.05561 0.06256 0.06822 0.060549 0.052879 0.049752 0.051168 0.052583 0.05671 0.061098 0.059312 0.051352 0.042281 0.031731 0.015925
113 0.032052 0.043714 0.049139 0.052246 0.053612 0.057315 0.063354 0.068151 0.060112 0.052072 0.048948 0.050738 0.052529 0.056097 0.059838 0.058281 0.051427 0.042872 0.032053 0.01545
114 0.030431 0.043436 0.051049 0.054335 0.054371 0.057417 0.063472 0.068278 0.060167 0.052056 0.048937 0.050811 0.052684 0.054889 0.057125 0.055859 0.051091 0.044102 0.034154 0.015335
115 0.029563 0.043874 0.053267 0.057007 0.056502 0.058725 0.063678 0.067477 0.059356 0.051235 0.047885 0.049308 0.05073 0.053152 0.05567 0.054864 0.050734 0.044932 0.036901 0.01514
