1 0 0 0 0 0 0 0 0 0 0 0 0 0 0 0 0 0 0 0 0
2 0 0 0 0 0 0 0 0 0 0 0 0 0 0 0 0 0 0 0 0
3 0 0 0 0 0 0 0 0 0 0 0 0 0 0 0 0 0 0 0 0
4 0 0 0 0 0 0 0 0 0 0 0 0 0 0 0 0 0 0 0 0
5 0 0 0 0 0 0 0 0 0 0 0 0 0 0 0 0 0 0 0 0
6 0 0 0 0 0 0 0 0 0 0 0 0 0 0 0 0 0 0 0 0
7 0 0 0 0 0 0 0 0 0 0 0 0 0 0 0 0 0 0 0 0
8 0 0 0 0 0 0 0 0 0 0 0 0 0 0 0 0 0 0 0 0
9 0 0 0 0 0 0 0 0 0 0 0 0 0 0 0 0 0 0 0 0
10 0 0 0 0 0 0 0 0 0 0 0 0 0 0 0 0 0 0 0 0
11 0 0 0 0 0 0 0 0 0 0 0 0 0 0 0 0 0 0 0 0
12 0 0 0 0 0 0 0 0 0 0 0 0 0 0 0 0 0 0 0 0
13 0 0 0 0 0 0 0 0 0 0 0 0 0 0 0 0 0 0 0 0
14 0 0 0 0 0 0 0 0 0 0 0 0 0 0 0 0 0 0 0 0
15 0 0 0 0 0 0 0 0 0 0 0 0 0 0 0 0 0 0 0 0
16 0 0 0 0 0 0 0 0 0 0 0 0 0 0 0 0 0 0 0 0
17 0 0 0 0 0 0 0 0 0 0 0 0 0 0 0 0 0 0 0 0
18 0.043333 0.046582 0.053554 0.05519 0.052817 0.053484 0.057192 0.060235 0.056417 0.052598 0.052384 0.055775 0.059167 0.055387 0.050915 0.045728 0.039826 0.03654 0.036734 0.036144
19 0.056714 0.062904 0.065482 0.066121 0.065303 0.063314 0.060152 0.057027 0.05428 0.051533 0.04953 0.04827 0.04701 0.044287 0.041423 0.03813 0.034406 0.031907 0.031038 0.03117
20 0.065948 0.068755 0.068153 0.067035 0.065529 0.062909 0.059172 0.055564 0.05328 0.050996 0.048622 0.046159 0.043696 0.041483 0.039294 0.037113 0.034942 0.032498 0.029691 0.029161
21 0.069395 0.071578 0.069936 0.067117 0.063414 0.060435 0.05818 0.055891 0.05325 0.050608 0.048156 0.045893 0.04363 0.041359 0.039087 0.036857 0.03467 0.032463 0.03023 0.027849
22 0.072993 0.073933 0.070054 0.066637 0.063566 0.060779 0.058275 0.055767 0.05322 0.050672 0.048171 0.045717 0.043264 0.040932 0.038612 0.036265 0.03389 0.031462 0.028964 0.026826
23 0.074391 0.074285 0.070333 0.067113 0.064443 0.06171 0.058916 0.056142 0.053578 0.051014 0.048409 0.045765 0.04312 0.040534 0.037953 0.035391 0.032846 0.030375 0.028001 0.025681
24 0.07718 0.074091 0.070981 0.067997 0.065108 0.062223 0.059343 0.056479 0.053784 0.05109 0.048364 0.045607 0.04285 0.0401 0.037351 0.03465 0.031995 0.029403 0.026894 0.024509
25 0.077859 0.074991 0.071981 0.068954 0.065913 0.06291 0.059944 0.056981 0.05404 0.051099 0.0482 0.045343 0.042486 0.039595 0.036701 0.033909 0.031222 0.028553 0.02591 0.023406
26 0.078875 0.075723 0.072695 0.06965 0.066595 0.063535 0.060471 0.057405 0.054302 0.051199 0.048142 0.045129 0.042117 0.039157 0.036202 0.033315 0.030497 0.027702 0.024937 0.022352
27 0.079814 0.076644 0.073478 0.070294 0.067097 0.063925 0.060781 0.057637 0.054493 0.051349 0.048187 0.045006 0.041825 0.038784 0.035757 0.032772 0.029831 0.026925 0.024064 0.021338
28 0.080584 0.077397 0.074146 0.070898 0.067652 0.064382 0.061087 0.057799 0.054586 0.051372 0.048145 0.044905 0.041665 0.038529 0.035403 0.0323 0.02922 0.026204 0.023273 0.020453
29 0.081398 0.078053 0.074724 0.071395 0.068066 0.064736 0.061406 0.058076 0.054755 0.051435 0.048128 0.044836 0.041544 0.038301 0.035064 0.031845 0.028644 0.025515 0.022482 0.019597
30 0.082149 0.078615 0.075181 0.071798 0.068452 0.065073 0.061662 0.058255 0.054898 0.05154 0.04818 0.044817 0.041454 0.038095 0.034736 0.031418 0.028141 0.024926 0.021793 0.018816
31 0.082589 0.079116 0.075689 0.072265 0.068841 0.065412 0.061975 0.058537 0.055081 0.051625 0.04818 0.044745 0.041311 0.03788 0.034449 0.031055 0.027697 0.024384 0.021132 0.018038
32 0.08307 0.079579 0.076091 0.072628 0.069185 0.06572 0.062235 0.058748 0.05524 0.051732 0.048223 0.044714 0.041206 0.0377 0.034194 0.030718 0.027273 0.023872 0.020532 0.01734
33 0.083367 0.079894 0.076504 0.073027 0.069486 0.065972 0.062486 0.05899 0.055405 0.05182 0.048248 0.044689 0.04113 0.037561 0.03399 0.030434 0.026893 0.023406 0.01999 0.016706
34 0.083705 0.080235 0.076757 0.07327 0.069776 0.066251 0.062695 0.059136 0.055546 0.051955 0.048345 0.044715 0.041086 0.037441 0.033796 0.030163 0.026543 0.02298 0.019493 0.016114
35 0.083958 0.080455 0.077009 0.073528 0.07002 0.066485 0.062923 0.059354 0.055704 0.052054 0.048395 0.044727 0.041058 0.03736 0.033659 0.029955 0.026248 0.022592 0.019001 0.015515
36 0.084185 0.080721 0.077276 0.073779 0.070244 0.06667 0.063058 0.059443 0.055793 0.052143 0.048465 0.044759 0.041054 0.037287 0.033514 0.029753 0.026003 0.022283 0.018604 0.014968
37 0.084342 0.080936 0.077505 0.073995 0.070425 0.066821 0.063185 0.059548 0.0559 0.052251 0.048555 0.044811 0.041067 0.037238 0.033401 0.029579 0.025771 0.021975 0.018193 0.0145
38 0.084431 0.081082 0.077611 0.074114 0.070596 0.067009 0.063353 0.059695 0.056023 0.052352 0.04863 0.044859 0.041087 0.037216 0.033334 0.029453 0.025572 0.021701 0.017845 0.014036
39 0.084669 0.081784 0.078515 0.075272 0.072047 0.068728 0.065313 0.06188 0.058257 0.054633 0.048987 0.041317 0.033647 0.032827 0.032671 0.030468 0.026219 0.021931 0.017594 0.013241
40 0.084107 0.081426 0.078297 0.075159 0.072014 0.068735 0.065323 0.061888 0.058231 0.054574 0.049108 0.041832 0.034557 0.033408 0.032853 0.030423 0.02612 0.021759 0.017322 0.012863
41 0.083742 0.081107 0.078027 0.074945 0.071861 0.068642 0.065289 0.061905 0.058215 0.054526 0.049242 0.042364 0.035485 0.034007 0.033051 0.030385 0.026008 0.021571 0.017055 0.012572
42 0.083306 0.080752 0.077751 0.074688 0.071579 0.068396 0.06514 0.061853 0.058239 0.054625 0.049539 0.04298 0.036421 0.034615 0.033269 0.030376 0.025936 0.021425 0.016821 0.01229
43 0.082791 0.080114 0.077434 0.074506 0.071389 0.068259 0.065113 0.061926 0.058304 0.054683 0.049759 0.043534 0.03731 0.035191 0.033469 0.030361 0.025865 0.021301 0.016647 0.012043
44 0.082304 0.079592 0.07694 0.074139 0.071227 0.068205 0.065073 0.061904 0.058347 0.05479 0.050049 0.044122 0.038196 0.035777 0.033696 0.030372 0.025805 0.021187 0.016503 0.011771
45 0.081751 0.079213 0.076592 0.073858 0.071039 0.068059 0.06492 0.061754 0.058307 0.054861 0.050328 0.044708 0.039088 0.036389 0.033972 0.030444 0.025806 0.021109 0.016331 0.01147
46 0.081105 0.078738 0.076205 0.073563 0.070838 0.067937 0.064858 0.061751 0.058341 0.054931 0.050555 0.045213 0.039871 0.036947 0.034256 0.03056 0.025857 0.021071 0.016173 0.01123
47 0.080499 0.078253 0.075826 0.073288 0.070668 0.067834 0.064787 0.061711 0.05833 0.05495 0.050746 0.045719 0.040692 0.037499 0.034485 0.030622 0.025912 0.021078 0.01608 0.011021
48 0.07994 0.077801 0.075476 0.072983 0.070362 0.067596 0.064683 0.06173 0.058365 0.055 0.050946 0.046203 0.04146 0.038054 0.034778 0.030753 0.025979 0.021071 0.015984 0.010839
49 0.079324 0.077283 0.075065 0.072664 0.070126 0.067434 0.06459 0.061707 0.058428 0.055149 0.051245 0.046714 0.042184 0.038555 0.035013 0.030838 0.02603 0.021067 0.015897 0.010688
50 0.078659 0.076729 0.074621 0.072321 0.069876 0.067271 0.064507 0.061702 0.05847 0.055238 0.051487 0.047216 0.042945 0.039091 0.035278 0.030955 0.026121 0.02111 0.015864 0.010539
51 0.078028 0.076217 0.074164 0.071966 0.069657 0.067153 0.064454 0.061711 0.058518 0.055325 0.051706 0.04766 0.043615 0.039592 0.035572 0.03111 0.026207 0.021137 0.015845 0.010363
52 0.077413 0.075632 0.073733 0.071638 0.069398 0.066963 0.064334 0.061662 0.058538 0.055414 0.051943 0.048126 0.044309 0.040121 0.035898 0.031307 0.026346 0.021201 0.015811 0.010211
53 0.076753 0.075049 0.073221 0.071219 0.069086 0.066763 0.064249 0.061686 0.058614 0.055543 0.052204 0.048596 0.044989 0.040643 0.036225 0.031512 0.026504 0.021286 0.015788 0.010071
54 0.076057 0.074441 0.072769 0.070891 0.068859 0.06662 0.064174 0.061677 0.058657 0.055636 0.052424 0.049023 0.045622 0.041128 0.036528 0.031703 0.026653 0.021375 0.015795 0.0099697
55 0.075343 0.073828 0.072275 0.070502 0.068565 0.066415 0.064052 0.061637 0.05869 0.055743 0.052672 0.049477 0.046283 0.041643 0.036864 0.031931 0.026844 0.021506 0.015835 0.0098965
56 0.074647 0.073305 0.071876 0.070161 0.068231 0.066151 0.063922 0.061635 0.058751 0.055866 0.052922 0.04992 0.046918 0.04212 0.037148 0.032115 0.02702 0.021635 0.015864 0.0097927
57 0.073933 0.072787 0.071402 0.069744 0.06788 0.065892 0.06378 0.061607 0.058797 0.055988 0.053171 0.050348 0.047524 0.042617 0.037509 0.032372 0.027208 0.021767 0.01596 0.0097152
58 0.073249 0.072002 0.070843 0.069347 0.067599 0.065714 0.063694 0.061612 0.05889 0.056169 0.05347 0.050794 0.048119 0.043099 0.037853 0.032616 0.027389 0.021884 0.016008 0.009649
59 0.072373 0.071286 0.070253 0.068896 0.067294 0.065535 0.063616 0.061633 0.058991 0.056348 0.053765 0.05124 0.048716 0.043604 0.038241 0.032915 0.027624 0.022037 0.016053 0.0095809
60 0.071609 0.070602 0.069796 0.068585 0.06707 0.065377 0.063505 0.061573 0.05902 0.056468 0.054007 0.051639 0.04927 0.044069 0.038594 0.033184 0.027838 0.022179 0.016103 0.0095133
61 0.070668 0.070014 0.069202 0.068101 0.066783 0.065206 0.063369 0.061478 0.059029 0.05658 0.054262 0.052077 0.049892 0.044595 0.038998 0.03351 0.028131 0.022401 0.016204 0.0095012
62 0.069796 0.069411 0.068672 0.067645 0.066401 0.064937 0.063255 0.061508 0.05909 0.056673 0.054469 0.052479 0.05049 0.045106 0.039393 0.03383 0.028414 0.022619 0.016318 0.0094926
63 0.069024 0.068813 0.068099 0.067154 0.066037 0.064706 0.063162 0.061543 0.059155 0.056767 0.054661 0.052838 0.051015 0.045574 0.039784 0.034158 0.028698 0.022834 0.016434 0.0095426
64 0.068084 0.067947 0.067581 0.066836 0.065807 0.064559 0.063092 0.061548 0.059196 0.056843 0.054841 0.053187 0.051534 0.046048 0.040191 0.034516 0.029022 0.023084 0.016555 0.0095312
65 0.067255 0.067135 0.066921 0.066334 0.065468 0.064374 0.063051 0.061642 0.059331 0.057021 0.055097 0.053558 0.052019 0.046487 0.040569 0.034857 0.029351 0.023348 0.016686 0.0094936
66 0.066493 0.066605 0.066388 0.065886 0.06517 0.064182 0.062925 0.061582 0.059366 0.05715 0.055328 0.0539 0.052471 0.046893 0.040914 0.035171 0.029665 0.023617 0.016847 0.009445
67 0.065865 0.066044 0.065816 0.065389 0.064811 0.063935 0.06276 0.061503 0.059389 0.057276 0.055564 0.054254 0.052944 0.047341 0.041323 0.03554 0.029991 0.023872 0.016995 0.0093853
68 0.065014 0.06555 0.065262 0.064876 0.064415 0.063673 0.062651 0.061538 0.059486 0.057433 0.055816 0.054636 0.053455 0.047777 0.041663 0.035823 0.030257 0.0241 0.017155 0.0094208
69 0.064518 0.064978 0.064643 0.064313 0.063985 0.06335 0.062407 0.061377 0.059454 0.057531 0.056043 0.054989 0.053935 0.048247 0.042112 0.036239 0.03063 0.024399 0.017341 0.0095088
70 0.063649 0.06442 0.064066 0.063828 0.063678 0.063123 0.062165 0.061138 0.059401 0.057664 0.056317 0.055362 0.054406 0.048719 0.042574 0.036677 0.031027 0.024718 0.017533 0.0095339
71 0.062911 0.063956 0.0635 0.063329 0.063373 0.06288 0.06185 0.060776 0.059254 0.057732 0.056555 0.055722 0.05489 0.049228 0.043099 0.037172 0.031449 0.025041 0.017723 0.00956
72 0.062144 0.063266 0.062719 0.062621 0.062859 0.062572 0.06176 0.060889 0.059415 0.057941 0.056823 0.056061 0.0553 0.049687 0.043604 0.037655 0.03184 0.025327 0.017885 0.0096336
73 0.06137 0.062313 0.061847 0.061869 0.062258 0.062217 0.061747 0.061187 0.059699 0.058211 0.057119 0.056423 0.055728 0.050154 0.044108 0.038147 0.03227 0.025658 0.018068 0.0096097
74 0.060571 0.061204 0.061033 0.06122 0.061675 0.061824 0.061667 0.061394 0.059924 0.058453 0.057436 0.056872 0.056309 0.050699 0.044601 0.038599 0.032695 0.026002 0.018259 0.0095622
75 0.059496 0.060213 0.060542 0.060863 0.061178 0.061381 0.061472 0.061439 0.060115 0.058791 0.057845 0.057278 0.05671 0.051107 0.045016 0.039009 0.033087 0.02634 0.018495 0.0096229
76 0.058528 0.05945 0.059994 0.060426 0.060774 0.061065 0.061298 0.061408 0.06024 0.059073 0.058197 0.057612 0.057027 0.051484 0.045461 0.039452 0.033459 0.02664 0.018723 0.0096882
77 0.057697 0.058781 0.05954 0.060088 0.060476 0.060795 0.061045 0.061187 0.060205 0.059223 0.058468 0.057939 0.057411 0.051899 0.045906 0.039881 0.033827 0.026937 0.018935 0.0097584
78 0.057043 0.058086 0.059057 0.05977 0.060291 0.060655 0.060864 0.060979 0.060125 0.059271 0.058611 0.058144 0.057678 0.05227 0.046384 0.040368 0.034223 0.027233 0.01912 0.0098272
79 0.056308 0.057474 0.058656 0.059434 0.059911 0.060287 0.060562 0.060751 0.060047 0.059343 0.058815 0.058461 0.058108 0.052692 0.046786 0.040786 0.03469 0.027647 0.019342 0.0099011
80 0.055519 0.056757 0.058117 0.059023 0.059587 0.059989 0.06023 0.060402 0.059875 0.059348 0.059003 0.058839 0.058675 0.053232 0.047279 0.041269 0.035203 0.028093 0.019592 0.0099686
81 0.054628 0.055833 0.057415 0.05849 0.059185 0.059652 0.059892 0.060077 0.059707 0.059336 0.059178 0.059233 0.059287 0.053876 0.047936 0.041904 0.035778 0.028574 0.019935 0.010083
82 0.053501 0.054977 0.056319 0.057564 0.058735 0.059489 0.059824 0.060101 0.05978 0.05946 0.059427 0.059683 0.059939 0.054498 0.048505 0.042433 0.036283 0.029032 0.020317 0.010132
83 0.052586 0.054046 0.055444 0.05678 0.058069 0.059004 0.059584 0.060098 0.059934 0.05977 0.059854 0.060188 0.060521 0.055047 0.049012 0.042927 0.036793 0.029502 0.02067 0.010173
84 0.051892 0.053285 0.054782 0.056194 0.057543 0.058578 0.0593 0.059967 0.060068 0.060168 0.060327 0.060544 0.060761 0.055427 0.049555 0.043494 0.037243 0.029828 0.020865 0.010178
85 0.051318 0.052955 0.054461 0.055823 0.057077 0.058167 0.059094 0.059952 0.060095 0.060238 0.060465 0.060778 0.061091 0.055793 0.049953 0.043846 0.037472 0.03002 0.021132 0.010269
86 0.050614 0.052565 0.053972 0.055329 0.056649 0.05785 0.058932 0.059933 0.060097 0.060262 0.060556 0.06098 0.061404 0.056083 0.050207 0.044183 0.038011 0.030575 0.021459 0.010338
87 0.049703 0.051935 0.053252 0.054706 0.056265 0.057588 0.058677 0.059702 0.060072 0.060443 0.060825 0.061219 0.061613 0.056464 0.050779 0.044835 0.038633 0.031083 0.021737 0.010469
88 0.048774 0.051208 0.052379 0.053906 0.055702 0.05723 0.058489 0.059684 0.060218 0.060751 0.061152 0.061422 0.061691 0.056813 0.051436 0.045606 0.039322 0.031618 0.022022 0.010574
89 0.047927 0.050163 0.051481 0.053108 0.054968 0.056738 0.058417 0.059987 0.060426 0.060865 0.061254 0.061595 0.061936 0.05731 0.052203 0.046432 0.039997 0.032154 0.022436 0.010602
90 0.047064 0.049355 0.050964 0.052607 0.054277 0.056187 0.05834 0.060319 0.060511 0.060702 0.061043 0.061533 0.062023 0.057741 0.052998 0.047321 0.040711 0.032717 0.02288 0.010706
91 0.046084 0.048799 0.05062 0.052208 0.053622 0.055589 0.05811 0.060405 0.060376 0.060346 0.060729 0.061522 0.062316 0.058308 0.053836 0.048177 0.041329 0.033214 0.023409 0.011001
92 0.04521 0.047793 0.050091 0.051881 0.053289 0.055347 0.058057 0.060521 0.060453 0.060385 0.060705 0.061412 0.06212 0.058498 0.054459 0.048891 0.041796 0.033651 0.024106 0.011336
93 0.044213 0.046977 0.04954 0.05142 0.052785 0.05499 0.058035 0.06079 0.060555 0.06032 0.060588 0.061358 0.062129 0.058803 0.055082 0.049618 0.042411 0.034235 0.024769 0.01138
94 0.042904 0.045996 0.048384 0.050582 0.052639 0.055153 0.058123 0.0608 0.060455 0.06011 0.060345 0.061161 0.061976 0.059124 0.055917 0.050678 0.043405 0.035043 0.025229 0.011976
95 0.041817 0.044933 0.047386 0.049878 0.052399 0.055142 0.058107 0.060782 0.060452 0.060121 0.060298 0.060982 0.061666 0.059392 0.056832 0.051787 0.044256 0.03573 0.025878 0.012163
96 0.041259 0.044188 0.046805 0.049485 0.052212 0.055222 0.058515 0.061431 0.060457 0.059482 0.05949 0.060479 0.061467 0.059538 0.057326 0.052465 0.044953 0.036415 0.02651 0.012302
97 0.040463 0.043917 0.046423 0.049141 0.052019 0.05529 0.058953 0.062149 0.060506 0.058863 0.058653 0.059875 0.061098 0.059535 0.057703 0.053036 0.045534 0.037029 0.027189 0.012625
98 0.040124 0.043352 0.046014 0.048944 0.052076 0.05526 0.058496 0.061318 0.059866 0.058414 0.058369 0.059732 0.061095 0.059828 0.058306 0.053783 0.04626 0.037736 0.027877 0.01315
99 0.039958 0.043412 0.045393 0.048222 0.051688 0.055247 0.0589 0.062048 0.059977 0.057907 0.05769 0.059325 0.06096 0.060001 0.058791 0.054311 0.046561 0.037958 0.028219 0.013433
100 0.039104 0.042564 0.044521 0.047584 0.051478 0.055354 0.059211 0.062512 0.060056 0.057599 0.057281 0.059101 0.060921 0.060306 0.059456 0.055106 0.047257 0.038496 0.028523 0.013567
101 0.038098 0.04153 0.043638 0.046915 0.051071 0.055351 0.059756 0.063505 0.060473 0.057441 0.056817 0.058601 0.060385 0.060293 0.060021 0.055956 0.048098 0.039218 0.028976 0.013855
102 0.037613 0.041135 0.043304 0.046582 0.050695 0.055194 0.060079 0.064198 0.060411 0.056624 0.05579 0.05791 0.06003 0.060365 0.060527 0.056742 0.04901 0.040153 0.029799 0.013836
103 0.037169 0.040866 0.043206 0.046278 0.0499 0.054404 0.05979 0.064326 0.060081 0.055836 0.055 0.057573 0.060146 0.060807 0.061284 0.057616 0.049804 0.040913 0.030583 0.014418
104 0.036631 0.040491 0.043155 0.046151 0.049398 0.053972 0.059875 0.064843 0.060153 0.055462 0.054423 0.057035 0.059647 0.060886 0.061993 0.05846 0.050287 0.041325 0.031312 0.014501
105 0.035991 0.039972 0.042877 0.04596 0.049177 0.053851 0.059981 0.065155 0.060436 0.055718 0.0546 0.057082 0.059565 0.060961 0.062251 0.058551 0.04986 0.040915 0.03163 0.015465
106 0.036057 0.039967 0.043374 0.046249 0.048724 0.053327 0.060059 0.065739 0.06054 0.055341 0.054048 0.056661 0.059275 0.06097 0.062576 0.058852 0.049798 0.040803 0.031886 0.015756
107 0.035751 0.040947 0.044384 0.046824 0.048515 0.052959 0.060156 0.066191 0.060204 0.054217 0.052799 0.055947 0.059096 0.060884 0.062541 0.058905 0.049977 0.041049 0.032123 0.016531
108 0.036022 0.041387 0.044915 0.047022 0.04806 0.052253 0.059598 0.065723 0.059222 0.052721 0.051451 0.05541 0.05937 0.06108 0.062572 0.059228 0.051047 0.042423 0.033209 0.017287
109 0.036279 0.041968 0.045712 0.047362 0.047438 0.051572 0.059764 0.066601 0.059443 0.052285 0.050807 0.055011 0.059215 0.06069 0.061901 0.05871 0.051115 0.042793 0.033503 0.017829
110 0.03627 0.043368 0.046818 0.04827 0.048221 0.052237 0.060318 0.067021 0.059471 0.051922 0.049907 0.053427 0.056947 0.059529 0.06202 0.059356 0.051537 0.042718 0.032566 0.018078
111 0.035911 0.044218 0.047687 0.048963 0.048592 0.052392 0.060364 0.066998 0.059798 0.052597 0.050262 0.052792 0.055321 0.058423 0.061579 0.059438 0.051999 0.043003 0.031935 0.017729
112 0.034766 0.044021 0.048055 0.049353 0.048597 0.052283 0.06041 0.067198 0.060124 0.05305 0.050637 0.052886 0.055135 0.058199 0.061341 0.059269 0.051982 0.043105 0.032111 0.017478
113 0.033331 0.043702 0.048075 0.050086 0.050323 0.054197 0.061706 0.067897 0.060447 0.052998 0.050243 0.052184 0.054125 0.057607 0.061239 0.059189 0.051458 0.042596 0.032228 0.016369
114 0.032995 0.043981 0.048923 0.051648 0.052709 0.056519 0.063077 0.068363 0.060506 0.052648 0.049389 0.050729 0.052069 0.056173 0.060545 0.058933 0.051338 0.042335 0.031456 0.015664
115 0.031333 0.043649 0.049853 0.053038 0.053954 0.057403 0.063385 0.068132 0.060111 0.05209 0.049014 0.050885 0.052755 0.055697 0.058743 0.057301 0.051373 0.043369 0.0326 0.015315
