1 0 0 0 0 0 0 0 0 0 0 0 0 0 0 0 0 0 0 0 0
2 0 0 0 0 0 0 0 0 0 0 0 0 0 0 0 0 0 0 0 0
3 0 0 0 0 0 0 0 0 0 0 0 0 0 0 0 0 0 0 0 0
4 0 0 0 0 0 0 0 0 0 0 0 0 0 0 0 0 0 0 0 0
5 0 0 0 0 0 0 0 0 0 0 0 0 0 0 0 0 0 0 0 0
6 0 0 0 0 0 0 0 0 0 0 0 0 0 0 0 0 0 0 0 0
7 0 0 0 0 0 0 0 0 0 0 0 0 0 0 0 0 0 0 0 0
8 0 0 0 0 0 0 0 0 0 0 0 0 0 0 0 0 0 0 0 0
9 0 0 0 0 0 0 0 0 0 0 0 0 0 0 0 0 0 0 0 0
10 0 0 0 0 0 0 0 0 0 0 0 0 0 0 0 0 0 0 0 0
11 0 0 0 0 0 0 0 0 0 0 0 0 0 0 0 0 0 0 0 0
12 0 0 0 0 0 0 0 0 0 0 0 0 0 0 0 0 0 0 0 0
13 0 0 0 0 0 0 0 0 0 0 0 0 0 0 0 0 0 0 0 0
14 0 0 0 0 0 0 0 0 0 0 0 0 0 0 0 0 0 0 0 0
15 0 0 0 0 0 0 0 0 0 0 0 0 0 0 0 0 0 0 0 0
16 0 0 0 0 0 0 0 0 0 0 0 0 0 0 0 0 0 0 0 0
17 0 0 0 0 0 0 0 0 0 0 0 0 0 0 0 0 0 0 0 0
18 0 0 0 0 0 0 0 0 0 0 0 0 0 0 0 0 0 0 0 0
19 0 0 0 0 0 0 0 0 0 0 0 0 0 0 0 0 0 0 0 0
20 0.043177 0.046432 0.053405 0.055055 0.052709 0.053399 0.057124 0.060186 0.05639 0.052595 0.052405 0.055821 0.059237 0.055472 0.051014 0.045835 0.039935 0.036656 0.036866 0.036288
21 0.043082 0.05066 0.055794 0.057463 0.056528 0.057205 0.059492 0.061183 0.056701 0.052219 0.051259 0.05382 0.056381 0.052865 0.048761 0.043847 0.038124 0.034935 0.035122 0.034559
22 0.058802 0.065728 0.067122 0.066913 0.065501 0.063164 0.059903 0.056703 0.054137 0.051572 0.04927 0.047232 0.045193 0.04276 0.040289 0.037629 0.034779 0.032393 0.030624 0.030285
23 0.067157 0.069826 0.069024 0.067182 0.064558 0.061659 0.058486 0.055392 0.053121 0.05085 0.048565 0.046266 0.043966 0.041593 0.039214 0.036992 0.034929 0.032569 0.029814 0.028836
24 0.071161 0.072223 0.070009 0.067019 0.063446 0.060421 0.057945 0.055468 0.052989 0.050509 0.048125 0.045837 0.04355 0.041285 0.039023 0.03676 0.034496 0.032204 0.029873 0.027657
25 0.073371 0.073778 0.069931 0.066762 0.064103 0.061406 0.058671 0.055947 0.053332 0.050717 0.048166 0.04568 0.043193 0.040766 0.038346 0.035941 0.033554 0.031154 0.028737 0.026445
26 0.074867 0.074212 0.070561 0.06737 0.064524 0.061769 0.059105 0.056439 0.053746 0.051053 0.048387 0.045748 0.043109 0.040462 0.037813 0.035192 0.032597 0.030069 0.027629 0.025348
27 0.077165 0.074198 0.071284 0.06834 0.065372 0.062427 0.059505 0.056598 0.053861 0.051124 0.048362 0.045573 0.042785 0.039979 0.037171 0.034439 0.031781 0.02918 0.026654 0.024201
28 0.078114 0.075141 0.072127 0.069113 0.066101 0.063094 0.060094 0.057095 0.054111 0.051127 0.048201 0.045334 0.042467 0.03952 0.036566 0.033723 0.030993 0.028296 0.025645 0.023136
29 0.079143 0.075965 0.072903 0.069822 0.066726 0.063635 0.060549 0.057461 0.054351 0.051242 0.048157 0.045098 0.042038 0.039061 0.036091 0.033176 0.030316 0.027488 0.024702 0.022076
30 0.080123 0.076917 0.073709 0.070495 0.067277 0.064067 0.060864 0.057664 0.05449 0.051317 0.048138 0.044954 0.04177 0.038698 0.035638 0.03262 0.029645 0.02671 0.023826 0.02108
31 0.080854 0.077609 0.07431 0.071044 0.067801 0.064523 0.061209 0.057899 0.054637 0.051375 0.048115 0.044856 0.041597 0.038437 0.035287 0.032161 0.029058 0.026009 0.023031 0.020189
32 0.081566 0.07821 0.074856 0.071508 0.068165 0.06482 0.061473 0.058129 0.054801 0.051473 0.04815 0.044833 0.041516 0.038244 0.034976 0.031733 0.028514 0.02536 0.022294 0.01938
33 0.082205 0.078783 0.075375 0.071965 0.068554 0.065155 0.061766 0.058375 0.054953 0.051532 0.04814 0.044778 0.041415 0.038047 0.034679 0.031333 0.028011 0.024758 0.021596 0.018579
34 0.082737 0.079236 0.075773 0.072349 0.068953 0.065519 0.062047 0.058576 0.055122 0.051668 0.048212 0.044752 0.041292 0.037833 0.034374 0.030952 0.027567 0.024232 0.020966 0.01784
35 0.083154 0.079701 0.076212 0.072736 0.069271 0.065791 0.062296 0.058798 0.055273 0.051749 0.048228 0.044711 0.041194 0.037667 0.03414 0.030639 0.027163 0.023737 0.020377 0.017161
36 0.083535 0.079966 0.076533 0.073064 0.069569 0.066058 0.06253 0.059 0.055446 0.051892 0.048315 0.044716 0.041116 0.037521 0.033927 0.030349 0.02679 0.023284 0.019849 0.016538
37 0.083793 0.080304 0.076855 0.073368 0.069853 0.066319 0.062766 0.059208 0.055591 0.051975 0.048347 0.044708 0.041069 0.03741 0.033749 0.030096 0.026451 0.022861 0.019344 0.015933
38 0.084034 0.080517 0.077057 0.07357 0.070063 0.066526 0.062958 0.059383 0.055738 0.052093 0.04843 0.044748 0.041067 0.037347 0.033625 0.029903 0.026181 0.022505 0.018889 0.015366
39 0.085562 0.082078 0.079018 0.075825 0.072533 0.069115 0.065573 0.062025 0.058416 0.054807 0.048493 0.039475 0.030456 0.030909 0.032279 0.030913 0.026813 0.022707 0.018592 0.014411
40 0.085194 0.08201 0.078871 0.075623 0.072292 0.06891 0.065475 0.062024 0.058399 0.054775 0.048708 0.0402 0.031692 0.031617 0.032357 0.030674 0.026568 0.02242 0.018217 0.013972
41 0.084889 0.082084 0.078672 0.075354 0.072105 0.068771 0.065349 0.061913 0.058318 0.054723 0.048904 0.04086 0.032816 0.032304 0.03252 0.030536 0.026352 0.022127 0.017849 0.013553
42 0.084509 0.081656 0.078409 0.075228 0.072097 0.068799 0.065335 0.061857 0.058224 0.054592 0.049001 0.041452 0.033903 0.033001 0.032743 0.030474 0.026196 0.021881 0.017518 0.013126
43 0.083956 0.081297 0.078202 0.075071 0.071911 0.068656 0.065305 0.061927 0.058262 0.054597 0.049177 0.042003 0.034828 0.033586 0.032917 0.030425 0.026109 0.021728 0.01726 0.012784
44 0.083636 0.081025 0.077983 0.07489 0.071758 0.068536 0.065225 0.061882 0.058213 0.054544 0.049316 0.042529 0.035742 0.034183 0.033129 0.030401 0.025999 0.021534 0.016987 0.012489
45 0.083116 0.08056 0.077648 0.074634 0.071542 0.068375 0.065133 0.061858 0.058242 0.054627 0.049593 0.043143 0.036692 0.034794 0.033336 0.030381 0.025931 0.021403 0.016774 0.012218
46 0.082624 0.079938 0.077337 0.074447 0.071341 0.06822 0.065085 0.061909 0.058313 0.054716 0.049848 0.043707 0.037567 0.03536 0.033534 0.030363 0.025848 0.02127 0.016607 0.011966
47 0.082116 0.079485 0.076828 0.074044 0.071163 0.068154 0.065016 0.061846 0.058338 0.05483 0.050153 0.044307 0.038461 0.035958 0.033779 0.030395 0.025808 0.021168 0.016455 0.011695
48 0.081538 0.079105 0.076503 0.07378 0.070968 0.068001 0.064879 0.061731 0.058309 0.054886 0.050407 0.044872 0.039337 0.036563 0.034056 0.030475 0.025819 0.021097 0.016284 0.011391
49 0.080918 0.07862 0.076115 0.073489 0.070772 0.067887 0.064835 0.061752 0.058348 0.054943 0.050613 0.045356 0.040099 0.037098 0.034315 0.030573 0.025871 0.021072 0.016145 0.011178
50 0.080373 0.078144 0.07574 0.073201 0.07056 0.067746 0.064758 0.061735 0.058345 0.054955 0.050789 0.045848 0.040907 0.037653 0.034563 0.030654 0.025926 0.021075 0.016062 0.010968
51 0.079787 0.077657 0.075359 0.072884 0.070277 0.067538 0.064667 0.061752 0.058391 0.055029 0.05101 0.046333 0.041656 0.038196 0.034855 0.030787 0.025994 0.021067 0.015963 0.010797
52 0.079134 0.077115 0.07492 0.07256 0.070075 0.067414 0.064578 0.061704 0.058432 0.055161 0.0513 0.046849 0.042399 0.038711 0.035097 0.03088 0.02606 0.021079 0.015883 0.01065
53 0.078467 0.076561 0.074462 0.072197 0.069808 0.067243 0.064501 0.061717 0.058487 0.055258 0.051544 0.047344 0.043145 0.03924 0.035364 0.031005 0.026162 0.021137 0.015869 0.010488
54 0.077837 0.076024 0.074029 0.071878 0.069609 0.067124 0.064422 0.06168 0.058521 0.055363 0.051789 0.047799 0.04381 0.039742 0.035667 0.031166 0.026239 0.021146 0.015835 0.010318
55 0.077222 0.07545 0.073594 0.071526 0.069298 0.066888 0.064294 0.061655 0.058553 0.055451 0.052023 0.04827 0.044517 0.040281 0.035999 0.031373 0.026401 0.021233 0.015803 0.010169
56 0.076531 0.074864 0.073078 0.071115 0.069018 0.066718 0.064216 0.061666 0.058626 0.055586 0.052291 0.048743 0.045194 0.040795 0.036314 0.031564 0.026545 0.02131 0.015787 0.01004
57 0.07591 0.074276 0.072628 0.070776 0.068771 0.066555 0.064127 0.061649 0.058656 0.055662 0.052495 0.049153 0.045811 0.041275 0.036622 0.031766 0.026706 0.021411 0.015804 0.0099472
58 0.075157 0.073652 0.072161 0.070414 0.068476 0.066341 0.064008 0.061623 0.058701 0.05578 0.05275 0.049612 0.046474 0.041782 0.03694 0.031977 0.026892 0.021542 0.015841 0.0098767
59 0.074436 0.073154 0.071742 0.070042 0.068127 0.066076 0.063887 0.061638 0.058768 0.055898 0.052991 0.050047 0.047103 0.042268 0.037249 0.032183 0.02707 0.02167 0.015886 0.0097654
60 0.073758 0.072642 0.071271 0.069632 0.067791 0.065828 0.063742 0.061594 0.058809 0.056024 0.053243 0.050465 0.047687 0.042749 0.037601 0.032435 0.027252 0.021798 0.015983 0.0096959
61 0.073051 0.071803 0.070669 0.069209 0.067506 0.06566 0.063671 0.061618 0.058915 0.056212 0.053547 0.05092 0.048293 0.043244 0.03796 0.032695 0.027451 0.021924 0.016021 0.0096319
62 0.072125 0.071095 0.070117 0.068799 0.067225 0.065486 0.063584 0.061619 0.059001 0.056383 0.053834 0.051355 0.048875 0.043744 0.038356 0.033006 0.027693 0.02208 0.016067 0.0095571
63 0.071464 0.07043 0.06961 0.068435 0.066993 0.065343 0.063485 0.061567 0.059028 0.05649 0.054062 0.051744 0.049426 0.044202 0.038697 0.033265 0.027905 0.022226 0.016122 0.0095058
64 0.07042 0.06987 0.069061 0.067967 0.06666 0.065107 0.063311 0.061458 0.059031 0.056605 0.054328 0.0522 0.050073 0.04475 0.039117 0.033608 0.028223 0.022474 0.016239 0.009498
65 0.069601 0.069245 0.068558 0.067549 0.066297 0.064854 0.063218 0.061514 0.059105 0.056696 0.054519 0.052572 0.050626 0.045227 0.039494 0.033914 0.028487 0.022674 0.016347 0.0095033
66 0.06875 0.068646 0.067963 0.067053 0.065972 0.064669 0.063142 0.061541 0.059163 0.056785 0.054707 0.05293 0.051153 0.045701 0.039893 0.034253 0.028781 0.022896 0.016464 0.0095392
67 0.06786 0.067689 0.067411 0.06673 0.065745 0.064529 0.063081 0.061555 0.059213 0.056871 0.054894 0.053282 0.05167 0.046172 0.040297 0.034612 0.029116 0.02316 0.01659 0.0095224
68 0.067061 0.066949 0.066757 0.066206 0.065386 0.064323 0.063018 0.061627 0.059348 0.057069 0.055172 0.053659 0.052145 0.0466 0.040664 0.034943 0.029437 0.023422 0.01673 0.009483
69 0.066367 0.066456 0.066235 0.065759 0.065091 0.064138 0.062899 0.061575 0.059373 0.057171 0.055373 0.053979 0.052584 0.047 0.041011 0.035259 0.029744 0.023679 0.016882 0.0094226
70 0.065621 0.065923 0.065676 0.06526 0.064719 0.063871 0.062717 0.061481 0.059405 0.057329 0.055648 0.054364 0.05308 0.047462 0.041425 0.035625 0.030064 0.02393 0.017035 0.0093665
71 0.064935 0.065415 0.065123 0.064744 0.0643 0.063584 0.062598 0.061518 0.05948 0.057442 0.055854 0.054716 0.053578 0.047887 0.041754 0.035906 0.030342 0.024173 0.017199 0.0094533
72 0.064318 0.064828 0.064506 0.064202 0.063912 0.063284 0.062318 0.061273 0.059416 0.057559 0.056116 0.055087 0.054058 0.048377 0.042246 0.036367 0.030739 0.024484 0.017394 0.0095154
73 0.063471 0.064304 0.063902 0.063684 0.063603 0.063071 0.062087 0.061041 0.059363 0.057685 0.056384 0.055461 0.054538 0.048849 0.042698 0.036795 0.031139 0.024809 0.017583 0.0095344
74 0.062644 0.063839 0.063341 0.063171 0.06325 0.062798 0.061814 0.060785 0.059282 0.057779 0.056621 0.055808 0.054995 0.049347 0.043231 0.037298 0.031548 0.025111 0.01776 0.0095792
75 0.061994 0.063045 0.062515 0.062443 0.062715 0.062482 0.061744 0.060942 0.059472 0.058003 0.056896 0.05615 0.055405 0.049802 0.043731 0.037776 0.031938 0.025398 0.017925 0.0096226
76 0.061122 0.062006 0.061588 0.061676 0.062144 0.062175 0.06177 0.061268 0.059765 0.058263 0.057185 0.05653 0.055875 0.050294 0.044237 0.038266 0.032382 0.025748 0.018113 0.009593
77 0.060342 0.060968 0.060935 0.061114 0.061454 0.061613 0.061591 0.061443 0.059992 0.058542 0.057541 0.056991 0.056441 0.050824 0.044717 0.038709 0.032801 0.026094 0.018322 0.0095647
78 0.059165 0.05993 0.060392 0.060772 0.061092 0.061317 0.061446 0.06145 0.060168 0.058887 0.057955 0.057372 0.05679 0.051204 0.045134 0.039128 0.033185 0.026419 0.018555 0.0096378
79 0.058335 0.059306 0.059867 0.060319 0.060689 0.060993 0.061232 0.061351 0.060235 0.059119 0.058272 0.057693 0.057114 0.051584 0.045575 0.039566 0.033555 0.026717 0.018777 0.0097007
80 0.057553 0.058628 0.059441 0.060025 0.060436 0.060759 0.060994 0.061125 0.060179 0.059233 0.058504 0.05799 0.057477 0.051985 0.046011 0.039989 0.033918 0.027007 0.018977 0.0097695
81 0.056888 0.057903 0.058944 0.059684 0.060197 0.060569 0.060802 0.060941 0.060113 0.059285 0.058647 0.058197 0.057748 0.052369 0.046513 0.040506 0.034347 0.02733 0.019171 0.0098461
82 0.056094 0.057366 0.058566 0.059364 0.059861 0.060233 0.060482 0.060652 0.060004 0.059355 0.058869 0.058546 0.058222 0.05279 0.046863 0.040868 0.034806 0.027757 0.019393 0.0099083
83 0.055352 0.056532 0.05797 0.058915 0.05949 0.059898 0.060138 0.060314 0.059822 0.05933 0.059034 0.058934 0.058835 0.053389 0.047427 0.041411 0.035342 0.028209 0.019659 0.009996
84 0.054347 0.055559 0.057138 0.058291 0.059122 0.059649 0.05987 0.060042 0.059704 0.059365 0.05924 0.059327 0.059414 0.054023 0.048102 0.042067 0.035916 0.028692 0.020037 0.010095
85 0.053191 0.054773 0.056106 0.057367 0.058573 0.059373 0.059768 0.060103 0.059818 0.059532 0.059539 0.059838 0.060137 0.054655 0.048613 0.042525 0.036393 0.029145 0.020411 0.010139
86 0.052354 0.053774 0.055276 0.056665 0.057968 0.058919 0.059519 0.060059 0.059971 0.059883 0.059984 0.060274 0.060563 0.055136 0.049156 0.043087 0.036929 0.0296 0.020714 0.010169
87 0.051754 0.053149 0.054716 0.056143 0.057464 0.058496 0.059239 0.059929 0.060068 0.060206 0.060388 0.060612 0.060837 0.055515 0.049657 0.043578 0.037279 0.029853 0.020929 0.01019
88 0.051159 0.052892 0.054368 0.055714 0.056962 0.058077 0.059059 0.059965 0.0601 0.060235 0.060471 0.060808 0.061146 0.055849 0.050008 0.043927 0.037606 0.030158 0.021211 0.010285
89 0.050436 0.052447 0.053822 0.055185 0.056538 0.057766 0.058869 0.05989 0.060065 0.060239 0.06056 0.061025 0.061491 0.056203 0.050358 0.044349 0.038175 0.030711 0.021531 0.010342
90 0.049475 0.051787 0.05306 0.054538 0.05617 0.057539 0.058645 0.05969 0.060105 0.060519 0.060898 0.061241 0.061584 0.056512 0.050915 0.045009 0.038793 0.031207 0.021798 0.010514
91 0.048622 0.050979 0.0521 0.053637 0.055485 0.057105 0.058497 0.05981 0.060312 0.060814 0.061208 0.061494 0.06178 0.056937 0.051598 0.045778 0.039477 0.031734 0.022071 0.010563
92 0.047752 0.049993 0.05135 0.052972 0.054793 0.056605 0.058406 0.060082 0.060465 0.060849 0.061219 0.061578 0.061937 0.057397 0.052383 0.046634 0.040149 0.032276 0.022553 0.010604
93 0.046866 0.04926 0.050908 0.052517 0.054097 0.056022 0.058292 0.060371 0.060469 0.060567 0.060912 0.061504 0.062097 0.057886 0.053211 0.047544 0.040887 0.032848 0.022972 0.010769
94 0.045842 0.04861 0.05053 0.052158 0.053568 0.055539 0.058073 0.060382 0.060366 0.06035 0.060726 0.061493 0.062261 0.058354 0.053995 0.048353 0.04143 0.033304 0.023579 0.01109
95 0.04499 0.047501 0.049976 0.051833 0.053226 0.055298 0.058049 0.060551 0.060471 0.060392 0.060706 0.061415 0.062125 0.058567 0.054596 0.049035 0.041885 0.033746 0.02429 0.011348
96 0.043901 0.046742 0.04928 0.051238 0.052762 0.055043 0.058083 0.060831 0.06055 0.06027 0.060515 0.061287 0.062058 0.058852 0.055261 0.049861 0.042652 0.034431 0.024862 0.011521
97 0.042556 0.045745 0.048124 0.050407 0.052619 0.055184 0.058103 0.060736 0.060416 0.060096 0.060326 0.061105 0.061884 0.059196 0.056174 0.050987 0.043638 0.035227 0.025402 0.012076
98 0.041741 0.044695 0.047137 0.049688 0.052322 0.055166 0.058221 0.060968 0.060533 0.060097 0.060207 0.060862 0.061517 0.059366 0.056944 0.051968 0.044439 0.035907 0.02604 0.012181
99 0.041102 0.044198 0.046766 0.049435 0.052179 0.055263 0.058685 0.061696 0.060453 0.059211 0.059147 0.060262 0.061377 0.059541 0.057419 0.052604 0.045095 0.036564 0.026673 0.012331
100 0.040449 0.043825 0.04636 0.049121 0.052053 0.055306 0.058881 0.061997 0.060354 0.058711 0.058513 0.059758 0.061003 0.05955 0.057835 0.053224 0.045716 0.037213 0.027384 0.012749
101 0.040173 0.043471 0.045944 0.048828 0.052021 0.055298 0.058658 0.061578 0.059939 0.0583 0.058169 0.059546 0.060923 0.059725 0.058279 0.053806 0.046306 0.037803 0.027964 0.013271
102 0.039858 0.043296 0.045246 0.048121 0.051689 0.055323 0.059022 0.062202 0.060017 0.057833 0.057577 0.059251 0.060925 0.060054 0.058937 0.054445 0.046579 0.037937 0.02826 0.013428
103 0.038845 0.042327 0.044324 0.047449 0.05142 0.05536 0.059267 0.062607 0.060083 0.057559 0.057209 0.059032 0.060856 0.060347 0.059613 0.055323 0.047477 0.038668 0.028576 0.013657
104 0.037903 0.041301 0.043445 0.046777 0.051 0.055411 0.060009 0.06391 0.060607 0.057304 0.05655 0.058343 0.060137 0.060227 0.060152 0.056184 0.048323 0.03943 0.029165 0.013821
105 0.037547 0.041111 0.043342 0.046579 0.050571 0.055039 0.059984 0.064152 0.060296 0.05644 0.055627 0.057857 0.060088 0.060425 0.06058 0.056831 0.049179 0.040364 0.030001 0.013987
106 0.037087 0.040825 0.043191 0.046207 0.049712 0.054248 0.059814 0.064501 0.060095 0.055688 0.054791 0.057403 0.060015 0.060844 0.061501 0.057874 0.049963 0.041039 0.030766 0.014433
107 0.036547 0.040432 0.043206 0.04619 0.04933 0.05391 0.059931 0.064997 0.060187 0.055376 0.054296 0.056947 0.059599 0.060906 0.062084 0.058516 0.050201 0.041243 0.03143 0.014673
108 0.036032 0.03994 0.042856 0.045904 0.049051 0.053754 0.060012 0.065301 0.06057 0.055839 0.054654 0.057015 0.059377 0.06087 0.062279 0.058586 0.049791 0.040831 0.031652 0.015685
109 0.036063 0.040284 0.043701 0.046424 0.048625 0.053185 0.060104 0.065932 0.060485 0.055038 0.053696 0.056461 0.059226 0.060943 0.062558 0.058858 0.049843 0.040868 0.031947 0.015757
110 0.035775 0.041146 0.044608 0.046988 0.048557 0.052944 0.060149 0.066174 0.059991 0.053809 0.05237 0.055675 0.058979 0.060836 0.062554 0.058996 0.050162 0.04124 0.032198 0.01685
111 0.036193 0.04155 0.045113 0.047063 0.047801 0.051923 0.05943 0.065691 0.059068 0.052445 0.051215 0.055379 0.059542 0.061077 0.062358 0.059083 0.051252 0.042825 0.033603 0.017388
112 0.036234 0.042066 0.045924 0.047632 0.047724 0.051842 0.059987 0.066771 0.059493 0.052215 0.050618 0.0547 0.058782 0.06049 0.061967 0.058802 0.050993 0.042542 0.033236 0.017981
113 0.03635 0.04392 0.047195 0.048524 0.048391 0.052359 0.060427 0.067123 0.059637 0.052151 0.049944 0.053016 0.056088 0.058998 0.061893 0.059451 0.051674 0.042721 0.0322 0.017937
114 0.035733 0.044246 0.047863 0.049146 0.048676 0.0524 0.060317 0.066912 0.059823 0.052734 0.050392 0.052797 0.055201 0.058282 0.061428 0.059348 0.052043 0.043081 0.031915 0.017663
115 0.034425 0.043997 0.048169 0.049482 0.048647 0.052358 0.060616 0.067512 0.060323 0.053134 0.050657 0.052892 0.055126 0.058137 0.061222 0.059103 0.051778 0.042984 0.032234 0.017203
