1 0 0 0 0 0 0 0 0 0 0 0 0 0 0 0 0 0 0 0 0
2 0 0 0 0 0 0 0 0 0 0 0 0 0 0 0 0 0 0 0 0
3 0 0 0 0 0 0 0 0 0 0 0 0 0 0 0 0 0 0 0 0
4 0 0 0 0 0 0 0 0 0 0 0 0 0 0 0 0 0 0 0 0
5 0 0 0 0 0 0 0 0 0 0 0 0 0 0 0 0 0 0 0 0
6 0 0 0 0 0 0 0 0 0 0 0 0 0 0 0 0 0 0 0 0
7 0 0 0 0 0 0 0 0 0 0 0 0 0 0 0 0 0 0 0 0
8 0 0 0 0 0 0 0 0 0 0 0 0 0 0 0 0 0 0 0 0
9 0 0 0 0 0 0 0 0 0 0 0 0 0 0 0 0 0 0 0 0
10 0 0 0 0 0 0 0 0 0 0 0 0 0 0 0 0 0 0 0 0
11 0 0 0 0 0 0 0 0 0 0 0 0 0 0 0 0 0 0 0 0
12 0 0 0 0 0 0 0 0 0 0 0 0 0 0 0 0 0 0 0 0
13 0 0 0 0 0 0 0 0 0 0 0 0 0 0 0 0 0 0 0 0
14 0 0 0 0 0 0 0 0 0 0 0 0 0 0 0 0 0 0 0 0
15 0 0 0 0 0 0 0 0 0 0 0 0 0 0 0 0 0 0 0 0
16 0.042775 0.04605 0.053021 0.054711 0.052434 0.05318 0.05695 0.060059 0.056324 0.052589 0.05246 0.055938 0.059416 0.05569 0.051268 0.046109 0.040213 0.036953 0.037202 0.036656
17 0.0431 0.046357 0.053266 0.05488 0.052519 0.053597 0.058116 0.061838 0.05732 0.052803 0.0522 0.055513 0.058825 0.055094 0.050681 0.045521 0.039612 0.03632 0.036513 0.035925
18 0.058464 0.065304 0.066704 0.066565 0.065269 0.063045 0.059893 0.056788 0.054169 0.05155 0.049369 0.047627 0.045885 0.043276 0.040584 0.037642 0.034451 0.032055 0.030716 0.030642
19 0.066362 0.068808 0.06859 0.067268 0.065118 0.062307 0.058836 0.055472 0.05322 0.050967 0.048657 0.046288 0.043919 0.041607 0.0393 0.037089 0.034974 0.03254 0.029681 0.028998
20 0.070031 0.071869 0.069836 0.066945 0.063409 0.060469 0.058125 0.055761 0.053197 0.050632 0.048208 0.045924 0.04364 0.04136 0.03908 0.036823 0.034589 0.032333 0.030049 0.027721
21 0.073276 0.073896 0.06986 0.066579 0.063865 0.061166 0.058482 0.055809 0.053256 0.050703 0.048187 0.045708 0.043228 0.040863 0.038508 0.036128 0.033722 0.031296 0.02884 0.02663
22 0.074743 0.074072 0.070468 0.067317 0.064506 0.061735 0.059003 0.05628 0.053656 0.051033 0.048403 0.045766 0.04313 0.040505 0.037882 0.035284 0.032712 0.030209 0.027798 0.025498
23 0.077111 0.074108 0.071147 0.068204 0.065274 0.062354 0.059444 0.056551 0.053829 0.051107 0.048359 0.045587 0.042814 0.040033 0.037252 0.034531 0.03187 0.029282 0.026791 0.024352
24 0.078042 0.075097 0.072076 0.069049 0.066017 0.063008 0.060021 0.057037 0.054074 0.051112 0.048197 0.045329 0.042462 0.039541 0.036614 0.033801 0.031101 0.028418 0.025756 0.023248
25 0.079033 0.075874 0.072824 0.069756 0.066674 0.063593 0.060514 0.057432 0.054325 0.051217 0.048144 0.045104 0.042065 0.039098 0.036137 0.033235 0.030391 0.027578 0.024806 0.0222
26 0.079983 0.076796 0.073632 0.070439 0.067223 0.064028 0.060853 0.057677 0.054497 0.051316 0.048135 0.044953 0.041771 0.038715 0.03567 0.032674 0.029727 0.026806 0.023921 0.021184
27 0.080742 0.077526 0.074236 0.070972 0.067728 0.064452 0.061146 0.057845 0.054605 0.051365 0.048123 0.044879 0.041635 0.038488 0.03535 0.03223 0.029128 0.026093 0.023148 0.020309
28 0.081501 0.07815 0.074808 0.071466 0.068124 0.064783 0.061442 0.058103 0.054777 0.051451 0.048135 0.044829 0.041523 0.038265 0.035011 0.031779 0.028571 0.025429 0.022376 0.019476
29 0.08219 0.078745 0.075284 0.071881 0.068521 0.065132 0.061714 0.058298 0.054907 0.051515 0.048146 0.0448 0.041454 0.03808 0.034705 0.031364 0.02806 0.024827 0.02169 0.018687
30 0.082678 0.079188 0.07574 0.072314 0.068904 0.065471 0.062014 0.058557 0.055101 0.051646 0.048193 0.044745 0.041296 0.03785 0.034405 0.030997 0.027628 0.024304 0.021041 0.017929
31 0.083135 0.07967 0.076161 0.072686 0.069235 0.065762 0.062266 0.058768 0.055251 0.051734 0.04822 0.044709 0.041199 0.03768 0.034161 0.03067 0.027209 0.023795 0.020446 0.017241
32 0.083463 0.079936 0.076522 0.073049 0.069531 0.066018 0.06251 0.058996 0.055426 0.051857 0.048281 0.044701 0.04112 0.037537 0.033953 0.030388 0.026841 0.023344 0.019914 0.016615
33 0.083752 0.080286 0.076811 0.073321 0.069821 0.066291 0.062732 0.059168 0.055564 0.051959 0.048342 0.044712 0.041082 0.037427 0.03377 0.030124 0.026491 0.022915 0.019415 0.016018
34 0.084001 0.080493 0.077036 0.073551 0.070043 0.066506 0.062941 0.059369 0.055722 0.052074 0.048413 0.044737 0.041062 0.037352 0.03364 0.029926 0.026212 0.022546 0.018942 0.015436
35 0.084214 0.080752 0.077339 0.073847 0.070297 0.066704 0.06307 0.059434 0.055787 0.052139 0.048464 0.04476 0.041056 0.037279 0.033495 0.029724 0.025968 0.022237 0.018541 0.014894
36 0.084349 0.080959 0.077513 0.074006 0.070453 0.066859 0.063224 0.059588 0.05593 0.052273 0.048568 0.044817 0.041065 0.03723 0.033387 0.029556 0.025736 0.021928 0.018136 0.014424
37 0.084463 0.081072 0.077616 0.074122 0.070598 0.067011 0.063362 0.05971 0.056041 0.052371 0.04865 0.044876 0.041103 0.037224 0.033335 0.029446 0.025557 0.021674 0.017799 0.013973
38 0.084386 0.081057 0.077669 0.074209 0.070697 0.067139 0.063533 0.059918 0.056207 0.052497 0.048735 0.044924 0.041112 0.037208 0.033294 0.029379 0.02546 0.021504 0.017499 0.013573
39 0.08404 0.081366 0.078263 0.075126 0.071965 0.068696 0.065319 0.061918 0.05825 0.054582 0.049138 0.041916 0.034695 0.033495 0.032878 0.030415 0.026107 0.021736 0.017282 0.012815
40 0.083723 0.081087 0.078018 0.074923 0.07181 0.068587 0.065254 0.06189 0.058209 0.054528 0.049273 0.042445 0.035617 0.034094 0.033084 0.030384 0.025995 0.021544 0.017012 0.012523
41 0.083217 0.080659 0.077705 0.074666 0.071564 0.068388 0.065137 0.061854 0.058238 0.054622 0.049565 0.043068 0.03657 0.03471 0.033299 0.03037 0.025925 0.021407 0.016789 0.012247
42 0.08273 0.080027 0.077396 0.074486 0.071368 0.068239 0.065101 0.061921 0.058308 0.054696 0.0498 0.043621 0.037441 0.035274 0.033495 0.030353 0.025848 0.021277 0.016619 0.012
43 0.082215 0.079557 0.076893 0.074095 0.071197 0.068179 0.065042 0.061871 0.058339 0.054808 0.0501 0.044217 0.038334 0.035868 0.033733 0.030377 0.0258 0.02117 0.016472 0.011733
44 0.081646 0.079176 0.076562 0.073828 0.071003 0.068026 0.064895 0.061738 0.058303 0.054868 0.050366 0.044796 0.039226 0.036482 0.034011 0.030452 0.025805 0.021095 0.0163 0.011423
45 0.08102 0.078679 0.07616 0.073525 0.070803 0.067913 0.064856 0.061767 0.058351 0.054936 0.05058 0.045285 0.039989 0.037022 0.034281 0.030559 0.025857 0.021065 0.016153 0.011199
46 0.080441 0.078202 0.075785 0.073245 0.070612 0.067788 0.064772 0.061723 0.058336 0.054949 0.050766 0.045788 0.040809 0.037581 0.034523 0.030634 0.025914 0.021073 0.01607 0.01099
47 0.07986 0.077725 0.075414 0.072932 0.070323 0.067571 0.064675 0.061739 0.058374 0.05501 0.050975 0.04627 0.041565 0.038133 0.034825 0.030775 0.025986 0.021065 0.015969 0.010814
48 0.079225 0.077195 0.074989 0.072611 0.070105 0.06743 0.064586 0.061704 0.058428 0.055152 0.051272 0.046787 0.042302 0.038639 0.035055 0.030856 0.026044 0.021071 0.015886 0.010665
49 0.078555 0.076638 0.074534 0.072253 0.069838 0.067254 0.064502 0.061708 0.058479 0.055251 0.051522 0.047293 0.043064 0.039177 0.035322 0.030977 0.026139 0.021121 0.015863 0.010509
50 0.077926 0.076114 0.074101 0.071928 0.069635 0.067138 0.064436 0.061693 0.058518 0.055343 0.051749 0.047736 0.043722 0.039673 0.03562 0.031136 0.02622 0.021139 0.015837 0.010338
51 0.077308 0.075534 0.073673 0.071593 0.069348 0.06692 0.064311 0.061656 0.058544 0.055431 0.051984 0.048203 0.044422 0.040207 0.03595 0.031338 0.026372 0.021215 0.015804 0.010187
52 0.076633 0.07495 0.073147 0.071166 0.069052 0.06674 0.064232 0.061676 0.058621 0.055566 0.052251 0.048675 0.045099 0.040724 0.036272 0.031538 0.026524 0.021297 0.015786 0.010053
53 0.075977 0.074352 0.072698 0.070834 0.068813 0.066585 0.064149 0.061662 0.058656 0.05565 0.052462 0.049093 0.045723 0.041206 0.036577 0.031735 0.02668 0.021393 0.015798 0.0099571
54 0.075241 0.073731 0.072213 0.070455 0.068517 0.066375 0.064029 0.061631 0.058697 0.055764 0.052715 0.049551 0.046386 0.041718 0.036904 0.031955 0.026869 0.021525 0.015838 0.0098864
55 0.074526 0.073221 0.071801 0.070094 0.068173 0.066111 0.063909 0.061647 0.058766 0.055885 0.052959 0.049989 0.047018 0.042199 0.037202 0.032151 0.027046 0.021652 0.015873 0.0097777
56 0.073833 0.072714 0.071332 0.069682 0.06783 0.065855 0.063759 0.0616 0.058804 0.056007 0.053209 0.05041 0.047612 0.042689 0.03756 0.032408 0.027232 0.021784 0.015976 0.0097055
57 0.073136 0.071889 0.070744 0.06927 0.067547 0.065685 0.063682 0.061617 0.058905 0.056194 0.053514 0.050864 0.048215 0.043179 0.037913 0.032661 0.027424 0.021906 0.016015 0.0096404
58 0.072222 0.071176 0.070172 0.068837 0.067255 0.065509 0.0636 0.061627 0.058999 0.05637 0.053805 0.051306 0.048806 0.043682 0.038306 0.032967 0.027666 0.022065 0.016062 0.0095691
59 0.07153 0.0705 0.069687 0.068499 0.06703 0.065362 0.063496 0.06157 0.059025 0.056481 0.054038 0.051697 0.049357 0.044143 0.038651 0.033229 0.027875 0.022205 0.016114 0.00951
60 0.070527 0.06993 0.069122 0.068026 0.066715 0.06515 0.063331 0.061457 0.059026 0.056595 0.054303 0.052149 0.049996 0.044684 0.039067 0.033567 0.028184 0.022443 0.016225 0.0095011
61 0.069681 0.069309 0.068604 0.067589 0.066342 0.06489 0.063235 0.061513 0.0591 0.056688 0.054499 0.052534 0.050568 0.045175 0.039451 0.033878 0.028456 0.022651 0.016336 0.0094996
62 0.06886 0.068722 0.068019 0.067093 0.065998 0.064684 0.06315 0.061542 0.05916 0.056778 0.054689 0.052891 0.051094 0.045647 0.039846 0.034213 0.028746 0.02287 0.016452 0.0095438
63 0.067944 0.067763 0.067473 0.066776 0.065774 0.064545 0.063089 0.061556 0.059209 0.056862 0.054875 0.053246 0.051617 0.046123 0.040256 0.034575 0.029079 0.02313 0.016578 0.009531
64 0.067133 0.067014 0.066818 0.066256 0.065418 0.064343 0.063033 0.061636 0.059346 0.057055 0.055147 0.05362 0.052094 0.046554 0.040626 0.034909 0.029402 0.023392 0.016713 0.0094906
65 0.066411 0.066511 0.066294 0.065809 0.065122 0.064156 0.06291 0.061579 0.059372 0.057165 0.055357 0.053948 0.052539 0.046958 0.040972 0.035224 0.029713 0.023655 0.016871 0.0094357
66 0.065712 0.065962 0.065726 0.065309 0.064755 0.063895 0.062729 0.061481 0.059394 0.057308 0.055617 0.054322 0.053026 0.047419 0.041395 0.035602 0.03004 0.02391 0.017021 0.0093783
67 0.064957 0.065462 0.065174 0.064794 0.064345 0.063621 0.062621 0.061529 0.059486 0.057442 0.055843 0.054688 0.053532 0.047843 0.041716 0.03587 0.030307 0.024144 0.017183 0.009441
68 0.064402 0.064878 0.064547 0.064234 0.063936 0.06331 0.062356 0.061319 0.059435 0.057551 0.056089 0.055051 0.054012 0.048328 0.042194 0.036317 0.030697 0.024452 0.017375 0.0095157
69 0.063527 0.064337 0.063957 0.063733 0.063625 0.063089 0.062126 0.061097 0.05939 0.057682 0.05636 0.055423 0.054486 0.048798 0.04265 0.036749 0.031095 0.024774 0.017565 0.0095375
70 0.062738 0.063875 0.063397 0.06323 0.063296 0.062829 0.061828 0.060782 0.059273 0.057763 0.056598 0.055778 0.054957 0.049303 0.043181 0.037251 0.031512 0.025087 0.017749 0.009574
71 0.062055 0.063121 0.062588 0.062508 0.062769 0.062515 0.061748 0.060919 0.059449 0.05798 0.056869 0.056118 0.055367 0.04976 0.043683 0.037731 0.031902 0.025374 0.017913 0.0096319
72 0.061209 0.062118 0.061671 0.061735 0.062183 0.062191 0.061761 0.061236 0.059742 0.058248 0.057165 0.056493 0.055821 0.050244 0.044192 0.038225 0.032343 0.025717 0.0181 0.0096058
73 0.060415 0.061038 0.060959 0.061148 0.061539 0.061697 0.061622 0.061424 0.059966 0.058508 0.057504 0.056953 0.056403 0.050786 0.044679 0.038672 0.032764 0.026061 0.018301 0.0095596
74 0.059281 0.060031 0.060441 0.060801 0.061122 0.06134 0.061454 0.061445 0.060148 0.058851 0.057914 0.057339 0.056763 0.051171 0.045094 0.039088 0.033153 0.026394 0.018536 0.0096357
75 0.058394 0.059352 0.059909 0.060351 0.060707 0.061008 0.061254 0.061379 0.060243 0.059107 0.058248 0.057665 0.057083 0.05155 0.045538 0.03953 0.033526 0.026694 0.018762 0.0097005
76 0.057592 0.058674 0.059468 0.060039 0.06044 0.060765 0.061012 0.061153 0.060194 0.059235 0.058497 0.05798 0.057462 0.051958 0.045971 0.039948 0.033888 0.026987 0.018967 0.0097697
77 0.056928 0.057956 0.058967 0.0597 0.060224 0.060599 0.060825 0.060957 0.060121 0.059285 0.05864 0.058186 0.057731 0.052342 0.046476 0.040463 0.034304 0.027296 0.019157 0.0098431
78 0.056155 0.057388 0.058584 0.059378 0.05987 0.060248 0.060512 0.060693 0.060024 0.059355 0.058854 0.05852 0.058187 0.052762 0.046845 0.040847 0.034767 0.027719 0.01938 0.0099112
79 0.055394 0.056602 0.058012 0.058945 0.05952 0.059928 0.060168 0.060343 0.059844 0.059344 0.059032 0.058907 0.058782 0.053338 0.047379 0.041366 0.035297 0.028171 0.01964 0.00999
80 0.05444 0.055652 0.057238 0.058364 0.059144 0.05964 0.059852 0.060017 0.059687 0.059358 0.059231 0.059307 0.059383 0.053983 0.048053 0.042017 0.035876 0.028657 0.020004 0.010098
81 0.053288 0.054833 0.056173 0.057432 0.058628 0.059413 0.059786 0.060101 0.059804 0.059507 0.059501 0.059784 0.060067 0.054603 0.048584 0.042503 0.036361 0.029109 0.02038 0.010143
82 0.052418 0.053858 0.055323 0.056695 0.057996 0.058945 0.059541 0.060074 0.059957 0.05984 0.059938 0.06025 0.060562 0.055115 0.049111 0.043034 0.036886 0.029572 0.020707 0.010178
83 0.051778 0.053176 0.054719 0.056143 0.057479 0.058517 0.059256 0.059941 0.060071 0.060201 0.060377 0.060598 0.06082 0.055494 0.049631 0.04356 0.037282 0.029859 0.020913 0.010186
84 0.051197 0.052895 0.054384 0.055734 0.056978 0.058088 0.059062 0.059962 0.060099 0.060236 0.060472 0.060809 0.061145 0.05585 0.05001 0.043916 0.037569 0.030116 0.021191 0.010287
85 0.05048 0.052471 0.053861 0.055221 0.056559 0.057781 0.058887 0.05991 0.060082 0.060254 0.060567 0.061022 0.061478 0.056171 0.050308 0.044292 0.038122 0.030671 0.021515 0.010349
86 0.049533 0.051818 0.053113 0.054586 0.056193 0.057548 0.058652 0.059693 0.060093 0.060494 0.060879 0.061249 0.061619 0.05651 0.050871 0.044948 0.038741 0.031171 0.021786 0.010501
87 0.04865 0.05104 0.052187 0.053725 0.055557 0.057144 0.058486 0.059755 0.060275 0.060795 0.061196 0.06148 0.061763 0.056905 0.05155 0.045724 0.039427 0.031699 0.022066 0.010578
88 0.047788 0.050031 0.051377 0.053006 0.054847 0.056646 0.0584 0.060037 0.060449 0.060862 0.061246 0.061602 0.061958 0.057381 0.052327 0.046568 0.040105 0.032242 0.022516 0.010612
89 0.046905 0.049266 0.050903 0.05253 0.05415 0.056075 0.058305 0.06035 0.060491 0.060632 0.060979 0.061532 0.062086 0.057845 0.053141 0.04747 0.040833 0.032811 0.022948 0.010749
90 0.04587 0.048659 0.05054 0.052155 0.053571 0.055545 0.058079 0.060387 0.060371 0.060355 0.06074 0.061524 0.062309 0.05836 0.053952 0.048303 0.041413 0.033289 0.023519 0.011058
91 0.045039 0.047581 0.049992 0.051828 0.053232 0.055304 0.058043 0.060535 0.060466 0.060397 0.060717 0.061425 0.062134 0.058555 0.054563 0.049003 0.041876 0.03373 0.024226 0.011354
92 0.043987 0.046803 0.049356 0.051286 0.052747 0.055002 0.058052 0.060811 0.060556 0.060301 0.06056 0.061334 0.062108 0.058855 0.055211 0.049784 0.042574 0.034369 0.024842 0.011461
93 0.042659 0.045811 0.048167 0.050421 0.052598 0.055161 0.058109 0.060767 0.06043 0.060094 0.06033 0.06114 0.06195 0.059197 0.056099 0.050891 0.043573 0.035178 0.02535 0.012076
94 0.04173 0.044748 0.047199 0.049732 0.052326 0.055134 0.058157 0.06088 0.060506 0.060131 0.060275 0.060937 0.0616 0.059399 0.056921 0.051917 0.044386 0.035853 0.025987 0.012182
95 0.041121 0.044157 0.046747 0.049425 0.052167 0.055225 0.058599 0.061577 0.060454 0.059331 0.059304 0.060372 0.06144 0.059566 0.057407 0.052573 0.045063 0.036525 0.026618 0.01233
96 0.040411 0.043819 0.046347 0.049096 0.052011 0.055277 0.058895 0.062049 0.060414 0.05878 0.058584 0.059828 0.061071 0.059572 0.057807 0.053173 0.045669 0.037164 0.027328 0.012706
97 0.040107 0.043389 0.045937 0.048843 0.052016 0.055257 0.058563 0.061442 0.059896 0.05835 0.058266 0.059645 0.061024 0.059802 0.058328 0.053833 0.046319 0.037803 0.027951 0.013229
98 0.039864 0.043316 0.045272 0.048128 0.051661 0.055268 0.058951 0.062121 0.059993 0.057864 0.057632 0.059296 0.060961 0.060056 0.058902 0.054419 0.046605 0.037978 0.028267 0.013444
99 0.038902 0.042371 0.044353 0.047462 0.051416 0.055339 0.059232 0.062562 0.060072 0.057583 0.057253 0.059082 0.060912 0.060361 0.059581 0.055266 0.047416 0.038625 0.028582 0.01363
100 0.037932 0.041345 0.043481 0.046796 0.050998 0.055361 0.059886 0.063731 0.060548 0.057365 0.056673 0.058472 0.06027 0.060289 0.060135 0.056126 0.048262 0.03937 0.029108 0.013854
101 0.037529 0.041079 0.04329 0.046548 0.050591 0.055076 0.060003 0.064158 0.060338 0.056519 0.055705 0.057896 0.060088 0.060431 0.060596 0.056833 0.049144 0.040306 0.029939 0.013932
102 0.037082 0.040807 0.043165 0.046194 0.049729 0.054258 0.059779 0.06443 0.060076 0.055723 0.054859 0.057485 0.060111 0.060875 0.061459 0.057816 0.049947 0.041032 0.030722 0.01445
103 0.036537 0.040415 0.043153 0.046147 0.049333 0.053917 0.059898 0.064932 0.060179 0.055426 0.054357 0.056972 0.059587 0.060899 0.062086 0.058553 0.050302 0.041336 0.03142 0.014548
104 0.035986 0.039912 0.042763 0.045829 0.049058 0.05378 0.059993 0.065242 0.060522 0.055802 0.054645 0.05705 0.059456 0.060928 0.062309 0.058624 0.049874 0.040916 0.031681 0.015629
105 0.036014 0.040122 0.043536 0.04632 0.04863 0.053211 0.06006 0.065835 0.0605 0.055165 0.053848 0.05655 0.059252 0.060975 0.062603 0.0589 0.049866 0.040879 0.031956 0.015777
106 0.035679 0.041047 0.044502 0.04691 0.048531 0.052946 0.060157 0.066194 0.060099 0.054004 0.052571 0.055799 0.059027 0.060882 0.062604 0.058998 0.050063 0.041117 0.032154 0.016717
107 0.036087 0.041451 0.044998 0.04701 0.047869 0.052014 0.059445 0.065643 0.059098 0.052552 0.051322 0.055407 0.059492 0.061115 0.062499 0.059208 0.051243 0.042722 0.033463 0.017363
108 0.036203 0.041978 0.045764 0.047454 0.047571 0.051712 0.059879 0.066688 0.059468 0.052248 0.05071 0.054855 0.059 0.060599 0.061951 0.058782 0.051091 0.042708 0.033405 0.017933
109 0.036265 0.043661 0.046999 0.048377 0.048282 0.052272 0.060347 0.067048 0.059546 0.052043 0.049928 0.0532 0.056473 0.059259 0.061998 0.059464 0.051655 0.042756 0.032404 0.018023
110 0.035749 0.044184 0.04775 0.049036 0.04861 0.052369 0.060313 0.066928 0.059802 0.052677 0.050346 0.052812 0.055278 0.058369 0.06152 0.059419 0.052065 0.043092 0.031963 0.017718
111 0.0345 0.043955 0.04808 0.049379 0.048556 0.052261 0.060493 0.067371 0.060237 0.053102 0.05066 0.052908 0.055157 0.058201 0.061322 0.05923 0.051924 0.043088 0.032217 0.017358
112 0.03329 0.043735 0.04809 0.050236 0.050723 0.054634 0.061968 0.067993 0.060483 0.052973 0.050117 0.051916 0.053715 0.057383 0.061233 0.059257 0.051455 0.042529 0.032109 0.016161
113 0.032714 0.043891 0.04897 0.051814 0.052977 0.056759 0.063158 0.068295 0.060386 0.052477 0.049258 0.050728 0.052198 0.056158 0.060358 0.058763 0.051371 0.04249 0.031626 0.01561
114 0.031044 0.043574 0.050178 0.053392 0.054061 0.057397 0.063401 0.068166 0.060122 0.052078 0.048993 0.050867 0.05274 0.055482 0.058309 0.056923 0.051323 0.043594 0.03303 0.015325
115 0.029259 0.043082 0.052245 0.05599 0.055665 0.058254 0.063756 0.068052 0.059874 0.051696 0.048436 0.050093 0.05175 0.053924 0.056147 0.055135 0.050886 0.044671 0.035838 0.015247
