1 0 0 0 0 0 0 0 0 0 0 0 0 0 0 0 0 0 0 0 0
2 0 0 0 0 0 0 0 0 0 0 0 0 0 0 0 0 0 0 0 0
3 0 0 0 0 0 0 0 0 0 0 0 0 0 0 0 0 0 0 0 0
4 0 0 0 0 0 0 0 0 0 0 0 0 0 0 0 0 0 0 0 0
5 0 0 0 0 0 0 0 0 0 0 0 0 0 0 0 0 0 0 0 0
6 0 0 0 0 0 0 0 0 0 0 0 0 0 0 0 0 0 0 0 0
7 0 0 0 0 0 0 0 0 0 0 0 0 0 0 0 0 0 0 0 0
8 0 0 0 0 0 0 0 0 0 0 0 0 0 0 0 0 0 0 0 0
9 0 0 0 0 0 0 0 0 0 0 0 0 0 0 0 0 0 0 0 0
10 0 0 0 0 0 0 0 0 0 0 0 0 0 0 0 0 0 0 0 0
11 0 0 0 0 0 0 0 0 0 0 0 0 0 0 0 0 0 0 0 0
12 0 0 0 0 0 0 0 0 0 0 0 0 0 0 0 0 0 0 0 0
13 0 0 0 0 0 0 0 0 0 0 0 0 0 0 0 0 0 0 0 0
14 0 0 0 0 0 0 0 0 0 0 0 0 0 0 0 0 0 0 0 0
15 0 0 0 0 0 0 0 0 0 0 0 0 0 0 0 0 0 0 0 0
16 0 0 0 0 0 0 0 0 0 0 0 0 0 0 0 0 0 0 0 0
17 0 0 0 0 0 0 0 0 0 0 0 0 0 0 0 0 0 0 0 0
18 0 0 0 0 0 0 0 0 0 0 0 0 0 0 0 0 0 0 0 0
19 0.043324 0.046573 0.053546 0.055182 0.05281 0.053479 0.057188 0.060233 0.056415 0.052598 0.052385 0.055778 0.059171 0.055392 0.05092 0.045734 0.039832 0.036546 0.036742 0.036152
20 0.055803 0.062201 0.065027 0.065882 0.065257 0.063364 0.060204 0.057076 0.054271 0.051466 0.049532 0.048468 0.047404 0.044665 0.041765 0.0384 0.034571 0.032041 0.031241 0.031362
21 0.065345 0.068859 0.068031 0.066919 0.065594 0.063067 0.05934 0.055734 0.05339 0.051047 0.048625 0.046127 0.043628 0.041451 0.039306 0.037139 0.034951 0.032509 0.02973 0.029207
22 0.069256 0.07143 0.070021 0.06727 0.063513 0.060452 0.058088 0.055705 0.053135 0.050564 0.048151 0.045896 0.043641 0.041376 0.039111 0.036891 0.034718 0.032525 0.030308 0.02795
23 0.072874 0.07393 0.070095 0.066685 0.063595 0.060786 0.058257 0.055727 0.053183 0.050639 0.048146 0.045704 0.043262 0.040934 0.038617 0.036277 0.033914 0.031494 0.028996 0.026885
24 0.074188 0.074245 0.07026 0.067048 0.064415 0.061713 0.058941 0.056186 0.053604 0.051023 0.048409 0.045762 0.043115 0.040543 0.037977 0.035427 0.032893 0.030433 0.028072 0.025745
25 0.07707 0.074064 0.070939 0.067942 0.065042 0.062164 0.059307 0.056466 0.053778 0.051091 0.048376 0.045632 0.042889 0.040139 0.037389 0.034693 0.032053 0.029463 0.026941 0.024562
26 0.077802 0.07493 0.071926 0.068907 0.065876 0.06288 0.059917 0.056957 0.054029 0.0511 0.048209 0.045355 0.042502 0.03962 0.036735 0.033951 0.031266 0.028603 0.025968 0.023467
27 0.078817 0.075668 0.072646 0.069611 0.066564 0.063512 0.060456 0.057395 0.054295 0.051194 0.048143 0.04514 0.042138 0.03918 0.036227 0.033345 0.030536 0.027747 0.024984 0.022401
28 0.079735 0.076573 0.073424 0.070253 0.067065 0.063901 0.060762 0.057622 0.054482 0.051342 0.048188 0.045021 0.041854 0.038819 0.035797 0.032813 0.029867 0.026965 0.024119 0.021397
29 0.080528 0.077353 0.074115 0.070873 0.067627 0.064359 0.061069 0.057786 0.054577 0.051369 0.048147 0.044912 0.041677 0.038545 0.035424 0.032327 0.029254 0.026244 0.023315 0.020499
30 0.081365 0.078012 0.074686 0.071366 0.068048 0.064722 0.061385 0.058051 0.054741 0.051431 0.048132 0.044844 0.041556 0.038319 0.035087 0.031872 0.028673 0.025548 0.022521 0.019642
31 0.08209 0.078578 0.075154 0.071772 0.068422 0.065047 0.061645 0.058248 0.0549 0.051552 0.048193 0.044824 0.041455 0.038103 0.034752 0.031442 0.028174 0.024963 0.021829 0.018855
32 0.08256 0.079093 0.07567 0.072246 0.068821 0.065391 0.061956 0.05852 0.055069 0.051619 0.048178 0.044749 0.041319 0.037893 0.034468 0.031076 0.027719 0.02441 0.021165 0.018076
33 0.083033 0.07955 0.076069 0.072608 0.069164 0.065702 0.062224 0.058744 0.055237 0.05173 0.048223 0.044717 0.04121 0.037709 0.034208 0.030737 0.027297 0.0239 0.020563 0.017374
34 0.083349 0.079888 0.076474 0.072997 0.069471 0.065961 0.062467 0.058966 0.055389 0.051811 0.048246 0.044694 0.041142 0.037577 0.034009 0.030455 0.026913 0.023429 0.02002 0.01674
35 0.083689 0.080213 0.076738 0.073253 0.06976 0.066237 0.062683 0.059127 0.05554 0.051952 0.048344 0.044716 0.041088 0.037447 0.033806 0.030178 0.026562 0.023003 0.019519 0.016144
36 0.083943 0.080442 0.077 0.07352 0.070012 0.066478 0.062917 0.059348 0.055698 0.052047 0.048389 0.044724 0.041058 0.037363 0.033666 0.029965 0.026261 0.022607 0.019022 0.015541
37 0.084177 0.080704 0.077255 0.07376 0.070229 0.066659 0.063049 0.059437 0.055791 0.052144 0.048468 0.044761 0.041054 0.037291 0.033522 0.029764 0.026016 0.0223 0.018624 0.014997
38 0.08434 0.080928 0.077501 0.07399 0.070416 0.066811 0.063174 0.059536 0.05589 0.052243 0.048549 0.044808 0.041067 0.037241 0.033406 0.029587 0.025783 0.021991 0.018212 0.014525
39 0.085008 0.082057 0.078806 0.075514 0.07219 0.068814 0.065387 0.061944 0.058335 0.054726 0.048824 0.040627 0.03243 0.032059 0.032445 0.030563 0.026414 0.022217 0.017956 0.013684
40 0.084663 0.081807 0.078534 0.075279 0.072037 0.068713 0.065308 0.061883 0.058261 0.054639 0.048983 0.041294 0.033604 0.032801 0.032664 0.030474 0.026229 0.021946 0.017613 0.013266
41 0.084126 0.081444 0.078305 0.075167 0.072029 0.068748 0.065323 0.061878 0.058225 0.054572 0.049099 0.041805 0.034511 0.03338 0.032846 0.030428 0.026127 0.021769 0.017337 0.012881
42 0.083749 0.081114 0.078032 0.074946 0.071856 0.068638 0.065292 0.061915 0.058223 0.054532 0.049238 0.042341 0.035444 0.033981 0.033044 0.03039 0.026017 0.021584 0.017073 0.012591
43 0.083333 0.080781 0.077764 0.074694 0.071582 0.068398 0.065141 0.061852 0.05824 0.054628 0.049531 0.042951 0.03637 0.034583 0.03326 0.030379 0.025941 0.021434 0.016833 0.012306
44 0.082808 0.080143 0.077448 0.074512 0.071397 0.068264 0.065113 0.06192 0.058299 0.054678 0.049748 0.043507 0.037267 0.035165 0.033463 0.030366 0.025873 0.021312 0.016659 0.012057
45 0.082312 0.079603 0.076955 0.074154 0.071237 0.068214 0.065085 0.061917 0.058351 0.054786 0.050033 0.044092 0.038151 0.035747 0.033686 0.030373 0.025809 0.021195 0.016515 0.011786
46 0.081769 0.079224 0.076602 0.073869 0.071052 0.068071 0.064928 0.061757 0.058309 0.05486 0.050317 0.04468 0.039043 0.036359 0.033961 0.030444 0.025809 0.021115 0.016343 0.011487
47 0.081128 0.078756 0.076219 0.073575 0.07085 0.067944 0.064859 0.061745 0.058338 0.05493 0.050547 0.045189 0.039831 0.036922 0.034249 0.030561 0.025858 0.021074 0.016182 0.011242
48 0.080523 0.078275 0.075844 0.0733 0.070672 0.067834 0.064787 0.061711 0.058333 0.054955 0.050742 0.045695 0.040649 0.03747 0.034473 0.03062 0.025914 0.021083 0.016086 0.011033
49 0.079967 0.077827 0.075498 0.073 0.070375 0.067604 0.064686 0.061728 0.058363 0.054998 0.050936 0.046178 0.041419 0.038025 0.034763 0.030746 0.025976 0.021072 0.015991 0.010849
50 0.079358 0.077313 0.075091 0.072682 0.070133 0.067436 0.064592 0.061709 0.058427 0.055145 0.051232 0.046688 0.042144 0.038527 0.035 0.030833 0.026026 0.021066 0.015902 0.010696
51 0.078696 0.07676 0.074652 0.072345 0.069889 0.067277 0.06451 0.061701 0.058466 0.05523 0.05147 0.047187 0.042903 0.039062 0.035264 0.030949 0.026116 0.021108 0.015865 0.010549
52 0.078062 0.076252 0.074185 0.071978 0.069664 0.067158 0.06446 0.061717 0.058518 0.055319 0.051691 0.047634 0.043578 0.039565 0.035556 0.031102 0.026203 0.021137 0.015848 0.010373
53 0.077449 0.075665 0.073753 0.071653 0.069414 0.066977 0.064342 0.061664 0.058536 0.055408 0.05193 0.0481 0.04427 0.040093 0.035881 0.031296 0.026338 0.021197 0.015814 0.010219
54 0.076794 0.075083 0.073246 0.071236 0.069097 0.06677 0.064254 0.061689 0.058612 0.055535 0.052187 0.048569 0.044951 0.040615 0.03621 0.031504 0.026498 0.021282 0.015788 0.010078
55 0.076088 0.074473 0.072789 0.070906 0.068875 0.066633 0.064179 0.061675 0.058653 0.055631 0.052414 0.049001 0.045589 0.041103 0.036513 0.031694 0.026645 0.02137 0.015795 0.0099746
56 0.075381 0.073863 0.072297 0.07052 0.068582 0.066428 0.064056 0.061634 0.058685 0.055736 0.052658 0.049453 0.046248 0.041618 0.03685 0.031923 0.026836 0.0215 0.015833 0.0099
57 0.074689 0.073327 0.071901 0.070186 0.068252 0.066166 0.063926 0.061629 0.058744 0.05586 0.052911 0.049897 0.046884 0.042093 0.03713 0.032103 0.027012 0.02163 0.015861 0.0097981
58 0.073969 0.072813 0.071427 0.069766 0.067898 0.065905 0.063787 0.061608 0.058794 0.055981 0.053158 0.050326 0.047494 0.042592 0.037489 0.032358 0.027199 0.021762 0.015954 0.0097186
59 0.073286 0.072043 0.070879 0.069375 0.067614 0.065722 0.063697 0.06161 0.058885 0.05616 0.053455 0.050771 0.048086 0.043072 0.037832 0.032601 0.027378 0.021877 0.016005 0.0096519
60 0.072434 0.071325 0.070282 0.068916 0.067308 0.065543 0.063621 0.061635 0.058987 0.056339 0.053749 0.051217 0.048684 0.043576 0.038218 0.032896 0.02761 0.022027 0.01605 0.0095846
61 0.071638 0.070639 0.069835 0.068616 0.067084 0.065381 0.063507 0.061574 0.059018 0.056463 0.053996 0.051618 0.049239 0.044043 0.038574 0.033168 0.027825 0.02217 0.016099 0.0095142
62 0.070719 0.070045 0.069231 0.068127 0.066808 0.065226 0.063382 0.061485 0.059029 0.056574 0.054248 0.052051 0.049855 0.044563 0.038973 0.033489 0.028112 0.022386 0.016196 0.0095009
63 0.069839 0.069449 0.068699 0.067665 0.066418 0.06495 0.06326 0.061506 0.059087 0.056668 0.054459 0.052461 0.050462 0.045081 0.039373 0.033813 0.0284 0.022608 0.016312 0.00949
64 0.069085 0.068847 0.068128 0.067177 0.066051 0.064714 0.063166 0.061544 0.059153 0.056762 0.054651 0.052819 0.050987 0.045548 0.039761 0.034138 0.02868 0.022821 0.016428 0.0095391
65 0.068136 0.068015 0.067618 0.066856 0.065818 0.064564 0.063094 0.061545 0.059191 0.056836 0.054828 0.053166 0.051504 0.046021 0.040167 0.034494 0.029001 0.023067 0.016546 0.0095309
66 0.067304 0.067184 0.066962 0.066366 0.06549 0.064385 0.063051 0.061631 0.059318 0.057006 0.055078 0.053536 0.051994 0.046465 0.04055 0.03484 0.029333 0.023334 0.016677 0.0094945
67 0.066525 0.066641 0.066423 0.065914 0.065187 0.064192 0.06293 0.061583 0.059363 0.057144 0.055317 0.053881 0.052446 0.04687 0.040895 0.035154 0.029648 0.023602 0.016838 0.0094474
68 0.065923 0.066079 0.065851 0.065418 0.064832 0.06395 0.062772 0.06151 0.059387 0.057264 0.055544 0.054229 0.052913 0.047312 0.041296 0.035516 0.029972 0.023858 0.016986 0.009387
69 0.065037 0.065584 0.065296 0.064907 0.064441 0.063692 0.062662 0.061541 0.059485 0.057429 0.055805 0.054615 0.053424 0.04775 0.041642 0.035806 0.030241 0.024085 0.017144 0.0094134
70 0.06456 0.065017 0.064686 0.064348 0.064006 0.063365 0.062425 0.061397 0.05946 0.057523 0.056024 0.054964 0.053903 0.048216 0.04208 0.03621 0.030605 0.024379 0.017328 0.0095056
71 0.063699 0.064454 0.064109 0.063866 0.0637 0.063137 0.062176 0.061146 0.0594 0.057654 0.0563 0.055339 0.054377 0.04869 0.042547 0.036651 0.031003 0.024699 0.017521 0.0095321
72 0.062976 0.063988 0.06354 0.063367 0.063401 0.062898 0.061858 0.060774 0.059247 0.05772 0.056538 0.055702 0.054865 0.0492 0.043068 0.037143 0.031425 0.025024 0.017712 0.0095543
73 0.062179 0.063321 0.062769 0.062663 0.062892 0.062593 0.061764 0.060878 0.059402 0.057925 0.056805 0.05604 0.055276 0.04966 0.043574 0.037626 0.031816 0.025309 0.017873 0.0096331
74 0.06143 0.062384 0.06191 0.061918 0.062289 0.06223 0.061742 0.061166 0.05968 0.058194 0.057101 0.056401 0.055701 0.050124 0.044077 0.038115 0.032241 0.025634 0.018054 0.0096094
75 0.060621 0.06127 0.061064 0.061249 0.061726 0.061872 0.061685 0.061385 0.059909 0.058433 0.05741 0.056841 0.056272 0.050665 0.044571 0.038572 0.032669 0.02598 0.018243 0.0095626
76 0.059577 0.060282 0.060581 0.060887 0.061199 0.061397 0.061482 0.061442 0.060105 0.058768 0.057818 0.057253 0.056688 0.05108 0.044985 0.038978 0.033061 0.026319 0.01848 0.0096173
77 0.058582 0.059489 0.060027 0.060456 0.060802 0.061088 0.061315 0.061418 0.060239 0.05906 0.058177 0.057591 0.057004 0.051457 0.045431 0.039423 0.033433 0.026619 0.018707 0.0096827
78 0.057738 0.058822 0.059568 0.06011 0.0605 0.060817 0.061061 0.061197 0.060206 0.059215 0.058454 0.057921 0.057388 0.051874 0.045879 0.039855 0.033803 0.026917 0.018921 0.0097529
79 0.057091 0.058138 0.059093 0.059797 0.060312 0.060672 0.060877 0.060988 0.060126 0.059265 0.058599 0.058128 0.057657 0.052242 0.04635 0.040333 0.034194 0.027211 0.019106 0.0098206
80 0.05637 0.05751 0.058686 0.059458 0.059928 0.060302 0.060581 0.060771 0.060054 0.059337 0.058799 0.058438 0.058077 0.052664 0.046762 0.040761 0.03466 0.027619 0.019326 0.0098961
81 0.055569 0.056819 0.058162 0.059057 0.059614 0.060013 0.060252 0.060423 0.059885 0.059348 0.05899 0.058812 0.058634 0.053191 0.047239 0.041231 0.035167 0.028062 0.019572 0.0099597
82 0.054703 0.055904 0.057481 0.058537 0.059202 0.059659 0.059908 0.060101 0.059714 0.059328 0.059157 0.059204 0.05925 0.053835 0.047891 0.04186 0.03574 0.028542 0.019908 0.010076
83 0.053585 0.055035 0.056376 0.057615 0.058777 0.059518 0.059838 0.060101 0.059771 0.059441 0.059399 0.059645 0.05989 0.054456 0.048473 0.042405 0.036251 0.029002 0.020293 0.010127
84 0.052653 0.05412 0.055492 0.056814 0.058099 0.059027 0.0596 0.060107 0.059925 0.059743 0.059823 0.060162 0.060502 0.055019 0.048973 0.042886 0.036756 0.029473 0.020654 0.01017
85 0.05194 0.053331 0.054821 0.05623 0.05758 0.05861 0.05932 0.059975 0.06006 0.060144 0.060296 0.060516 0.060735 0.055398 0.049523 0.043465 0.037223 0.029813 0.020845 0.010174
86 0.051368 0.052981 0.054494 0.055862 0.05712 0.058202 0.059109 0.059948 0.060093 0.060238 0.060461 0.060763 0.061066 0.055767 0.049927 0.043815 0.037433 0.029982 0.02111 0.010262
87 0.050668 0.052602 0.054014 0.05537 0.056683 0.057875 0.058947 0.059938 0.060099 0.06026 0.060546 0.060958 0.06137 0.056054 0.050184 0.044157 0.037972 0.030537 0.021436 0.010332
88 0.049772 0.051983 0.053307 0.054755 0.056295 0.057605 0.058688 0.059706 0.060065 0.060423 0.060803 0.061205 0.061606 0.056443 0.050741 0.044791 0.038591 0.031048 0.021716 0.010456
89 0.048827 0.051276 0.052455 0.053977 0.055759 0.057264 0.058492 0.05966 0.060197 0.060734 0.061134 0.061398 0.061661 0.056775 0.051391 0.045559 0.03928 0.031585 0.022004 0.010571
90 0.047984 0.050216 0.051523 0.053149 0.055014 0.056775 0.058431 0.05998 0.060423 0.060865 0.061253 0.061587 0.061922 0.057278 0.052153 0.046378 0.039953 0.032117 0.022404 0.010596
91 0.047137 0.049421 0.050998 0.052638 0.054324 0.056229 0.058351 0.060305 0.060514 0.060723 0.061061 0.061527 0.061994 0.057697 0.05294 0.047261 0.040661 0.032677 0.022851 0.010689
92 0.046171 0.048856 0.050655 0.052233 0.053645 0.055609 0.058123 0.060413 0.060378 0.060342 0.060722 0.061517 0.062312 0.058284 0.05379 0.048126 0.041294 0.033182 0.023367 0.010979
93 0.045278 0.047875 0.050131 0.051903 0.053311 0.055363 0.058061 0.060514 0.060446 0.060377 0.060699 0.061413 0.062127 0.058483 0.054417 0.048843 0.041759 0.033615 0.024059 0.011326
94 0.044297 0.047038 0.049593 0.051469 0.052836 0.055027 0.058043 0.060773 0.060548 0.060323 0.060594 0.061361 0.062128 0.058774 0.055023 0.049545 0.042341 0.034177 0.024735 0.011377
95 0.043001 0.04607 0.048471 0.050649 0.052658 0.055151 0.058127 0.060811 0.060468 0.060124 0.060357 0.061167 0.061977 0.059089 0.055844 0.050594 0.043338 0.034988 0.025181 0.011935
96 0.041858 0.045009 0.047463 0.049939 0.052432 0.05515 0.058093 0.060749 0.060434 0.060118 0.060305 0.060995 0.061684 0.05938 0.056787 0.051728 0.044203 0.035682 0.025836 0.012154
97 0.041318 0.044207 0.046833 0.049514 0.052234 0.055225 0.058488 0.061381 0.060458 0.059535 0.059553 0.060512 0.061472 0.059523 0.057292 0.052421 0.044908 0.03637 0.026468 0.01229
98 0.040492 0.043962 0.046459 0.049165 0.052028 0.055299 0.058978 0.062187 0.060539 0.058891 0.058674 0.059888 0.061102 0.059515 0.057658 0.052979 0.045479 0.036975 0.027135 0.012594
99 0.040159 0.043329 0.046031 0.048968 0.052083 0.055274 0.058542 0.061391 0.059916 0.058441 0.05838 0.059735 0.06109 0.059806 0.058267 0.053736 0.046213 0.03769 0.027833 0.013115
100 0.039999 0.043436 0.04544 0.048264 0.051705 0.055246 0.058887 0.062026 0.059975 0.057924 0.05771 0.059333 0.060956 0.059977 0.058746 0.054267 0.046539 0.037945 0.028197 0.013427
101 0.039187 0.042645 0.044599 0.047644 0.051508 0.055362 0.059206 0.062495 0.060049 0.057603 0.057287 0.059102 0.060917 0.060279 0.059403 0.055041 0.047192 0.038443 0.028495 0.013542
102 0.038169 0.041608 0.043704 0.046966 0.051105 0.055354 0.059714 0.063427 0.060447 0.057467 0.056866 0.058643 0.060419 0.060288 0.059972 0.055887 0.048033 0.039158 0.028923 0.013852
103 0.037649 0.041159 0.043311 0.046596 0.050733 0.055236 0.060103 0.064209 0.060452 0.056695 0.055853 0.057925 0.059998 0.060327 0.060487 0.056694 0.048948 0.040087 0.02974 0.013799
104 0.037212 0.040899 0.043231 0.046318 0.049972 0.054466 0.059801 0.064295 0.06009 0.055886 0.055054 0.057596 0.060138 0.060768 0.061213 0.057539 0.049747 0.040864 0.030529 0.01438
105 0.036677 0.040529 0.043165 0.046162 0.049429 0.053999 0.059872 0.064814 0.060145 0.055475 0.054444 0.057053 0.059662 0.060873 0.06195 0.058416 0.05027 0.041311 0.031267 0.014489
106 0.036 0.040003 0.042931 0.046019 0.049228 0.053882 0.05998 0.065125 0.060406 0.055687 0.054581 0.057089 0.059596 0.060964 0.062221 0.058515 0.049845 0.040908 0.031615 0.015407
107 0.036079 0.039917 0.043321 0.046228 0.048762 0.053373 0.060061 0.065704 0.060553 0.055401 0.054115 0.056695 0.059275 0.060958 0.062554 0.05883 0.049787 0.04079 0.031855 0.015744
108 0.035801 0.04091 0.044346 0.046799 0.048515 0.052968 0.060158 0.066189 0.060241 0.054292 0.052876 0.055995 0.059113 0.060876 0.062507 0.058865 0.049951 0.041031 0.032104 0.016464
109 0.036007 0.041372 0.044893 0.047034 0.048138 0.052346 0.05966 0.065756 0.059269 0.052782 0.051495 0.055408 0.059321 0.061059 0.062587 0.059224 0.050969 0.042311 0.033114 0.017257
110 0.036309 0.041965 0.045694 0.047327 0.047386 0.051515 0.059712 0.066557 0.059421 0.052285 0.050827 0.055049 0.05927 0.060745 0.061953 0.058749 0.051132 0.0428 0.033518 0.017784
111 0.036284 0.04327 0.046762 0.048239 0.048203 0.052227 0.060313 0.067018 0.05945 0.051881 0.0499 0.053505 0.057111 0.059619 0.062021 0.05931 0.051488 0.042696 0.032613 0.018092
112 0.035983 0.044242 0.047673 0.048944 0.048593 0.052407 0.060389 0.067028 0.059799 0.05257 0.05023 0.052781 0.055332 0.058434 0.06159 0.059434 0.051965 0.042963 0.031917 0.017727
113 0.034877 0.044057 0.048056 0.049353 0.04862 0.052298 0.060386 0.067139 0.060086 0.053032 0.050628 0.052875 0.055122 0.058191 0.061338 0.059272 0.05199 0.0431 0.032067 0.017512
114 0.033357 0.043702 0.048084 0.050044 0.050185 0.054043 0.061617 0.067868 0.060438 0.053009 0.050288 0.052277 0.054266 0.057681 0.061233 0.059156 0.051449 0.042609 0.032259 0.016434
115 0.03311 0.044025 0.048915 0.051596 0.052617 0.056436 0.063052 0.068393 0.060552 0.052711 0.049436 0.050727 0.052019 0.056171 0.060601 0.058983 0.051317 0.042272 0.031391 0.015677
