1 0 0 0 0 0 0 0 0 0 0 0 0 0 0 0 0 0 0 0 0
2 0 0 0 0 0 0 0 0 0 0 0 0 0 0 0 0 0 0 0 0
3 0 0 0 0 0 0 0 0 0 0 0 0 0 0 0 0 0 0 0 0
4 0 0 0 0 0 0 0 0 0 0 0 0 0 0 0 0 0 0 0 0
5 0 0 0 0 0 0 0 0 0 0 0 0 0 0 0 0 0 0 0 0
6 0 0 0 0 0 0 0 0 0 0 0 0 0 0 0 0 0 0 0 0
7 0 0 0 0 0 0 0 0 0 0 0 0 0 0 0 0 0 0 0 0
8 0 0 0 0 0 0 0 0 0 0 0 0 0 0 0 0 0 0 0 0
9 0 0 0 0 0 0 0 0 0 0 0 0 0 0 0 0 0 0 0 0
10 0 0 0 0 0 0 0 0 0 0 0 0 0 0 0 0 0 0 0 0
11 0 0 0 0 0 0 0 0 0 0 0 0 0 0 0 0 0 0 0 0
12 0 0 0 0 0 0 0 0 0 0 0 0 0 0 0 0 0 0 0 0
13 0 0 0 0 0 0 0 0 0 0 0 0 0 0 0 0 0 0 0 0
14 0 0 0 0 0 0 0 0 0 0 0 0 0 0 0 0 0 0 0 0
15 0 0 0 0 0 0 0 0 0 0 0 0 0 0 0 0 0 0 0 0
16 0 0 0 0 0 0 0 0 0 0 0 0 0 0 0 0 0 0 0 0
17 0 0 0 0 0 0 0 0 0 0 0 0 0 0 0 0 0 0 0 0
18 0 0 0 0 0 0 0 0 0 0 0 0 0 0 0 0 0 0 0 0
19 0 0 0 0 0 0 0 0 0 0 0 0 0 0 0 0 0 0 0 0
20 0 0 0 0 0 0 0 0 0 0 0 0 0 0 0 0 0 0 0 0
21 0 0 0 0 0 0 0 0 0 0 0 0 0 0 0 0 0 0 0 0
22 0 0 0 0 0 0 0 0 0 0 0 0 0 0 0 0 0 0 0 0
23 0 0 0 0 0 0 0 0 0 0 0 0 0 0 0 0 0 0 0 0
24 0.043136 0.046393 0.053366 0.05502 0.052681 0.053376 0.057106 0.060173 0.056384 0.052594 0.052411 0.055833 0.059255 0.055495 0.05104 0.045862 0.039963 0.036686 0.0369 0.036325
25 0.043423 0.050978 0.056052 0.057735 0.056873 0.057485 0.059574 0.061084 0.056611 0.052139 0.051146 0.053631 0.056116 0.052634 0.048576 0.043695 0.03799 0.034813 0.035002 0.034443
26 0.058795 0.065721 0.067124 0.066925 0.065522 0.063185 0.059912 0.056702 0.054138 0.051575 0.049262 0.047201 0.04514 0.042724 0.040273 0.03764 0.034824 0.03244 0.030632 0.030269
27 0.067219 0.069862 0.069027 0.067149 0.064489 0.06159 0.058451 0.055389 0.053126 0.050864 0.048576 0.046263 0.04395 0.041586 0.039218 0.037005 0.034948 0.032595 0.02985 0.028844
28 0.071222 0.072257 0.070005 0.067002 0.063434 0.060408 0.057922 0.055437 0.052968 0.050499 0.048121 0.045835 0.043549 0.041289 0.039031 0.036769 0.034503 0.032208 0.029873 0.027668
29 0.07332 0.073735 0.069922 0.066765 0.0641 0.061405 0.05868 0.055964 0.053345 0.050727 0.048175 0.045689 0.043204 0.040773 0.038347 0.035941 0.033556 0.031159 0.028746 0.026446
30 0.074841 0.074205 0.070547 0.067356 0.064515 0.061767 0.059112 0.056453 0.053756 0.051059 0.048391 0.045752 0.043112 0.040466 0.037819 0.035198 0.032602 0.030071 0.027629 0.025349
31 0.07715 0.074198 0.07128 0.068333 0.065366 0.062423 0.059505 0.056602 0.053865 0.051127 0.048365 0.045577 0.042789 0.039983 0.037175 0.034442 0.031785 0.029183 0.026653 0.024199
32 0.078088 0.075124 0.072112 0.069103 0.066097 0.063095 0.060097 0.0571 0.054116 0.051131 0.048207 0.045342 0.042477 0.039529 0.036573 0.033729 0.030996 0.028298 0.025648 0.023138
33 0.079126 0.075951 0.072893 0.069814 0.06672 0.063631 0.060548 0.057463 0.054356 0.051248 0.048164 0.045105 0.042045 0.039067 0.036098 0.033182 0.03032 0.027491 0.024704 0.022075
34 0.08011 0.076907 0.0737 0.070488 0.067273 0.064064 0.060862 0.057663 0.054492 0.051321 0.048144 0.044961 0.041778 0.038706 0.035644 0.032625 0.029648 0.02671 0.023826 0.021079
35 0.08084 0.077596 0.074303 0.071038 0.067795 0.064519 0.06121 0.057905 0.054643 0.051381 0.048121 0.044862 0.041603 0.038442 0.035291 0.032164 0.029062 0.026011 0.023029 0.020186
36 0.081552 0.078199 0.074847 0.071502 0.068161 0.064819 0.061474 0.058131 0.054804 0.051478 0.048156 0.044839 0.041522 0.038249 0.034981 0.031736 0.028517 0.025362 0.022293 0.019377
37 0.08219 0.078772 0.075371 0.071964 0.068552 0.065154 0.061769 0.058381 0.054959 0.051537 0.048145 0.044782 0.041419 0.03805 0.03468 0.031335 0.028013 0.024758 0.021593 0.018574
38 0.082727 0.079227 0.075766 0.072344 0.068952 0.06552 0.062048 0.058578 0.055125 0.051673 0.048217 0.044757 0.041297 0.037837 0.034378 0.030954 0.027567 0.024231 0.020964 0.017836
39 0.086482 0.083124 0.079666 0.076229 0.072807 0.069301 0.065711 0.062095 0.058216 0.054337 0.047224 0.036877 0.02653 0.028625 0.031924 0.031696 0.027942 0.024176 0.020397 0.016639
40 0.086536 0.083358 0.079828 0.076303 0.072783 0.069284 0.065806 0.062296 0.058457 0.054618 0.047491 0.037076 0.026661 0.028679 0.0319 0.031567 0.027679 0.023778 0.01986 0.016041
41 0.086221 0.082838 0.07941 0.07601 0.072633 0.069212 0.065747 0.062265 0.058605 0.054945 0.048074 0.037991 0.027909 0.029396 0.032002 0.031306 0.027309 0.023318 0.019335 0.015473
42 0.085945 0.082572 0.079251 0.075873 0.072452 0.069004 0.065528 0.062043 0.058452 0.054862 0.048313 0.038804 0.029295 0.030244 0.032205 0.031147 0.027072 0.023019 0.018997 0.014922
43 0.085523 0.08205 0.078994 0.075805 0.072517 0.069105 0.065568 0.062025 0.058419 0.054813 0.048503 0.03949 0.030477 0.030928 0.032295 0.030927 0.026827 0.022718 0.0186 0.014416
44 0.085156 0.08198 0.07885 0.075607 0.072279 0.0689 0.06547 0.062024 0.058402 0.054781 0.048718 0.040216 0.031713 0.031635 0.032372 0.030687 0.026579 0.02243 0.018223 0.013977
45 0.084851 0.082053 0.078648 0.075336 0.072092 0.068762 0.065345 0.061912 0.058321 0.054729 0.048914 0.040876 0.032837 0.032323 0.032536 0.03055 0.026363 0.022137 0.017857 0.013557
46 0.084474 0.081628 0.078386 0.075211 0.072086 0.068793 0.065332 0.061856 0.058226 0.054596 0.04901 0.041465 0.033921 0.033018 0.032758 0.030488 0.026208 0.021891 0.017525 0.013129
47 0.083924 0.081269 0.07818 0.075053 0.071898 0.068647 0.065301 0.061926 0.058265 0.054603 0.049187 0.042017 0.034847 0.033603 0.032932 0.030437 0.026119 0.021737 0.017268 0.012788
48 0.083605 0.080999 0.077961 0.074872 0.071745 0.068527 0.06522 0.061881 0.058216 0.05455 0.049326 0.042543 0.03576 0.034199 0.033143 0.030413 0.02601 0.021543 0.016993 0.012493
49 0.083086 0.080535 0.077628 0.074618 0.07153 0.068367 0.065129 0.061858 0.058245 0.054632 0.049602 0.043155 0.036709 0.034809 0.033349 0.030393 0.025942 0.021413 0.01678 0.012222
50 0.082597 0.079915 0.077317 0.074432 0.071329 0.068212 0.06508 0.061908 0.058315 0.054722 0.049857 0.04372 0.037583 0.035375 0.033547 0.030374 0.025858 0.021278 0.016613 0.011969
51 0.08209 0.079464 0.07681 0.074029 0.071152 0.068146 0.065012 0.061844 0.05834 0.054835 0.050162 0.044319 0.038477 0.035973 0.033791 0.030406 0.025818 0.021175 0.01646 0.011696
52 0.081515 0.079084 0.076486 0.073767 0.070958 0.067994 0.064875 0.06173 0.05831 0.054891 0.050415 0.044883 0.03935 0.036576 0.034067 0.030485 0.025829 0.021104 0.016288 0.011393
53 0.080896 0.078601 0.0761 0.073477 0.070762 0.06788 0.064831 0.061751 0.058349 0.054947 0.050619 0.045366 0.040113 0.03711 0.034326 0.030582 0.02588 0.02108 0.01615 0.01118
54 0.080353 0.078127 0.075726 0.073189 0.070551 0.06774 0.064755 0.061734 0.058346 0.054958 0.050795 0.045857 0.040919 0.037665 0.034573 0.030663 0.025934 0.021082 0.016066 0.010969
55 0.079769 0.077642 0.075346 0.072874 0.070269 0.067532 0.064664 0.061752 0.058392 0.055032 0.051015 0.046341 0.041667 0.038206 0.034863 0.030795 0.026001 0.021073 0.015968 0.010799
56 0.079119 0.077102 0.074909 0.07255 0.070067 0.067409 0.064575 0.061703 0.058433 0.055163 0.051304 0.046857 0.042409 0.038721 0.035105 0.030887 0.026067 0.021084 0.015887 0.010651
57 0.078453 0.07655 0.074452 0.072189 0.069801 0.067238 0.064498 0.061716 0.058488 0.05526 0.051547 0.04735 0.043153 0.039249 0.035372 0.031012 0.026168 0.021142 0.015873 0.010488
58 0.077826 0.076014 0.074021 0.071871 0.069603 0.067119 0.064419 0.061678 0.058521 0.055364 0.051792 0.047805 0.043818 0.03975 0.035674 0.031172 0.026244 0.021151 0.015838 0.010318
59 0.077213 0.075442 0.073586 0.071519 0.069293 0.066883 0.064291 0.061654 0.058553 0.055452 0.052026 0.048275 0.044524 0.040288 0.036006 0.031378 0.026407 0.021238 0.015805 0.010169
60 0.076524 0.074857 0.073071 0.071109 0.069013 0.066714 0.064213 0.061664 0.058625 0.055586 0.052294 0.048747 0.045201 0.040802 0.03632 0.031569 0.026549 0.021313 0.01579 0.01004
61 0.075904 0.074272 0.072623 0.070772 0.068767 0.066551 0.064124 0.061647 0.058655 0.055662 0.052496 0.049157 0.045817 0.04128 0.036627 0.03177 0.02671 0.021414 0.015805 0.0099471
62 0.075155 0.07365 0.072157 0.070411 0.068473 0.066338 0.064005 0.061621 0.0587 0.05578 0.052751 0.049615 0.046478 0.041786 0.036943 0.031979 0.026895 0.021545 0.015842 0.0098755
63 0.074436 0.073153 0.07174 0.07004 0.068125 0.066073 0.063884 0.061635 0.058766 0.055897 0.052991 0.050049 0.047107 0.042271 0.037251 0.032185 0.027072 0.021671 0.015888 0.0097641
64 0.07376 0.072645 0.071271 0.069631 0.06779 0.065826 0.06374 0.061592 0.058807 0.056023 0.053243 0.050466 0.04769 0.04275 0.037602 0.032436 0.027253 0.021798 0.015983 0.0096946
65 0.073055 0.071807 0.07067 0.06921 0.067505 0.065658 0.063669 0.061616 0.058913 0.05621 0.053546 0.05092 0.048295 0.043245 0.037961 0.032696 0.027451 0.021924 0.016021 0.0096304
66 0.072132 0.0711 0.070119 0.068799 0.067224 0.065485 0.063582 0.061617 0.058998 0.05638 0.053832 0.051354 0.048876 0.043744 0.038356 0.033006 0.027693 0.022079 0.016066 0.0095549
67 0.071477 0.070436 0.069615 0.068438 0.066994 0.065342 0.063484 0.061565 0.059026 0.056487 0.054059 0.051742 0.049425 0.044201 0.038696 0.033264 0.027904 0.022225 0.016121 0.009504
68 0.070433 0.069877 0.069066 0.067971 0.066662 0.065108 0.063309 0.061456 0.059028 0.056601 0.054324 0.052198 0.050071 0.044747 0.039115 0.033606 0.028222 0.022473 0.016238 0.0094958
69 0.069614 0.069254 0.068565 0.067553 0.0663 0.064855 0.063217 0.061512 0.059102 0.056693 0.054515 0.052569 0.050623 0.045224 0.039491 0.033911 0.028485 0.022672 0.016345 0.0095017
70 0.068769 0.068659 0.067972 0.067059 0.065976 0.06467 0.063142 0.061538 0.059159 0.05678 0.054702 0.052925 0.051148 0.045696 0.039888 0.034249 0.028777 0.022893 0.016461 0.0095363
71 0.067878 0.067702 0.067422 0.066737 0.065749 0.06453 0.063081 0.061553 0.05921 0.056867 0.05489 0.053277 0.051664 0.046166 0.040292 0.034608 0.029112 0.023156 0.016587 0.0095188
72 0.067081 0.066963 0.06677 0.066216 0.065392 0.064326 0.063019 0.061626 0.059345 0.057064 0.055167 0.053652 0.052138 0.046593 0.040657 0.034937 0.029432 0.023418 0.016726 0.0094788
73 0.066386 0.066472 0.066249 0.065769 0.065098 0.064142 0.0629 0.061574 0.05937 0.057166 0.055367 0.053972 0.052577 0.046993 0.041004 0.035253 0.029738 0.023674 0.016878 0.0094179
74 0.065647 0.06594 0.065691 0.065272 0.064727 0.063875 0.062718 0.06148 0.059402 0.057324 0.055642 0.054356 0.053071 0.047453 0.041415 0.035617 0.030056 0.023924 0.01703 0.0093615
75 0.064956 0.065435 0.065139 0.064757 0.064309 0.06359 0.0626 0.061517 0.059476 0.057436 0.055846 0.054707 0.053568 0.047877 0.041745 0.035898 0.030334 0.024166 0.017193 0.0094503
76 0.064348 0.06485 0.064523 0.064215 0.063921 0.06329 0.062321 0.061273 0.059413 0.057552 0.056107 0.055077 0.054047 0.048366 0.042236 0.036357 0.03073 0.024476 0.017387 0.0095105
77 0.063502 0.064327 0.063923 0.063701 0.063614 0.063077 0.06209 0.061042 0.05936 0.057678 0.056375 0.05545 0.054525 0.048836 0.042686 0.036783 0.031128 0.0248 0.017576 0.0095287
78 0.06268 0.063863 0.063362 0.063189 0.063262 0.062805 0.061817 0.060783 0.059277 0.057771 0.056611 0.055796 0.054981 0.049334 0.043218 0.037286 0.031536 0.0251 0.017751 0.0095743
79 0.062028 0.063076 0.062541 0.062463 0.062729 0.062491 0.061747 0.06094 0.059467 0.057995 0.056885 0.056138 0.05539 0.049788 0.043716 0.037762 0.031925 0.025387 0.017916 0.0096158
80 0.06116 0.062042 0.061615 0.061696 0.062157 0.062183 0.061772 0.061265 0.05976 0.058255 0.057174 0.056517 0.05586 0.050278 0.044221 0.038251 0.032369 0.025736 0.018103 0.0095855
81 0.060382 0.061003 0.060958 0.061133 0.061473 0.061627 0.061597 0.061441 0.059987 0.058533 0.05753 0.056976 0.056423 0.050806 0.044699 0.038693 0.032786 0.026081 0.018312 0.0095584
82 0.059213 0.05997 0.060419 0.060792 0.061107 0.061327 0.06145 0.061449 0.060163 0.058878 0.057942 0.057357 0.056772 0.051186 0.045116 0.039111 0.033169 0.026404 0.018544 0.0096312
83 0.058377 0.05934 0.059896 0.060342 0.060704 0.061003 0.061238 0.061353 0.060232 0.059111 0.05826 0.057678 0.057096 0.051566 0.045557 0.039548 0.033538 0.026702 0.018766 0.0096936
84 0.057593 0.058664 0.059469 0.060046 0.060451 0.06077 0.061001 0.061128 0.060177 0.059226 0.058492 0.057975 0.057458 0.051966 0.045993 0.039971 0.0339 0.026991 0.018965 0.0097622
85 0.056933 0.057944 0.058975 0.059708 0.060216 0.060584 0.06081 0.060943 0.06011 0.059277 0.058634 0.058181 0.057727 0.052347 0.04649 0.040484 0.034328 0.027314 0.019157 0.0098383
86 0.056146 0.057405 0.058599 0.059391 0.05988 0.060247 0.060492 0.060657 0.060002 0.059347 0.058856 0.058528 0.0582 0.052766 0.046838 0.040845 0.034785 0.027739 0.019378 0.0098993
87 0.055402 0.05658 0.058007 0.058944 0.059512 0.059914 0.060148 0.060317 0.059819 0.059321 0.05902 0.058915 0.058811 0.053364 0.047402 0.041387 0.035319 0.028189 0.019644 0.0099871
88 0.054406 0.055609 0.057183 0.058326 0.059144 0.059661 0.059876 0.060041 0.059698 0.059354 0.059224 0.059306 0.059389 0.053997 0.048076 0.042041 0.035892 0.028671 0.020022 0.010085
89 0.053252 0.05482 0.056148 0.057401 0.058599 0.059391 0.059777 0.060104 0.059813 0.059521 0.059523 0.059817 0.060111 0.054627 0.048584 0.042498 0.036367 0.029123 0.020396 0.010128
90 0.052412 0.053829 0.055318 0.056697 0.057993 0.058937 0.05953 0.060062 0.059967 0.059872 0.059967 0.060252 0.060536 0.055108 0.049128 0.043059 0.036903 0.029577 0.020695 0.010158
91 0.05181 0.053199 0.054755 0.056175 0.057491 0.058517 0.059253 0.059935 0.060067 0.060198 0.060373 0.060592 0.06081 0.055487 0.049627 0.043548 0.037248 0.029826 0.02091 0.01018
92 0.051217 0.052937 0.054409 0.055748 0.056989 0.058097 0.059071 0.05997 0.060099 0.060227 0.060457 0.060788 0.061119 0.05582 0.049977 0.043896 0.037578 0.030135 0.021192 0.010274
93 0.050497 0.052497 0.053867 0.055221 0.056565 0.057785 0.058882 0.059897 0.060063 0.06023 0.060543 0.061003 0.061462 0.056173 0.050327 0.044318 0.038146 0.030685 0.021511 0.01033
94 0.049541 0.051841 0.05311 0.05458 0.0562 0.05756 0.058658 0.059695 0.060102 0.060509 0.06088 0.061217 0.061553 0.056479 0.050882 0.044976 0.038762 0.031179 0.021775 0.010503
95 0.048682 0.05104 0.052157 0.053686 0.055523 0.057131 0.058509 0.05981 0.060306 0.060802 0.061189 0.061468 0.061747 0.056902 0.051563 0.045743 0.039444 0.031704 0.022046 0.010549
96 0.047816 0.050051 0.051398 0.053013 0.05483 0.056632 0.058421 0.060084 0.060462 0.060839 0.061204 0.061554 0.061905 0.057363 0.052348 0.046598 0.040114 0.032245 0.022531 0.010591
97 0.046934 0.049315 0.050953 0.052557 0.054135 0.056053 0.05831 0.060376 0.060468 0.06056 0.060898 0.061481 0.062064 0.05785 0.053173 0.047506 0.040849 0.032815 0.022947 0.010757
98 0.045908 0.048677 0.050581 0.052199 0.053601 0.055565 0.058091 0.060391 0.060366 0.060342 0.060709 0.061468 0.062227 0.058317 0.053955 0.048312 0.041389 0.033269 0.023555 0.011078
99 0.045067 0.047579 0.050031 0.051875 0.053262 0.055326 0.058067 0.060559 0.060471 0.060383 0.060689 0.061389 0.062089 0.058527 0.054552 0.04899 0.041841 0.033707 0.024264 0.011332
100 0.043984 0.046811 0.049344 0.051289 0.052793 0.055062 0.058095 0.060836 0.060549 0.060261 0.060498 0.06126 0.062022 0.058812 0.055218 0.049817 0.042611 0.034394 0.024831 0.011511
101 0.042646 0.045819 0.048184 0.050454 0.052651 0.055207 0.058121 0.060748 0.060417 0.060087 0.060306 0.061077 0.061847 0.059155 0.056128 0.050941 0.043593 0.035187 0.025373 0.012058
102 0.041805 0.04477 0.047206 0.049745 0.052363 0.055193 0.058236 0.060972 0.060533 0.060094 0.060195 0.060838 0.061481 0.059324 0.056896 0.051919 0.044392 0.035866 0.026009 0.012164
103 0.041179 0.044253 0.04682 0.049484 0.052221 0.055293 0.058701 0.061699 0.060456 0.059213 0.059142 0.060243 0.061344 0.0595 0.057372 0.052554 0.045047 0.036522 0.026641 0.012313
104 0.040516 0.043897 0.046422 0.049173 0.052094 0.05534 0.058911 0.062021 0.060366 0.058711 0.0585 0.059733 0.060965 0.059503 0.057781 0.053167 0.045661 0.037164 0.027346 0.012731
105 0.04023 0.04352 0.046006 0.048889 0.05207 0.055333 0.058678 0.061583 0.059942 0.058301 0.058163 0.059528 0.060893 0.059686 0.05823 0.053753 0.046255 0.037756 0.027926 0.013255
106 0.039935 0.043368 0.045312 0.048175 0.05173 0.055351 0.05904 0.06221 0.060021 0.057831 0.057568 0.05923 0.060893 0.060014 0.058889 0.054393 0.046526 0.037888 0.028221 0.013406
107 0.038932 0.042401 0.044388 0.047502 0.051463 0.055392 0.059288 0.062617 0.060086 0.057555 0.057196 0.059008 0.06082 0.060303 0.059561 0.055268 0.047425 0.03862 0.028535 0.013639
108 0.03799 0.041387 0.04352 0.04684 0.051051 0.055446 0.060024 0.063907 0.060605 0.057303 0.056542 0.058322 0.060102 0.060181 0.060096 0.056123 0.048265 0.039378 0.029124 0.013794
109 0.037619 0.041175 0.043394 0.046628 0.050625 0.055089 0.060019 0.064174 0.060308 0.056443 0.055618 0.057834 0.06005 0.060377 0.060521 0.056768 0.049119 0.040311 0.029959 0.013969
110 0.037165 0.040895 0.043248 0.046259 0.049764 0.054293 0.059844 0.064516 0.060103 0.05569 0.054783 0.057383 0.059982 0.0608 0.061446 0.057813 0.049902 0.040983 0.030723 0.014407
111 0.036632 0.040512 0.043269 0.046246 0.049389 0.053963 0.059967 0.065017 0.060198 0.05538 0.054288 0.056924 0.05956 0.060854 0.06202 0.058444 0.050127 0.041175 0.031377 0.014658
112 0.03609 0.040003 0.042896 0.045942 0.049103 0.053805 0.060048 0.065321 0.060581 0.05584 0.054646 0.056998 0.059351 0.060833 0.062231 0.058531 0.049734 0.040778 0.031608 0.01566
113 0.036136 0.040319 0.043734 0.046467 0.048687 0.053246 0.060144 0.065953 0.060503 0.055054 0.053702 0.056449 0.059196 0.060899 0.062501 0.058795 0.049782 0.040811 0.031896 0.015728
114 0.035817 0.041191 0.044648 0.047029 0.048602 0.052988 0.060185 0.066203 0.060015 0.053827 0.052375 0.05566 0.058944 0.060789 0.062495 0.058935 0.050108 0.041193 0.03216 0.016837
115 0.036243 0.041606 0.045162 0.047119 0.047876 0.051994 0.059472 0.065707 0.059082 0.052456 0.051216 0.055361 0.059506 0.061028 0.062296 0.059014 0.051182 0.042762 0.033559 0.017359
