1 0 0 0 0 0 0 0 0 0 0 0 0 0 0 0 0 0 0 0 0
2 0 0 0 0 0 0 0 0 0 0 0 0 0 0 0 0 0 0 0 0
3 0 0 0 0 0 0 0 0 0 0 0 0 0 0 0 0 0 0 0 0
4 0 0 0 0 0 0 0 0 0 0 0 0 0 0 0 0 0 0 0 0
5 0 0 0 0 0 0 0 0 0 0 0 0 0 0 0 0 0 0 0 0
6 0 0 0 0 0 0 0 0 0 0 0 0 0 0 0 0 0 0 0 0
7 0 0 0 0 0 0 0 0 0 0 0 0 0 0 0 0 0 0 0 0
8 0 0 0 0 0 0 0 0 0 0 0 0 0 0 0 0 0 0 0 0
9 0 0 0 0 0 0 0 0 0 0 0 0 0 0 0 0 0 0 0 0
10 0 0 0 0 0 0 0 0 0 0 0 0 0 0 0 0 0 0 0 0
11 0 0 0 0 0 0 0 0 0 0 0 0 0 0 0 0 0 0 0 0
12 0 0 0 0 0 0 0 0 0 0 0 0 0 0 0 0 0 0 0 0
13 0.045178 0.052623 0.057407 0.059122 0.058533 0.058813 0.05996 0.060616 0.056182 0.051748 0.050595 0.052724 0.054852 0.051504 0.047626 0.042878 0.03726 0.034167 0.034436 0.033775
14 0.059013 0.065935 0.067349 0.067158 0.065763 0.063382 0.060017 0.056722 0.054149 0.051576 0.049191 0.046993 0.044796 0.042441 0.040072 0.037549 0.034873 0.032492 0.030503 0.030025
15 0.067849 0.07031 0.069261 0.06716 0.064269 0.061324 0.058325 0.055391 0.053141 0.050891 0.048567 0.046169 0.043771 0.041453 0.039142 0.036956 0.034894 0.032557 0.029853 0.028715
16 0.071875 0.072724 0.070139 0.067012 0.063477 0.060439 0.057898 0.055364 0.052894 0.050424 0.048041 0.045743 0.043446 0.041189 0.038935 0.036668 0.034386 0.032072 0.029716 0.027559
17 0.073336 0.07376 0.0701 0.066963 0.064221 0.061495 0.058787 0.056083 0.053414 0.050745 0.048161 0.045663 0.043164 0.040698 0.038235 0.035813 0.033432 0.031029 0.028599 0.026301
18 0.075046 0.07439 0.070673 0.06745 0.064599 0.061834 0.059156 0.056476 0.053766 0.051055 0.048369 0.045707 0.043045 0.040393 0.037742 0.035111 0.032502 0.029957 0.0275 0.025229
19 0.07736 0.074457 0.071451 0.068443 0.065434 0.062469 0.059548 0.05664 0.05387 0.051101 0.048317 0.045517 0.042717 0.039898 0.037078 0.03434 0.031684 0.029075 0.02653 0.024071
20 0.078223 0.075275 0.072227 0.069201 0.066193 0.063181 0.060163 0.057146 0.054135 0.051123 0.048173 0.045284 0.042396 0.03945 0.036499 0.033649 0.030899 0.028194 0.025549 0.02304
21 0.07928 0.076085 0.073006 0.069902 0.06678 0.063672 0.060579 0.057484 0.054365 0.051246 0.048149 0.045073 0.041997 0.039011 0.036033 0.03311 0.030241 0.027404 0.024611 0.021975
22 0.080246 0.077019 0.073798 0.070571 0.06734 0.064111 0.060884 0.057661 0.054486 0.05131 0.048128 0.044939 0.04175 0.038667 0.035594 0.032562 0.029571 0.026626 0.023743 0.020994
23 0.080993 0.077708 0.074409 0.071117 0.067832 0.064541 0.061242 0.057946 0.054663 0.051381 0.048103 0.044831 0.041559 0.038387 0.035225 0.032094 0.028993 0.025937 0.02294 0.020098
24 0.081667 0.078297 0.074925 0.071565 0.068212 0.064857 0.061501 0.058146 0.054807 0.051469 0.048138 0.044815 0.041493 0.038211 0.034933 0.031682 0.028457 0.025297 0.022224 0.019303
25 0.08228 0.078841 0.07543 0.072015 0.068595 0.065192 0.061805 0.058414 0.054978 0.051543 0.048138 0.044761 0.041385 0.038009 0.034632 0.031284 0.027963 0.024704 0.021528 0.018504
26 0.082828 0.07931 0.075829 0.072399 0.069007 0.065566 0.062077 0.05859 0.05512 0.051651 0.048188 0.044732 0.041276 0.037809 0.034341 0.030909 0.027514 0.024174 0.020907 0.017774
27 0.083201 0.079741 0.07626 0.072782 0.069307 0.06582 0.06232 0.058817 0.055285 0.051754 0.048227 0.044703 0.04118 0.037647 0.034112 0.030604 0.027122 0.023691 0.020325 0.017104
28 0.083594 0.080015 0.076563 0.073094 0.06961 0.066097 0.062553 0.059007 0.055447 0.051887 0.048308 0.044708 0.041108 0.037506 0.033903 0.030318 0.026751 0.02324 0.019804 0.016487
29 0.083848 0.080333 0.076876 0.073388 0.069878 0.066345 0.06279 0.059228 0.055606 0.051984 0.04835 0.044704 0.041058 0.037394 0.033728 0.03007 0.026421 0.022825 0.019297 0.015879
30 0.084064 0.080542 0.07708 0.073591 0.070082 0.066542 0.06297 0.059391 0.055744 0.052097 0.048432 0.044749 0.041066 0.037341 0.033612 0.029884 0.026158 0.022477 0.018855 0.015323
31 0.084284 0.080835 0.077388 0.073882 0.070331 0.066732 0.063085 0.059439 0.0558 0.052161 0.048483 0.044765 0.041048 0.03726 0.033466 0.029688 0.025928 0.02218 0.018449 0.014796
32 0.084383 0.08099 0.077522 0.074023 0.0705 0.06692 0.063284 0.059644 0.055969 0.052293 0.048576 0.044818 0.04106 0.037217 0.033366 0.029522 0.025685 0.021861 0.018053 0.014314
33 0.084436 0.08111 0.077647 0.074147 0.070617 0.067029 0.06338 0.05973 0.056063 0.052396 0.048673 0.044894 0.041114 0.037227 0.033329 0.029431 0.025534 0.021633 0.017729 0.013882
34 0.084349 0.080996 0.077651 0.074218 0.070718 0.067176 0.063591 0.059993 0.056261 0.052528 0.048752 0.04493 0.041109 0.037205 0.033294 0.029372 0.025438 0.021468 0.01745 0.013501
35 0.084283 0.080999 0.077685 0.074296 0.070851 0.067329 0.063732 0.060121 0.056374 0.052627 0.048832 0.044988 0.041144 0.037228 0.033306 0.029333 0.025308 0.021259 0.017177 0.013128
36 0.08422 0.081026 0.077694 0.074308 0.070883 0.067359 0.063737 0.060112 0.056445 0.052778 0.049007 0.045132 0.041257 0.037327 0.033392 0.029356 0.025219 0.021073 0.016914 0.012762
37 0.084034 0.080909 0.077629 0.074301 0.070936 0.067452 0.063849 0.060241 0.056571 0.052902 0.049125 0.045242 0.041358 0.037397 0.033429 0.029357 0.025182 0.020964 0.016691 0.012431
38 0.083854 0.080873 0.077608 0.074291 0.070935 0.06747 0.063896 0.060314 0.056648 0.052981 0.049216 0.045352 0.041488 0.037516 0.033533 0.029419 0.025175 0.020855 0.016435 0.012141
39 0.082102 0.079479 0.07682 0.074039 0.071165 0.068154 0.065007 0.06183 0.058333 0.054837 0.050176 0.044352 0.038528 0.035997 0.033784 0.030381 0.025789 0.021143 0.016425 0.011658
40 0.081514 0.079084 0.076486 0.073771 0.070967 0.068004 0.064882 0.061733 0.058314 0.054894 0.050425 0.044907 0.039389 0.036594 0.034063 0.030467 0.025807 0.021078 0.016257 0.011362
41 0.080891 0.078608 0.076118 0.073495 0.070774 0.067885 0.064829 0.061743 0.058342 0.054941 0.050624 0.045391 0.040157 0.037131 0.034317 0.03056 0.025859 0.021058 0.016124 0.011153
42 0.080343 0.078151 0.075749 0.073202 0.070547 0.067729 0.064748 0.061731 0.058341 0.054952 0.050798 0.04588 0.040962 0.037687 0.034572 0.030648 0.025916 0.02106 0.016041 0.010944
43 0.079774 0.077643 0.075349 0.072873 0.070261 0.067526 0.064669 0.061767 0.058402 0.055037 0.051025 0.046364 0.041704 0.038223 0.034855 0.030774 0.02598 0.021052 0.015944 0.010777
44 0.079104 0.07709 0.074899 0.072541 0.070056 0.067401 0.064576 0.061712 0.058439 0.055166 0.051315 0.046886 0.042456 0.038747 0.035107 0.030876 0.026055 0.021071 0.01587 0.010633
45 0.078429 0.07653 0.07443 0.072174 0.0698 0.067245 0.06451 0.06173 0.058496 0.055262 0.051554 0.047373 0.043191 0.039273 0.03538 0.031008 0.026156 0.021127 0.015862 0.010469
46 0.077797 0.075977 0.073994 0.071858 0.069608 0.06713 0.064424 0.061678 0.05852 0.055363 0.0518 0.047831 0.043863 0.039781 0.035689 0.031176 0.026241 0.021142 0.015826 0.010301
47 0.077176 0.075403 0.073547 0.071487 0.069273 0.066875 0.064291 0.061662 0.058564 0.055465 0.052046 0.048308 0.044569 0.040321 0.036024 0.031387 0.026412 0.021237 0.015796 0.010154
48 0.07646 0.074807 0.073035 0.071085 0.069003 0.066711 0.064211 0.061663 0.058632 0.055601 0.05232 0.048789 0.045258 0.04084 0.036337 0.031574 0.026551 0.021311 0.015783 0.010028
49 0.075839 0.074226 0.072581 0.070738 0.068747 0.06654 0.064118 0.061646 0.058661 0.055675 0.052521 0.049197 0.045874 0.041322 0.036651 0.031783 0.026719 0.021419 0.015804 0.0099391
50 0.075092 0.073597 0.072126 0.070387 0.068449 0.066318 0.063996 0.061621 0.058708 0.055795 0.052778 0.049657 0.046537 0.041827 0.036963 0.031989 0.026904 0.021551 0.01584 0.0098654
51 0.074358 0.073098 0.071694 0.070002 0.068094 0.066051 0.063873 0.061635 0.058774 0.055912 0.053019 0.050094 0.047169 0.042319 0.037283 0.032206 0.027086 0.021681 0.015894 0.009758
52 0.073685 0.072535 0.071205 0.069592 0.067765 0.065813 0.063737 0.061599 0.058824 0.056048 0.053279 0.050515 0.047752 0.042799 0.037635 0.032459 0.02727 0.021809 0.015987 0.0096912
53 0.072963 0.071719 0.070597 0.069155 0.067472 0.065643 0.063666 0.061626 0.05893 0.056233 0.05358 0.050969 0.048359 0.043297 0.037999 0.032724 0.027473 0.021939 0.016027 0.0096287
54 0.072019 0.07101 0.070069 0.068769 0.067201 0.065469 0.063575 0.061617 0.059009 0.0564 0.053864 0.051401 0.048937 0.043795 0.038394 0.033034 0.027715 0.022095 0.016075 0.0095526
55 0.071301 0.070356 0.069533 0.068374 0.066963 0.065334 0.063485 0.061576 0.059044 0.056511 0.054094 0.051794 0.049494 0.044261 0.038744 0.033303 0.027938 0.022251 0.016135 0.0095079
56 0.070287 0.069795 0.068989 0.067902 0.066603 0.065069 0.0633 0.061473 0.059049 0.056624 0.054359 0.052253 0.050147 0.044813 0.039167 0.03365 0.028261 0.022504 0.016256 0.0095011
57 0.069499 0.069162 0.068476 0.067478 0.066245 0.064822 0.063208 0.061525 0.059121 0.056718 0.054551 0.052621 0.050691 0.045285 0.039542 0.033955 0.028523 0.022702 0.016364 0.0095118
58 0.068599 0.068531 0.067887 0.067004 0.06594 0.064651 0.063137 0.061547 0.059175 0.056804 0.054738 0.052979 0.05122 0.045762 0.039947 0.0343 0.028822 0.022929 0.016483 0.009544
59 0.067735 0.067584 0.067323 0.066663 0.065703 0.064508 0.063078 0.061567 0.059233 0.056898 0.05493 0.05333 0.05173 0.046227 0.040346 0.034657 0.029159 0.023194 0.016609 0.0095246
60 0.066939 0.066876 0.066681 0.06614 0.065339 0.064292 0.062999 0.06162 0.059355 0.05709 0.055208 0.053708 0.052207 0.046657 0.040715 0.03499 0.029482 0.02346 0.016755 0.0094862
61 0.066278 0.066361 0.066144 0.065682 0.065035 0.064102 0.062883 0.061578 0.059385 0.057192 0.055406 0.054027 0.052648 0.047062 0.041068 0.035311 0.02979 0.023717 0.016907 0.0094248
62 0.065465 0.065835 0.065586 0.065182 0.064661 0.063836 0.062706 0.061494 0.059428 0.057363 0.055694 0.054422 0.05315 0.047524 0.041476 0.03567 0.030107 0.023967 0.017062 0.0093703
63 0.064853 0.065312 0.065026 0.064658 0.06423 0.063534 0.062569 0.06151 0.059485 0.057459 0.055887 0.054767 0.053647 0.047955 0.041822 0.035969 0.030397 0.024218 0.017229 0.0094726
64 0.064154 0.064717 0.064418 0.064136 0.063865 0.063246 0.062278 0.061234 0.059409 0.057584 0.056164 0.055149 0.054133 0.048454 0.042324 0.03644 0.030802 0.024535 0.017429 0.0095291
65 0.063334 0.064206 0.063795 0.063596 0.063555 0.063037 0.062042 0.060989 0.059347 0.057705 0.056432 0.055526 0.054621 0.048931 0.042778 0.036869 0.031206 0.024864 0.017621 0.0095481
66 0.062455 0.063724 0.063214 0.06306 0.063172 0.062751 0.061796 0.060795 0.059306 0.057817 0.056672 0.055872 0.055072 0.049428 0.043315 0.037378 0.031615 0.025164 0.017795 0.0095987
67 0.061842 0.062887 0.062378 0.062328 0.062624 0.062425 0.061731 0.060969 0.059508 0.058048 0.05695 0.056216 0.055482 0.049884 0.043815 0.037856 0.032007 0.025453 0.017963 0.0096343
68 0.060967 0.061798 0.061436 0.061567 0.06207 0.062136 0.061764 0.061294 0.059796 0.058298 0.057233 0.056601 0.055968 0.050384 0.044321 0.038345 0.032456 0.025809 0.018152 0.009603
69 0.060157 0.060803 0.060844 0.061031 0.06133 0.061501 0.061545 0.061458 0.060027 0.058596 0.05761 0.057068 0.056526 0.05091 0.044803 0.038792 0.032879 0.02616 0.018371 0.0095873
70 0.058956 0.059747 0.06027 0.060686 0.061022 0.061267 0.061422 0.061453 0.060196 0.05894 0.058022 0.057443 0.056865 0.051284 0.04522 0.039211 0.033258 0.026479 0.018601 0.0096587
71 0.058161 0.059162 0.059747 0.060226 0.060626 0.060948 0.061194 0.061321 0.060236 0.059152 0.058327 0.057762 0.057198 0.051671 0.045664 0.03965 0.03363 0.02678 0.018824 0.0097216
72 0.057401 0.058483 0.059334 0.059949 0.060387 0.060724 0.06096 0.061094 0.060173 0.059253 0.058542 0.058042 0.057542 0.052062 0.046101 0.040079 0.033995 0.027069 0.019021 0.0097904
73 0.056724 0.057737 0.058839 0.059605 0.060118 0.060502 0.060758 0.060921 0.060116 0.05931 0.058692 0.058263 0.057834 0.052455 0.046597 0.04059 0.034436 0.027409 0.019223 0.0098718
74 0.055885 0.057229 0.058452 0.059272 0.059791 0.060178 0.060432 0.06061 0.059994 0.059377 0.058919 0.058621 0.058323 0.052886 0.046952 0.040957 0.034901 0.027841 0.019447 0.0099315
75 0.055165 0.056343 0.057828 0.058803 0.059397 0.059825 0.060087 0.060284 0.059814 0.059344 0.059077 0.059014 0.058951 0.053507 0.047542 0.041523 0.035448 0.028299 0.019721 0.010027
76 0.054124 0.055401 0.056934 0.058115 0.059031 0.059614 0.059862 0.060059 0.059727 0.059395 0.059284 0.059396 0.059509 0.054128 0.048217 0.04218 0.036018 0.028779 0.020107 0.010121
77 0.053006 0.054575 0.05592 0.057204 0.058443 0.059282 0.059722 0.0601 0.059841 0.059582 0.059616 0.059944 0.060271 0.054776 0.048717 0.042623 0.036493 0.029237 0.020484 0.010165
78 0.052182 0.053598 0.055125 0.056535 0.057859 0.058835 0.059462 0.060031 0.059988 0.059944 0.060065 0.060349 0.060632 0.055226 0.04927 0.043207 0.037037 0.029689 0.020772 0.010192
79 0.051581 0.053015 0.054608 0.056046 0.057366 0.058411 0.05918 0.059896 0.060063 0.060231 0.060436 0.060681 0.060925 0.055613 0.049764 0.04368 0.037361 0.029923 0.020997 0.010223
80 0.050956 0.052759 0.054234 0.055594 0.056868 0.058009 0.059019 0.059954 0.060106 0.060258 0.060512 0.060868 0.061224 0.055934 0.050097 0.044025 0.037719 0.030265 0.021285 0.010315
81 0.050206 0.052267 0.053653 0.055048 0.056451 0.057705 0.058812 0.05984 0.060064 0.060287 0.060634 0.061105 0.061575 0.056306 0.050482 0.044479 0.038298 0.030815 0.021602 0.010371
82 0.04923 0.051604 0.052869 0.054372 0.056053 0.057462 0.058597 0.059673 0.060124 0.060575 0.06097 0.061307 0.061645 0.05661 0.051055 0.045163 0.038934 0.031324 0.021876 0.010557
83 0.048414 0.050738 0.05185 0.053409 0.055304 0.056989 0.058464 0.059854 0.060357 0.06086 0.061266 0.061575 0.061884 0.057073 0.051768 0.045953 0.039629 0.031858 0.022163 0.010594
84 0.047533 0.049791 0.051186 0.052822 0.054638 0.056487 0.058368 0.060117 0.06049 0.060863 0.061241 0.061625 0.062009 0.057509 0.052537 0.046799 0.040295 0.0324 0.022652 0.010637
85 0.046629 0.049097 0.050783 0.05239 0.053937 0.055883 0.058229 0.060376 0.060451 0.060527 0.060893 0.061549 0.062205 0.058029 0.053386 0.047724 0.041044 0.032978 0.023068 0.010821
86 0.045623 0.048363 0.050365 0.052036 0.053459 0.05546 0.058039 0.06039 0.06038 0.06037 0.060753 0.06153 0.062306 0.058448 0.054142 0.048512 0.041558 0.033418 0.023697 0.01115
87 0.044746 0.047322 0.049826 0.051701 0.053104 0.055202 0.057995 0.060536 0.060468 0.0604 0.060734 0.06147 0.062207 0.05868 0.054741 0.049185 0.042012 0.033864 0.024418 0.011389
88 0.043583 0.046486 0.049023 0.051046 0.052683 0.055027 0.058076 0.060832 0.06055 0.060268 0.060525 0.061321 0.062116 0.058966 0.055434 0.050059 0.042841 0.034592 0.024969 0.011603
89 0.042196 0.045469 0.047907 0.050258 0.052542 0.055136 0.058042 0.060668 0.060396 0.060123 0.060379 0.061162 0.061945 0.059324 0.056375 0.051208 0.043825 0.035384 0.025535 0.012126
90 0.041551 0.044423 0.046938 0.04955 0.052236 0.05513 0.058232 0.061017 0.060519 0.060022 0.060136 0.060862 0.061587 0.05948 0.057098 0.052141 0.044608 0.036063 0.026171 0.012234
91 0.040855 0.044067 0.046616 0.049292 0.052062 0.0552 0.058707 0.061787 0.060459 0.059131 0.059055 0.060232 0.061409 0.059627 0.057559 0.052769 0.045256 0.036717 0.026811 0.012387
92 0.040281 0.043615 0.046181 0.048984 0.051963 0.055227 0.058776 0.06187 0.060256 0.058643 0.058489 0.059794 0.0611 0.059692 0.058022 0.053429 0.045913 0.037393 0.027536 0.012835
93 0.040058 0.043393 0.045759 0.048626 0.05187 0.055219 0.058674 0.061673 0.059957 0.05824 0.058095 0.059522 0.060949 0.059797 0.058395 0.053946 0.046448 0.037939 0.028085 0.013353
94 0.03961 0.043062 0.045026 0.04795 0.051593 0.055285 0.059028 0.062244 0.060024 0.057803 0.057551 0.059266 0.060982 0.060165 0.059102 0.054631 0.04675 0.038083 0.028371 0.013475
95 0.038554 0.042062 0.044094 0.047261 0.051279 0.055293 0.059301 0.062728 0.060141 0.057555 0.057186 0.059035 0.060885 0.060439 0.05977 0.055513 0.047665 0.03883 0.028681 0.013729
96 0.037654 0.041092 0.043216 0.046571 0.05085 0.055349 0.060069 0.064073 0.060659 0.057246 0.056455 0.058284 0.060113 0.060293 0.060313 0.056394 0.048536 0.039632 0.029334 0.013869
97 0.037352 0.04095 0.043234 0.04646 0.050394 0.054861 0.059861 0.064079 0.060219 0.056358 0.055582 0.05789 0.060198 0.060566 0.060747 0.057021 0.049388 0.040571 0.030179 0.01409
98 0.036859 0.040636 0.043072 0.046096 0.04956 0.054115 0.059759 0.064515 0.060081 0.055646 0.054747 0.057384 0.06002 0.06094 0.061695 0.058098 0.050151 0.041205 0.03093 0.014492
99 0.036295 0.040201 0.043059 0.046082 0.04923 0.053832 0.059886 0.06498 0.060142 0.055304 0.05425 0.056981 0.059711 0.06105 0.062254 0.058675 0.050313 0.041349 0.031583 0.014824
100 0.035905 0.039781 0.042824 0.045862 0.048896 0.053585 0.059929 0.065298 0.060587 0.055875 0.054693 0.057042 0.05939 0.060933 0.062397 0.058714 0.049883 0.040913 0.031757 0.015737
101 0.035894 0.040329 0.043753 0.046391 0.048439 0.052983 0.060025 0.065957 0.060416 0.054875 0.053542 0.056418 0.059294 0.061043 0.062684 0.059003 0.050001 0.041026 0.032085 0.015843
102 0.035725 0.041091 0.044571 0.046925 0.048433 0.052797 0.060016 0.066049 0.059806 0.053563 0.052173 0.055636 0.059098 0.060965 0.062677 0.059153 0.050394 0.041497 0.032415 0.017016
103 0.036117 0.04149 0.045095 0.046968 0.047541 0.051672 0.059359 0.065776 0.059063 0.05235 0.051128 0.055396 0.059664 0.061181 0.062431 0.059159 0.051364 0.042972 0.033785 0.017489
104 0.036067 0.042173 0.04598 0.047657 0.047734 0.051841 0.059977 0.06675 0.059434 0.052117 0.050488 0.054545 0.058601 0.060449 0.062084 0.058981 0.051139 0.042639 0.03326 0.018084
105 0.036221 0.044108 0.047264 0.048523 0.048357 0.052309 0.060379 0.067083 0.059661 0.052239 0.049976 0.052872 0.055769 0.058836 0.06192 0.059592 0.051853 0.042863 0.032206 0.017968
106 0.035427 0.044071 0.047798 0.049105 0.048595 0.052291 0.060192 0.066779 0.059782 0.052785 0.050472 0.052844 0.055216 0.058345 0.061548 0.059509 0.052228 0.043257 0.032034 0.017721
107 0.033959 0.043729 0.047998 0.049486 0.048884 0.052641 0.060755 0.067518 0.060307 0.053096 0.050617 0.052869 0.055121 0.058166 0.061288 0.059172 0.051818 0.043038 0.032359 0.017178
108 0.033156 0.043742 0.048266 0.05062 0.051345 0.055238 0.062302 0.068072 0.060481 0.052889 0.049886 0.051472 0.053057 0.05702 0.061213 0.059358 0.051455 0.042441 0.031946 0.016041
109 0.032211 0.0437 0.049007 0.052046 0.05338 0.057121 0.063268 0.068169 0.060187 0.052205 0.049054 0.050735 0.052415 0.056163 0.060112 0.058544 0.05146 0.042761 0.031911 0.015552
110 0.030573 0.043404 0.050668 0.053935 0.054202 0.057357 0.063401 0.0682 0.060129 0.052059 0.048966 0.050851 0.052736 0.055184 0.057687 0.056378 0.051258 0.043943 0.033707 0.015362
111 0.029375 0.043535 0.052839 0.05658 0.056142 0.058506 0.063671 0.067664 0.059533 0.051403 0.048103 0.049634 0.051165 0.053499 0.05591 0.055028 0.050855 0.04487 0.036474 0.015215
112 0.030284 0.044948 0.053796 0.057992 0.058693 0.060686 0.063972 0.066264 0.058289 0.050313 0.046764 0.047642 0.04852 0.051556 0.0548 0.054492 0.050632 0.045779 0.039603 0.014975
113 0.028605 0.044561 0.054226 0.059822 0.062362 0.064049 0.064885 0.064955 0.05712 0.049285 0.045415 0.04551 0.045604 0.049505 0.053773 0.054155 0.050652 0.047137 0.043608 0.01477
114 0.026527 0.044085 0.05476 0.06209 0.066906 0.068215 0.066016 0.063335 0.055674 0.048013 0.043744 0.042868 0.041992 0.046963 0.052499 0.053737 0.050675 0.048818 0.048567 0.014516
115 0.023889 0.043481 0.05544 0.064972 0.072681 0.073509 0.067454 0.061277 0.053836 0.046396 0.04162 0.039511 0.037401 0.043732 0.05088 0.053203 0.050702 0.050953 0.054868 0.014192
