1 0 0 0 0 0 0 0 0 0 0 0 0 0 0 0 0 0 0 0 0
2 0 0 0 0 0 0 0 0 0 0 0 0 0 0 0 0 0 0 0 0
3 0 0 0 0 0 0 0 0 0 0 0 0 0 0 0 0 0 0 0 0
4 0 0 0 0 0 0 0 0 0 0 0 0 0 0 0 0 0 0 0 0
5 0 0 0 0 0 0 0 0 0 0 0 0 0 0 0 0 0 0 0 0
6 0 0 0 0 0 0 0 0 0 0 0 0 0 0 0 0 0 0 0 0
7 0 0 0 0 0 0 0 0 0 0 0 0 0 0 0 0 0 0 0 0
8 0 0 0 0 0 0 0 0 0 0 0 0 0 0 0 0 0 0 0 0
9 0 0 0 0 0 0 0 0 0 0 0 0 0 0 0 0 0 0 0 0
10 0 0 0 0 0 0 0 0 0 0 0 0 0 0 0 0 0 0 0 0
11 0 0 0 0 0 0 0 0 0 0 0 0 0 0 0 0 0 0 0 0
12 0 0 0 0 0 0 0 0 0 0 0 0 0 0 0 0 0 0 0 0
13 0 0 0 0 0 0 0 0 0 0 0 0 0 0 0 0 0 0 0 0
14 0 0 0 0 0 0 0 0 0 0 0 0 0 0 0 0 0 0 0 0
15 0 0 0 0 0 0 0 0 0 0 0 0 0 0 0 0 0 0 0 0
16 0 0 0 0 0 0 0 0 0 0 0 0 0 0 0 0 0 0 0 0
17 0 0 0 0 0 0 0 0 0 0 0 0 0 0 0 0 0 0 0 0
18 0 0 0 0 0 0 0 0 0 0 0 0 0 0 0 0 0 0 0 0
19 0 0 0 0 0 0 0 0 0 0 0 0 0 0 0 0 0 0 0 0
20 0 0 0 0 0 0 0 0 0 0 0 0 0 0 0 0 0 0 0 0
21 0 0 0 0 0 0 0 0 0 0 0 0 0 0 0 0 0 0 0 0
22 0 0 0 0 0 0 0 0 0 0 0 0 0 0 0 0 0 0 0 0
23 0 0 0 0 0 0 0 0 0 0 0 0 0 0 0 0 0 0 0 0
24 0 0 0 0 0 0 0 0 0 0 0 0 0 0 0 0 0 0 0 0
25 0.068144 0.058786 0.056069 0.055035 0.055264 0.055748 0.056488 0.05708 0.056137 0.055194 0.05362 0.051415 0.049209 0.046857 0.044491 0.041916 0.039131 0.037006 0.035759 0.026653
26 0.068963 0.0607 0.057069 0.055823 0.056368 0.056843 0.057248 0.057525 0.056475 0.055426 0.053594 0.050979 0.048364 0.045847 0.04334 0.040836 0.038336 0.036079 0.034144 0.026044
27 0.074084 0.068707 0.065687 0.063481 0.061887 0.060384 0.058972 0.057442 0.054684 0.051926 0.049122 0.046271 0.04342 0.041084 0.038799 0.037063 0.035877 0.033508 0.029564 0.028037
28 0.076341 0.071937 0.068922 0.066371 0.064168 0.06164 0.058785 0.055959 0.053426 0.050893 0.04823 0.045436 0.042642 0.040353 0.038113 0.035948 0.033857 0.031443 0.028596 0.026939
29 0.07536 0.073043 0.07012 0.067032 0.06382 0.060964 0.058463 0.055949 0.053304 0.05066 0.048106 0.04564 0.043175 0.040807 0.038448 0.035978 0.033398 0.030885 0.02846 0.026387
30 0.075841 0.072878 0.070197 0.067253 0.064111 0.061172 0.058434 0.055718 0.053234 0.05075 0.048226 0.045663 0.043101 0.040614 0.038134 0.035716 0.033358 0.030972 0.028549 0.02608
31 0.077295 0.073945 0.070772 0.067639 0.064534 0.061547 0.058679 0.055826 0.053144 0.050462 0.047805 0.045173 0.042541 0.0401 0.037676 0.035276 0.032899 0.030557 0.028262 0.025868
32 0.077841 0.074482 0.071172 0.068127 0.065282 0.062273 0.0591 0.055963 0.053199 0.050435 0.047678 0.044927 0.042176 0.039687 0.037223 0.03476 0.032299 0.029968 0.027808 0.025598
33 0.078722 0.075415 0.071803 0.068426 0.065226 0.062147 0.059189 0.056237 0.053334 0.050431 0.047608 0.044865 0.042123 0.039476 0.036839 0.034304 0.031872 0.029528 0.027301 0.025157
34 0.07901 0.075646 0.072404 0.069154 0.065898 0.062669 0.059466 0.056285 0.053322 0.050359 0.047477 0.044675 0.041874 0.039196 0.036531 0.033971 0.031518 0.029123 0.026805 0.024619
35 0.07983 0.076373 0.072904 0.069506 0.066163 0.062861 0.0596 0.05636 0.053326 0.050293 0.047368 0.044551 0.041734 0.038972 0.036216 0.033594 0.031106 0.028688 0.026367 0.024187
36 0.080447 0.076943 0.07335 0.069842 0.066399 0.063047 0.059786 0.056537 0.053411 0.050284 0.047275 0.044382 0.04149 0.038714 0.03595 0.033307 0.030786 0.028321 0.02593 0.023801
37 0.080906 0.077374 0.073784 0.070223 0.066683 0.063267 0.059976 0.056692 0.053487 0.050281 0.047203 0.044255 0.041307 0.038507 0.035721 0.033039 0.030462 0.027949 0.025521 0.023364
38 0.081338 0.077765 0.074184 0.070589 0.066985 0.063501 0.060138 0.056786 0.05354 0.050294 0.047177 0.044187 0.041197 0.038343 0.035502 0.032761 0.03012 0.02757 0.025139 0.022884
39 0.081885 0.078236 0.074516 0.070855 0.06724 0.063714 0.060278 0.056858 0.053607 0.050355 0.047196 0.04413 0.041064 0.038154 0.03526 0.032471 0.029787 0.027207 0.024763 0.022422
40 0.091644 0.086991 0.08229 0.077661 0.073086 0.068525 0.063977 0.059451 0.055155 0.050858 0.046631 0.042472 0.038313 0.034366 0.030438 0.026646 0.02299 0.019483 0.016175 0.012846
41 0.092193 0.087383 0.082711 0.078055 0.073411 0.068769 0.064129 0.059514 0.055159 0.050804 0.04653 0.042336 0.038142 0.034172 0.030224 0.026398 0.022694 0.019145 0.015802 0.012428
42 0.092656 0.08777 0.083031 0.078338 0.07368 0.06903 0.064387 0.059758 0.055281 0.050804 0.046451 0.042222 0.037993 0.033993 0.030016 0.026146 0.022383 0.018757 0.015313 0.01199
43 0.09302 0.08813 0.083325 0.078589 0.073904 0.069241 0.064599 0.059964 0.055394 0.050824 0.046404 0.042135 0.037865 0.033837 0.029832 0.025921 0.022105 0.018416 0.014893 0.011602
44 0.093413 0.088542 0.083642 0.078816 0.074045 0.069352 0.064738 0.060125 0.055514 0.050903 0.046427 0.042087 0.037747 0.033682 0.029644 0.02569 0.021821 0.018081 0.014514 0.011218
45 0.093654 0.088911 0.083961 0.07907 0.074222 0.069486 0.064863 0.060239 0.055606 0.050973 0.046455 0.042053 0.03765 0.033542 0.029461 0.025466 0.021558 0.017781 0.014179 0.010869
46 0.094252 0.089116 0.084239 0.079345 0.074439 0.069633 0.064929 0.060232 0.055622 0.051012 0.04648 0.042026 0.037572 0.033402 0.029258 0.025224 0.021299 0.017503 0.013878 0.010538
47 0.094338 0.089355 0.084492 0.079596 0.074674 0.069822 0.06504 0.060274 0.055673 0.051071 0.04652 0.042019 0.037518 0.033308 0.029125 0.025051 0.021085 0.017246 0.013576 0.010216
48 0.094495 0.08954 0.084606 0.07972 0.074869 0.070018 0.065167 0.060338 0.055733 0.051129 0.046557 0.042017 0.037477 0.033254 0.029061 0.024947 0.020912 0.017003 0.013263 0.0098942
49 0.094605 0.089709 0.084748 0.079855 0.075011 0.070154 0.065284 0.060435 0.055811 0.051186 0.046593 0.042032 0.037471 0.033207 0.028971 0.024814 0.020737 0.016785 0.013 0.0095925
50 0.094664 0.089786 0.08487 0.079966 0.075069 0.070208 0.065383 0.060574 0.055916 0.051258 0.046648 0.042085 0.037522 0.033191 0.028883 0.02468 0.020581 0.016605 0.012792 0.0093195
51 0.094957 0.08989 0.084975 0.080066 0.07516 0.070299 0.065482 0.060676 0.05599 0.051304 0.046671 0.042091 0.037512 0.033137 0.028781 0.024542 0.02042 0.016418 0.012578 0.009051
52 0.095008 0.089984 0.085042 0.080146 0.075283 0.070434 0.065601 0.060779 0.056071 0.051364 0.046709 0.042105 0.037502 0.033095 0.028708 0.024438 0.020286 0.016255 0.012386 0.0088053
53 0.095006 0.090022 0.085093 0.080203 0.075342 0.070506 0.065697 0.060893 0.056152 0.051411 0.046741 0.04214 0.037539 0.033104 0.028685 0.024377 0.02018 0.016106 0.012198 0.0086041
54 0.094883 0.089994 0.085114 0.080236 0.075358 0.07054 0.065783 0.061024 0.056246 0.051469 0.046787 0.042202 0.037616 0.033154 0.028703 0.024352 0.020102 0.015979 0.012028 0.0084299
55 0.09483 0.089931 0.085084 0.080244 0.075409 0.070617 0.065868 0.061116 0.056338 0.051559 0.04687 0.042271 0.037672 0.033174 0.028685 0.024302 0.020023 0.015868 0.011879 0.0082616
56 0.094628 0.089812 0.085002 0.080223 0.075467 0.070712 0.06596 0.061206 0.056443 0.05168 0.046988 0.042368 0.037748 0.033212 0.028684 0.024268 0.019966 0.015779 0.011748 0.0081077
57 0.094572 0.089723 0.084983 0.080238 0.075491 0.070752 0.066022 0.06129 0.056536 0.051782 0.047079 0.042426 0.037774 0.033214 0.028663 0.024238 0.019939 0.015724 0.011619 0.0079339
58 0.094359 0.0896 0.084952 0.080246 0.075497 0.070776 0.066083 0.061386 0.056645 0.051903 0.047189 0.042505 0.03782 0.033238 0.028667 0.024233 0.019937 0.015689 0.011504 0.0077703
59 0.094293 0.089494 0.084884 0.080217 0.075507 0.070814 0.066139 0.061459 0.056723 0.051987 0.04727 0.042573 0.037876 0.03328 0.028694 0.024235 0.019903 0.01562 0.011405 0.0076254
60 0.09398 0.089371 0.084798 0.080178 0.075523 0.070869 0.066215 0.061554 0.056825 0.052097 0.047377 0.042667 0.037956 0.033344 0.028741 0.024254 0.019882 0.015564 0.011318 0.0074874
61 0.0938 0.08917 0.084694 0.080143 0.075537 0.070906 0.066252 0.061593 0.056878 0.052163 0.047454 0.042752 0.038049 0.033425 0.028809 0.024294 0.019882 0.015537 0.011283 0.007379
62 0.093453 0.088968 0.084606 0.080132 0.075575 0.070968 0.066311 0.06165 0.056949 0.052248 0.047547 0.042848 0.038148 0.033509 0.028876 0.024333 0.019881 0.015506 0.011233 0.0072609
63 0.09326 0.088777 0.084454 0.080037 0.075551 0.070979 0.066321 0.061665 0.057014 0.052363 0.047683 0.042974 0.038264 0.03361 0.028962 0.024394 0.019908 0.015489 0.011162 0.0071334
64 0.092874 0.088624 0.084338 0.079974 0.075552 0.071014 0.066359 0.061708 0.057095 0.052481 0.047814 0.043095 0.038376 0.033709 0.029047 0.024453 0.019927 0.015465 0.011089 0.0070044
65 0.092673 0.088399 0.084167 0.079849 0.075466 0.070987 0.066412 0.061832 0.057204 0.052576 0.047908 0.043199 0.038491 0.033821 0.029156 0.024533 0.019955 0.015447 0.011036 0.0068886
66 0.092345 0.088205 0.084015 0.079735 0.075388 0.070965 0.066467 0.061957 0.057322 0.052687 0.048016 0.043309 0.038602 0.033927 0.029255 0.02461 0.019992 0.015442 0.010984 0.0067786
67 0.092087 0.087966 0.083784 0.079538 0.075245 0.070894 0.066483 0.062055 0.057449 0.052842 0.048177 0.043455 0.038732 0.034045 0.029362 0.024702 0.020067 0.015478 0.010952 0.0066873
68 0.091769 0.087775 0.083617 0.079407 0.075158 0.070861 0.066516 0.062149 0.05756 0.052971 0.048309 0.043574 0.038839 0.034145 0.029454 0.02478 0.020123 0.015497 0.010911 0.0065842
69 0.091388 0.087538 0.08351 0.07937 0.075148 0.070875 0.066552 0.062206 0.057627 0.053049 0.048396 0.043668 0.038941 0.034246 0.029555 0.024868 0.020184 0.015519 0.010879 0.0064799
70 0.090951 0.087271 0.083347 0.07927 0.075078 0.070834 0.066539 0.062222 0.057687 0.053151 0.04852 0.043794 0.039068 0.034373 0.029682 0.024984 0.02028 0.015583 0.010898 0.0064675
71 0.090552 0.086944 0.083061 0.079032 0.074895 0.070704 0.06646 0.062198 0.057755 0.053311 0.048721 0.043985 0.039248 0.03455 0.029855 0.025145 0.020418 0.01569 0.01096 0.0065159
72 0.090056 0.086615 0.082792 0.078827 0.074756 0.070629 0.066446 0.062245 0.057853 0.053461 0.048899 0.044169 0.039439 0.034732 0.030028 0.025286 0.020508 0.015747 0.011009 0.0065007
73 0.089638 0.086151 0.082448 0.078592 0.07462 0.070583 0.066482 0.062356 0.057977 0.053597 0.049057 0.044354 0.039651 0.034935 0.030218 0.025435 0.020588 0.015791 0.011062 0.0064653
74 0.089315 0.085742 0.082145 0.078388 0.074509 0.070548 0.066504 0.062431 0.05806 0.053689 0.049168 0.044499 0.039829 0.035107 0.03038 0.025584 0.020718 0.01588 0.011078 0.006427
75 0.088822 0.085414 0.081896 0.07822 0.074426 0.070525 0.066518 0.062479 0.058118 0.053757 0.049262 0.044633 0.040004 0.035281 0.030548 0.025747 0.020878 0.015994 0.01109 0.0063879
76 0.088319 0.085096 0.081667 0.078077 0.074367 0.070533 0.066574 0.06258 0.058204 0.053829 0.049353 0.044777 0.040201 0.035462 0.030707 0.025867 0.020943 0.016014 0.011079 0.006354
77 0.08794 0.084706 0.081388 0.077899 0.074281 0.070527 0.066635 0.062698 0.058298 0.053898 0.049442 0.044929 0.040417 0.03566 0.030879 0.025993 0.021001 0.016024 0.011067 0.0063179
78 0.087397 0.084295 0.081131 0.077722 0.074129 0.070428 0.066619 0.062762 0.058395 0.054029 0.049607 0.045129 0.040652 0.035876 0.031071 0.026163 0.02115 0.016126 0.011086 0.0062326
79 0.086833 0.0839 0.080918 0.077569 0.073943 0.070274 0.066564 0.0628 0.058488 0.054177 0.049797 0.045347 0.040898 0.036101 0.03127 0.026339 0.021306 0.016231 0.011102 0.0061452
80 0.086352 0.083502 0.080576 0.077295 0.073747 0.070159 0.066529 0.062846 0.058616 0.054387 0.050047 0.045597 0.041147 0.036316 0.031449 0.026487 0.021432 0.016311 0.011103 0.0061015
81 0.08603 0.083114 0.080153 0.076935 0.073525 0.070044 0.066493 0.062889 0.058746 0.054602 0.050303 0.045849 0.041395 0.03653 0.031626 0.026635 0.021557 0.016395 0.011119 0.0060592
82 0.08557 0.082576 0.07971 0.076628 0.073385 0.070001 0.066476 0.062905 0.058852 0.054798 0.050547 0.046099 0.041651 0.036761 0.031828 0.026801 0.02168 0.016489 0.011204 0.0060401
83 0.084742 0.081973 0.079261 0.076347 0.07328 0.06999 0.066476 0.062924 0.058967 0.05501 0.050811 0.04637 0.041929 0.037021 0.032069 0.027011 0.021849 0.016618 0.011296 0.0060558
84 0.084295 0.081476 0.078815 0.075954 0.072944 0.069758 0.066398 0.062992 0.059107 0.055223 0.051052 0.046594 0.042136 0.037259 0.03234 0.027283 0.022087 0.016792 0.011363 0.0061302
85 0.083456 0.081073 0.078403 0.075553 0.072566 0.069483 0.066304 0.063069 0.05926 0.055451 0.051316 0.046856 0.042396 0.037546 0.032658 0.027595 0.022356 0.016994 0.01147 0.0061949
86 0.08256 0.080553 0.077947 0.075235 0.072442 0.069473 0.066328 0.063125 0.059335 0.055545 0.051456 0.04707 0.042684 0.037843 0.032957 0.027871 0.022584 0.017173 0.011597 0.0062205
87 0.081926 0.079965 0.07743 0.07487 0.072292 0.069446 0.066333 0.063162 0.059405 0.055647 0.051613 0.047302 0.04299 0.038148 0.033253 0.028139 0.022804 0.017347 0.011727 0.006201
88 0.081079 0.079608 0.0772 0.074676 0.072066 0.06925 0.066229 0.063151 0.059493 0.055834 0.051862 0.047577 0.043292 0.038421 0.033492 0.028343 0.022973 0.017486 0.011843 0.0061253
89 0.080029 0.079244 0.076959 0.074467 0.07182 0.069039 0.066124 0.063153 0.059594 0.056035 0.052119 0.047846 0.043574 0.03871 0.033789 0.028612 0.023178 0.017636 0.011949 0.0061252
90 0.079833 0.078789 0.076608 0.074228 0.071699 0.068986 0.066088 0.063136 0.059628 0.056119 0.052224 0.047941 0.043659 0.038877 0.034047 0.028872 0.023353 0.017743 0.012011 0.0061555
91 0.079682 0.078175 0.076116 0.073883 0.071519 0.06891 0.066055 0.063149 0.059701 0.056253 0.052399 0.04814 0.04388 0.039101 0.034272 0.029074 0.023506 0.017865 0.012124 0.0061985
92 0.079161 0.077917 0.075645 0.073482 0.0714 0.06895 0.066133 0.063261 0.059832 0.056403 0.052583 0.048373 0.044162 0.039294 0.034362 0.029116 0.023554 0.01793 0.01222 0.0062247
93 0.079082 0.077408 0.074995 0.072918 0.071095 0.06881 0.066065 0.063265 0.059903 0.05654 0.052781 0.048623 0.044466 0.039562 0.034586 0.029322 0.023768 0.018131 0.012385 0.0062951
94 0.077798 0.076665 0.074801 0.072849 0.070832 0.068519 0.06591 0.063246 0.060001 0.056757 0.053069 0.048939 0.044808 0.039892 0.034899 0.029621 0.024059 0.018388 0.012572 0.0063733
95 0.077081 0.075683 0.074471 0.072752 0.070652 0.068355 0.065861 0.063305 0.060101 0.056896 0.053252 0.049168 0.045084 0.040201 0.035242 0.029977 0.024405 0.018637 0.012609 0.0062702
96 0.076496 0.075526 0.074233 0.072615 0.070752 0.068541 0.065983 0.06336 0.060066 0.056772 0.053128 0.049133 0.045137 0.040341 0.035468 0.030251 0.024691 0.018829 0.012564 0.0061152
97 0.075286 0.075044 0.07373 0.072251 0.070646 0.068549 0.065959 0.063313 0.060077 0.056841 0.053276 0.04938 0.045485 0.040701 0.03583 0.030567 0.024911 0.019019 0.012814 0.0063207
98 0.074592 0.074335 0.073217 0.071904 0.070445 0.068414 0.06581 0.063164 0.060089 0.057013 0.053558 0.049723 0.045887 0.041069 0.036155 0.030817 0.025053 0.019149 0.013058 0.0065487
99 0.073607 0.073321 0.07233 0.071219 0.070018 0.068155 0.065628 0.063069 0.060175 0.057281 0.053933 0.050132 0.046331 0.041514 0.0366 0.031252 0.025469 0.019559 0.013478 0.0069305
100 0.07246 0.072794 0.07149 0.070451 0.069613 0.067979 0.065551 0.063093 0.060334 0.057575 0.054294 0.050491 0.046687 0.041876 0.036967 0.031615 0.02582 0.019896 0.0138 0.0072153
101 0.071971 0.072504 0.070993 0.069995 0.069383 0.067921 0.06561 0.06326 0.060506 0.057753 0.054494 0.050731 0.046968 0.042057 0.037036 0.031712 0.026086 0.020137 0.013759 0.0071254
102 0.07213 0.072294 0.070828 0.069795 0.069088 0.067657 0.065503 0.063293 0.0605 0.057708 0.054478 0.050811 0.047144 0.04218 0.03709 0.031812 0.026345 0.020414 0.013863 0.0070699
103 0.071904 0.07155 0.070015 0.069055 0.068525 0.067302 0.065385 0.063392 0.060611 0.057831 0.054641 0.051041 0.047441 0.042609 0.037657 0.032311 0.026569 0.020629 0.014424 0.0071052
104 0.071628 0.070993 0.069075 0.068194 0.068092 0.067178 0.065453 0.063631 0.060804 0.057977 0.054781 0.051216 0.04765 0.042941 0.038122 0.03275 0.026825 0.020818 0.014701 0.0071693
105 0.07108 0.070523 0.068406 0.067534 0.067596 0.066822 0.06521 0.063522 0.061044 0.058566 0.05548 0.051787 0.048093 0.043225 0.038242 0.032895 0.027181 0.021077 0.014451 0.007265
106 0.070632 0.070469 0.068216 0.067163 0.067009 0.066158 0.064611 0.063023 0.061019 0.059014 0.056091 0.052248 0.048405 0.043441 0.038368 0.03309 0.027606 0.021475 0.014482 0.0074819
107 0.070633 0.069681 0.067504 0.066453 0.066249 0.065478 0.064141 0.062761 0.060949 0.059136 0.056345 0.052574 0.048803 0.043875 0.038835 0.033615 0.028215 0.022054 0.01488 0.0078224
108 0.070599 0.068563 0.066681 0.065759 0.065557 0.064889 0.063754 0.062573 0.060913 0.059254 0.056594 0.052933 0.049273 0.044359 0.039323 0.03414 0.02881 0.02263 0.015319 0.0080763
109 0.07025 0.067765 0.066053 0.065173 0.06492 0.064428 0.063699 0.062884 0.061177 0.059469 0.056822 0.053236 0.04965 0.044652 0.039518 0.034337 0.029111 0.022986 0.015664 0.0082043
110 0.069879 0.067662 0.065769 0.064689 0.06422 0.063828 0.063516 0.063072 0.061272 0.059472 0.056839 0.053373 0.049907 0.044976 0.039904 0.034699 0.029361 0.023211 0.015977 0.0083733
111 0.069332 0.067244 0.065699 0.064497 0.063553 0.063013 0.062879 0.062617 0.061036 0.059456 0.05699 0.053638 0.050287 0.045598 0.04078 0.035476 0.029685 0.023351 0.016294 0.0085743
112 0.06912 0.066422 0.065619 0.064333 0.062685 0.061893 0.061959 0.061907 0.060637 0.059367 0.057166 0.054035 0.050903 0.046287 0.041528 0.036181 0.030247 0.023872 0.016913 0.0089281
113 0.068881 0.065365 0.064573 0.063308 0.061686 0.061173 0.06177 0.062194 0.060829 0.059465 0.057364 0.054527 0.05169 0.046867 0.041853 0.036461 0.030693 0.024448 0.017568 0.0092855
114 0.068477 0.064356 0.063108 0.061783 0.0604 0.06029 0.061454 0.062391 0.060979 0.059566 0.057597 0.055069 0.052542 0.047684 0.042601 0.037204 0.031493 0.025202 0.01814 0.0096642
115 0.067914 0.063749 0.06248 0.061469 0.06065 0.060609 0.061346 0.061896 0.060528 0.059159 0.057328 0.055034 0.05274 0.04803 0.043088 0.037769 0.032075 0.025719 0.018479 0.0099378
