1 0 0 0 0 0 0 0 0 0 0 0 0 0 0 0 0 0 0 0 0
2 0 0 0 0 0 0 0 0 0 0 0 0 0 0 0 0 0 0 0 0
3 0 0 0 0 0 0 0 0 0 0 0 0 0 0 0 0 0 0 0 0
4 0 0 0 0 0 0 0 0 0 0 0 0 0 0 0 0 0 0 0 0
5 0 0 0 0 0 0 0 0 0 0 0 0 0 0 0 0 0 0 0 0
6 0 0 0 0 0 0 0 0 0 0 0 0 0 0 0 0 0 0 0 0
7 0 0 0 0 0 0 0 0 0 0 0 0 0 0 0 0 0 0 0 0
8 0 0 0 0 0 0 0 0 0 0 0 0 0 0 0 0 0 0 0 0
9 0 0 0 0 0 0 0 0 0 0 0 0 0 0 0 0 0 0 0 0
10 0 0 0 0 0 0 0 0 0 0 0 0 0 0 0 0 0 0 0 0
11 0 0 0 0 0 0 0 0 0 0 0 0 0 0 0 0 0 0 0 0
12 0 0 0 0 0 0 0 0 0 0 0 0 0 0 0 0 0 0 0 0
13 0 0 0 0 0 0 0 0 0 0 0 0 0 0 0 0 0 0 0 0
14 0 0 0 0 0 0 0 0 0 0 0 0 0 0 0 0 0 0 0 0
15 0 0 0 0 0 0 0 0 0 0 0 0 0 0 0 0 0 0 0 0
16 0 0 0 0 0 0 0 0 0 0 0 0 0 0 0 0 0 0 0 0
17 0 0 0 0 0 0 0 0 0 0 0 0 0 0 0 0 0 0 0 0
18 0 0 0 0 0 0 0 0 0 0 0 0 0 0 0 0 0 0 0 0
19 0 0 0 0 0 0 0 0 0 0 0 0 0 0 0 0 0 0 0 0
20 0 0 0 0 0 0 0 0 0 0 0 0 0 0 0 0 0 0 0 0
21 0 0 0 0 0 0 0 0 0 0 0 0 0 0 0 0 0 0 0 0
22 0 0 0 0 0 0 0 0 0 0 0 0 0 0 0 0 0 0 0 0
23 0 0 0 0 0 0 0 0 0 0 0 0 0 0 0 0 0 0 0 0
24 0.069212 0.059596 0.056737 0.055583 0.055711 0.056095 0.056734 0.057225 0.05618 0.055134 0.053466 0.051177 0.048887 0.046472 0.044044 0.04142 0.038599 0.036434 0.035143 0.02615
25 0.070384 0.062494 0.059265 0.057853 0.057806 0.057777 0.057767 0.057626 0.056127 0.054629 0.052527 0.049821 0.047115 0.044497 0.041887 0.039612 0.037673 0.035468 0.032909 0.026764
26 0.073871 0.068809 0.066149 0.064258 0.062944 0.061372 0.059543 0.057598 0.054462 0.051326 0.048393 0.045662 0.042932 0.040681 0.038477 0.036787 0.035613 0.033359 0.029668 0.028097
27 0.076181 0.072087 0.069348 0.06673 0.064203 0.061545 0.058756 0.055986 0.053405 0.050825 0.048183 0.045481 0.042779 0.040415 0.038083 0.035834 0.033668 0.03124 0.028463 0.026787
28 0.075428 0.073083 0.070028 0.066964 0.063894 0.06106 0.058462 0.055865 0.053284 0.050703 0.048175 0.045699 0.043222 0.040811 0.038405 0.035942 0.03342 0.030904 0.028395 0.026258
29 0.076162 0.073021 0.070274 0.067302 0.064161 0.061213 0.058459 0.055726 0.053203 0.050681 0.048139 0.045578 0.043017 0.040532 0.038054 0.035646 0.03331 0.030944 0.02854 0.026037
30 0.077379 0.074013 0.07084 0.067731 0.064671 0.061678 0.058754 0.055848 0.053142 0.050437 0.047759 0.045111 0.042462 0.04003 0.037618 0.03521 0.032805 0.030463 0.028204 0.025844
31 0.078004 0.074647 0.071276 0.068167 0.065254 0.062236 0.059111 0.056015 0.053226 0.050437 0.047668 0.04492 0.042173 0.039653 0.037156 0.034681 0.032226 0.029895 0.027727 0.025529
32 0.078775 0.075457 0.071907 0.068551 0.06534 0.062235 0.059236 0.056245 0.053331 0.050418 0.047585 0.044832 0.04208 0.039428 0.036786 0.034246 0.03181 0.029458 0.027216 0.025064
33 0.079121 0.075743 0.072506 0.06925 0.065979 0.06273 0.059503 0.056299 0.053323 0.050348 0.047456 0.044648 0.04184 0.039152 0.036474 0.033902 0.031434 0.029034 0.026722 0.024537
34 0.079953 0.076481 0.072973 0.069551 0.066195 0.062884 0.059617 0.05637 0.053327 0.050283 0.047352 0.044533 0.041714 0.038941 0.036172 0.033541 0.031049 0.028629 0.026306 0.024127
35 0.080524 0.077017 0.073414 0.069893 0.066434 0.063075 0.059817 0.056569 0.053427 0.050286 0.047262 0.044355 0.041448 0.038674 0.035913 0.033269 0.030743 0.02827 0.025866 0.023746
36 0.080962 0.077426 0.073848 0.070284 0.066731 0.063303 0.060002 0.056708 0.053493 0.050279 0.047196 0.044244 0.041292 0.038485 0.035691 0.032999 0.030411 0.027891 0.025464 0.023292
37 0.081419 0.077835 0.074232 0.070627 0.067022 0.063533 0.060159 0.056797 0.053552 0.050306 0.047182 0.04418 0.041178 0.038315 0.035465 0.032717 0.03007 0.027516 0.025084 0.022812
38 0.081964 0.078299 0.074568 0.0709 0.067279 0.063746 0.060299 0.05687 0.05361 0.050351 0.047186 0.044115 0.041044 0.038129 0.035229 0.032434 0.029743 0.027156 0.024709 0.022369
39 0.082512 0.078738 0.074931 0.071208 0.067549 0.063961 0.060446 0.056948 0.053632 0.050316 0.047107 0.044006 0.040904 0.037953 0.035015 0.032177 0.029439 0.026813 0.024338 0.022006
40 0.09226 0.087455 0.08277 0.078107 0.073459 0.068815 0.064173 0.059555 0.055179 0.050804 0.046516 0.042316 0.038116 0.034141 0.030187 0.026354 0.02264 0.019079 0.01572 0.012355
41 0.09278 0.087824 0.083074 0.078376 0.073715 0.069063 0.064419 0.059788 0.055294 0.0508 0.046436 0.042202 0.037967 0.033964 0.029983 0.026107 0.022336 0.0187 0.015243 0.011928
42 0.093028 0.088209 0.083387 0.078635 0.073934 0.069265 0.064627 0.059994 0.055416 0.050839 0.046409 0.042128 0.037846 0.033811 0.029801 0.025883 0.022058 0.01836 0.014831 0.011539
43 0.093439 0.088609 0.083694 0.078854 0.074069 0.069371 0.064761 0.060149 0.055532 0.050914 0.04643 0.04208 0.037729 0.033659 0.029617 0.025657 0.02178 0.018033 0.014459 0.011164
44 0.093778 0.088947 0.084008 0.079115 0.074257 0.069509 0.064873 0.060236 0.055606 0.050977 0.046456 0.042046 0.037635 0.033516 0.029426 0.025425 0.021514 0.017734 0.014129 0.010815
45 0.094263 0.089158 0.08429 0.079395 0.074478 0.069661 0.064944 0.060236 0.055628 0.051021 0.046486 0.042024 0.037562 0.033382 0.02923 0.02519 0.021262 0.017463 0.013835 0.01049
46 0.094415 0.089385 0.084509 0.079614 0.074703 0.069851 0.065057 0.060281 0.055679 0.051077 0.046522 0.042015 0.037508 0.033295 0.029111 0.025031 0.021054 0.017205 0.013524 0.010163
47 0.094513 0.089572 0.084627 0.079741 0.0749 0.070048 0.065186 0.060347 0.055742 0.051137 0.046561 0.042015 0.037469 0.033244 0.02905 0.024931 0.020886 0.016967 0.013217 0.009847
48 0.094628 0.089724 0.08477 0.079873 0.075021 0.070163 0.065299 0.060456 0.055826 0.051196 0.0466 0.042038 0.037477 0.033202 0.028955 0.024791 0.020711 0.016755 0.012966 0.0095487
49 0.094698 0.089799 0.084889 0.079982 0.075077 0.070215 0.065397 0.060592 0.055929 0.051267 0.046654 0.04209 0.037527 0.033186 0.028868 0.024658 0.020557 0.016577 0.01276 0.0092787
50 0.094986 0.089906 0.084986 0.080078 0.075179 0.07032 0.0655 0.060691 0.056001 0.051311 0.046675 0.042092 0.037508 0.033128 0.028768 0.024524 0.020397 0.016391 0.012547 0.0090121
51 0.09498 0.090004 0.085058 0.080163 0.075305 0.070458 0.065622 0.060796 0.056085 0.051374 0.046715 0.042108 0.037501 0.033089 0.028697 0.024422 0.020266 0.016231 0.012357 0.0087688
52 0.095025 0.090016 0.085095 0.080206 0.075342 0.070509 0.065708 0.060911 0.056164 0.051418 0.046745 0.042147 0.037549 0.03311 0.028686 0.024372 0.020166 0.016085 0.012171 0.0085763
53 0.094847 0.089993 0.085121 0.080244 0.075362 0.070547 0.065798 0.061045 0.056262 0.051478 0.046794 0.042211 0.037628 0.033161 0.028705 0.024348 0.02009 0.01596 0.012002 0.0084038
54 0.094828 0.089911 0.085069 0.080239 0.075416 0.07063 0.06588 0.061128 0.056352 0.051576 0.046886 0.042284 0.037682 0.033178 0.028684 0.024295 0.020013 0.015854 0.011858 0.0082374
55 0.094568 0.089804 0.084999 0.080228 0.075483 0.070734 0.06598 0.061226 0.056464 0.051702 0.047009 0.042383 0.037757 0.033213 0.028678 0.024257 0.019953 0.015762 0.011723 0.0080778
56 0.094547 0.089704 0.084977 0.080239 0.075491 0.070756 0.066031 0.061305 0.056552 0.0518 0.047095 0.042438 0.03778 0.033217 0.028663 0.024237 0.019939 0.015718 0.011601 0.007909
57 0.094307 0.08961 0.084975 0.080272 0.075519 0.070795 0.066102 0.061403 0.056658 0.051913 0.047196 0.042506 0.037816 0.033232 0.028657 0.02422 0.019921 0.015669 0.011482 0.0077439
58 0.094243 0.089474 0.08487 0.08021 0.075508 0.070822 0.06615 0.061473 0.056739 0.052004 0.047287 0.042588 0.037889 0.033291 0.028703 0.024239 0.019901 0.015613 0.011392 0.0076047
59 0.093973 0.089375 0.084802 0.080184 0.075532 0.070876 0.066218 0.061553 0.056825 0.052096 0.047377 0.042669 0.037961 0.033348 0.028745 0.024254 0.019877 0.015556 0.01131 0.0074693
60 0.093766 0.089131 0.084673 0.080135 0.075537 0.070912 0.066259 0.0616 0.056888 0.052175 0.047469 0.042767 0.038066 0.03344 0.028821 0.024302 0.019883 0.015534 0.011278 0.0073629
61 0.093445 0.088945 0.084585 0.080117 0.075568 0.070965 0.066309 0.061649 0.056956 0.052263 0.047566 0.042865 0.038164 0.033523 0.028888 0.024342 0.019884 0.015503 0.011222 0.0072417
62 0.093212 0.088744 0.084429 0.080022 0.075547 0.070982 0.066324 0.061669 0.057026 0.052383 0.047706 0.042995 0.038284 0.033628 0.028977 0.024405 0.019913 0.015488 0.011151 0.0071142
63 0.092835 0.088587 0.08431 0.079954 0.075538 0.07101 0.066368 0.061728 0.057112 0.052497 0.04783 0.043113 0.038395 0.033728 0.029065 0.024466 0.019932 0.015463 0.011082 0.0069876
64 0.09264 0.08836 0.084137 0.079827 0.075451 0.070982 0.06642 0.061852 0.057222 0.052592 0.047924 0.043217 0.03851 0.03384 0.029174 0.024547 0.01996 0.015446 0.011028 0.0068711
65 0.09231 0.088164 0.083976 0.079702 0.075364 0.070953 0.066469 0.061972 0.057341 0.052711 0.048041 0.043332 0.038623 0.033946 0.029272 0.024625 0.020004 0.015449 0.01098 0.0067655
66 0.092024 0.087926 0.083745 0.079506 0.075223 0.070883 0.066487 0.062072 0.057471 0.052869 0.048206 0.04348 0.038755 0.034066 0.029381 0.024719 0.020081 0.015486 0.010948 0.0066738
67 0.091709 0.087734 0.083596 0.079398 0.075155 0.070862 0.066521 0.062158 0.057571 0.052984 0.048323 0.04359 0.038857 0.034162 0.029471 0.024795 0.020134 0.015502 0.010908 0.0065695
68 0.091312 0.087496 0.083489 0.079363 0.075146 0.070878 0.066558 0.062216 0.057639 0.053063 0.048412 0.043686 0.038959 0.034265 0.029574 0.024884 0.020196 0.015525 0.010876 0.0064644
69 0.090895 0.087215 0.083298 0.07923 0.075047 0.070813 0.066526 0.062219 0.057698 0.053176 0.048552 0.043824 0.039097 0.034402 0.02971 0.02501 0.020302 0.015601 0.010909 0.0064755
70 0.090466 0.086887 0.083011 0.078992 0.074865 0.070683 0.066448 0.062196 0.057768 0.053339 0.048756 0.044018 0.039281 0.034581 0.029886 0.025173 0.020443 0.01571 0.010971 0.0065247
71 0.089995 0.086537 0.082733 0.078787 0.074732 0.07062 0.066451 0.062262 0.057872 0.053483 0.048925 0.044199 0.039474 0.034765 0.030059 0.025311 0.020523 0.015756 0.011019 0.0064965
72 0.089583 0.086066 0.082384 0.078547 0.074593 0.070573 0.066486 0.062374 0.057997 0.053621 0.049083 0.044386 0.039688 0.03497 0.030251 0.025462 0.020603 0.0158 0.011072 0.0064606
73 0.089243 0.085683 0.082101 0.078357 0.074493 0.070542 0.066505 0.062438 0.058069 0.053701 0.049185 0.044521 0.039858 0.035136 0.030408 0.025611 0.020744 0.015899 0.011082 0.0064224
74 0.088722 0.085354 0.081851 0.07819 0.074412 0.070522 0.066521 0.062489 0.05813 0.053772 0.049281 0.044659 0.040037 0.035313 0.030579 0.025776 0.020903 0.016011 0.011092 0.0063832
75 0.088242 0.085029 0.081619 0.078046 0.074351 0.070531 0.066584 0.062599 0.058221 0.053843 0.04937 0.044804 0.040237 0.035495 0.030737 0.02589 0.020955 0.016018 0.011079 0.0063504
76 0.087853 0.08463 0.081332 0.077862 0.074262 0.070522 0.066643 0.062717 0.058314 0.053911 0.049459 0.044957 0.040456 0.035697 0.030913 0.026023 0.021027 0.016042 0.011073 0.0063079
77 0.087282 0.084228 0.081094 0.077695 0.074099 0.070404 0.066612 0.06277 0.058412 0.054055 0.04964 0.045167 0.040694 0.035915 0.031106 0.026194 0.021178 0.016145 0.011091 0.0062201
78 0.086754 0.083819 0.080871 0.077533 0.073904 0.070243 0.06655 0.062804 0.058504 0.054204 0.049832 0.045388 0.040944 0.036143 0.031307 0.02637 0.021332 0.016249 0.011106 0.0061415
79 0.086254 0.083437 0.080508 0.077238 0.073714 0.070143 0.066526 0.062857 0.058641 0.054425 0.050091 0.045641 0.041191 0.036354 0.031481 0.026514 0.021456 0.016327 0.011106 0.0060957
80 0.086002 0.083027 0.080064 0.076859 0.073474 0.070014 0.066478 0.06289 0.058764 0.054638 0.050349 0.045896 0.041444 0.036575 0.031666 0.026668 0.021583 0.016414 0.011136 0.006059
81 0.085396 0.08248 0.079639 0.076585 0.07337 0.070002 0.06648 0.062913 0.058875 0.054837 0.050594 0.046147 0.0417 0.036805 0.031868 0.026834 0.021705 0.016509 0.011221 0.006039
82 0.084656 0.081832 0.07915 0.076267 0.073233 0.069968 0.066471 0.062936 0.058995 0.055055 0.050863 0.046419 0.041975 0.03707 0.032122 0.027063 0.021893 0.016651 0.011312 0.0060697
83 0.08419 0.081403 0.078743 0.075886 0.072882 0.069714 0.066383 0.063004 0.059132 0.05526 0.051094 0.046634 0.042175 0.037302 0.03239 0.027332 0.022131 0.016824 0.011377 0.0061439
84 0.083266 0.080968 0.078307 0.075479 0.072526 0.069468 0.066304 0.063084 0.059284 0.055483 0.051358 0.046908 0.042458 0.037608 0.032719 0.02765 0.022402 0.01703 0.011495 0.0062025
85 0.082437 0.080454 0.077862 0.075175 0.072417 0.069468 0.066329 0.063132 0.059346 0.055559 0.051479 0.047107 0.042734 0.037895 0.03301 0.02792 0.022625 0.017205 0.01162 0.0062262
86 0.081792 0.079854 0.077356 0.074819 0.072254 0.069422 0.066324 0.06317 0.059428 0.055686 0.051661 0.047354 0.043047 0.038199 0.0333 0.028179 0.022838 0.017374 0.011749 0.006193
87 0.080842 0.079549 0.077162 0.074644 0.072028 0.069217 0.066214 0.063154 0.059513 0.055872 0.051912 0.047632 0.043352 0.038476 0.033541 0.028386 0.023008 0.017515 0.011867 0.0061156
88 0.079916 0.079156 0.076898 0.074429 0.071802 0.069034 0.066124 0.063157 0.059607 0.056056 0.052144 0.047871 0.043597 0.038745 0.033837 0.028659 0.023212 0.017659 0.011963 0.0061324
89 0.079853 0.078693 0.076531 0.074173 0.071667 0.068968 0.066075 0.063129 0.059631 0.056133 0.052243 0.04796 0.043678 0.03891 0.034095 0.028921 0.023387 0.017765 0.012025 0.0061623
90 0.079558 0.078124 0.076035 0.073815 0.071497 0.068914 0.066068 0.063168 0.059725 0.056281 0.052433 0.048182 0.04393 0.039138 0.034294 0.029088 0.023521 0.01788 0.012142 0.0062049
91 0.079089 0.077854 0.075548 0.0734 0.07137 0.06895 0.066142 0.063279 0.059854 0.05643 0.052618 0.048417 0.044216 0.039333 0.034384 0.02913 0.023569 0.017946 0.01224 0.0062313
92 0.079022 0.077267 0.074941 0.072887 0.071037 0.068751 0.066029 0.063253 0.05991 0.056568 0.052821 0.048669 0.044517 0.039613 0.034635 0.029369 0.023814 0.018172 0.012415 0.006308
93 0.07767 0.076512 0.074747 0.072821 0.070773 0.068458 0.065876 0.063238 0.060016 0.056793 0.05312 0.048996 0.044871 0.039953 0.034958 0.029678 0.024113 0.018433 0.0126 0.0063738
94 0.076973 0.075643 0.074421 0.07272 0.070659 0.068378 0.065878 0.063314 0.060098 0.056882 0.053239 0.04917 0.0451 0.040231 0.035284 0.030025 0.024455 0.018672 0.012607 0.0062492
95 0.076336 0.075475 0.074171 0.072573 0.070755 0.068563 0.065996 0.063364 0.060058 0.056751 0.053109 0.04913 0.045152 0.040371 0.035513 0.030303 0.024741 0.018877 0.01261 0.0061506
96 0.075069 0.074928 0.073647 0.072196 0.070616 0.068532 0.065942 0.063298 0.060088 0.056878 0.05333 0.049444 0.045559 0.040769 0.035891 0.030616 0.024943 0.019047 0.012853 0.006354
97 0.074452 0.074174 0.073095 0.071815 0.070385 0.068369 0.065766 0.063124 0.060079 0.057034 0.053601 0.049777 0.045954 0.04114 0.036229 0.030894 0.025135 0.019231 0.013134 0.0066117
98 0.07339 0.073224 0.072188 0.071091 0.069949 0.068123 0.065614 0.063073 0.060201 0.057329 0.053993 0.050193 0.046392 0.041577 0.036664 0.031315 0.02553 0.01962 0.013544 0.0069915
99 0.072278 0.072709 0.071353 0.07033 0.069558 0.067967 0.065558 0.06312 0.060385 0.057651 0.05438 0.050573 0.046766 0.041929 0.036993 0.031639 0.025868 0.019938 0.0138 0.0072059
100 0.07196 0.072458 0.070957 0.069958 0.069335 0.067881 0.065596 0.06327 0.060513 0.057756 0.054504 0.050756 0.047008 0.042085 0.037048 0.031731 0.026134 0.020181 0.013756 0.0071126
101 0.072135 0.072186 0.070733 0.069699 0.06898 0.067559 0.065437 0.063256 0.060462 0.057667 0.05446 0.05084 0.047221 0.042283 0.037217 0.031927 0.026415 0.020474 0.013964 0.0070859
102 0.071831 0.071444 0.069855 0.068911 0.068449 0.067276 0.065391 0.063427 0.060642 0.057858 0.054668 0.051074 0.04748 0.042671 0.037744 0.032388 0.026602 0.020662 0.014516 0.0071108
103 0.071555 0.070855 0.068874 0.068011 0.067988 0.067133 0.065446 0.06366 0.06085 0.058039 0.054859 0.051307 0.047756 0.043024 0.038177 0.032805 0.026906 0.020879 0.014683 0.0071918
104 0.070939 0.070516 0.068382 0.067485 0.067519 0.066736 0.065137 0.063467 0.061061 0.058655 0.055593 0.051874 0.048156 0.043262 0.038255 0.032914 0.027239 0.021119 0.014409 0.0072814
105 0.070655 0.070383 0.068113 0.067031 0.066843 0.065984 0.064453 0.062887 0.060968 0.059049 0.056172 0.052339 0.048505 0.043544 0.038473 0.0332 0.027723 0.021582 0.014556 0.0075395
106 0.070596 0.069489 0.067362 0.066335 0.066135 0.065383 0.06408 0.062734 0.060945 0.059157 0.056385 0.052629 0.048873 0.043953 0.03892 0.03371 0.028324 0.022157 0.014951 0.0078821
107 0.070567 0.068306 0.066483 0.065588 0.065391 0.064759 0.063693 0.062577 0.060956 0.059334 0.056698 0.053046 0.049395 0.044463 0.039408 0.03422 0.028898 0.022717 0.015393 0.0081082
108 0.07015 0.067742 0.066006 0.0651 0.064817 0.064344 0.063681 0.062924 0.061203 0.059482 0.056837 0.053268 0.049699 0.04469 0.039542 0.034365 0.029159 0.023045 0.015722 0.008226
109 0.069781 0.067606 0.065685 0.064574 0.06407 0.063687 0.063426 0.063031 0.06126 0.059489 0.05688 0.053433 0.049985 0.045089 0.040053 0.034832 0.029427 0.023247 0.016035 0.0084087
110 0.069204 0.067122 0.065694 0.064484 0.063437 0.062861 0.062758 0.062528 0.060991 0.059454 0.057021 0.053692 0.050363 0.045717 0.040943 0.035622 0.029754 0.023387 0.016357 0.0086133
111 0.069058 0.066156 0.065493 0.06421 0.062462 0.06169 0.061895 0.061968 0.060687 0.059406 0.057222 0.054135 0.051048 0.046401 0.041603 0.036248 0.030335 0.023975 0.017021 0.0089874
112 0.068814 0.06521 0.064354 0.063083 0.061502 0.061053 0.061737 0.062238 0.060861 0.059484 0.057403 0.05462 0.051837 0.04698 0.041922 0.036523 0.030782 0.024557 0.017686 0.0093521
113 0.068294 0.064073 0.062749 0.061498 0.0603 0.060289 0.061463 0.06241 0.061005 0.059601 0.057651 0.055157 0.052664 0.047821 0.042751 0.037357 0.031639 0.025328 0.018226 0.0097241
114 0.067974 0.06369 0.062424 0.061448 0.060691 0.060637 0.061286 0.061758 0.060402 0.059046 0.057243 0.054994 0.052746 0.048067 0.043153 0.037852 0.032164 0.025825 0.018618 0.009983
115 0.068635 0.063526 0.06225 0.061479 0.061085 0.060863 0.060813 0.060656 0.059403 0.05815 0.056503 0.05446 0.052417 0.047969 0.043288 0.038313 0.033042 0.026977 0.019852 0.010318
