1 0 0 0 0 0 0 0 0 0 0 0 0 0 0 0 0 0 0 0 0
2 0 0 0 0 0 0 0 0 0 0 0 0 0 0 0 0 0 0 0 0
3 0 0 0 0 0 0 0 0 0 0 0 0 0 0 0 0 0 0 0 0
4 0 0 0 0 0 0 0 0 0 0 0 0 0 0 0 0 0 0 0 0
5 0 0 0 0 0 0 0 0 0 0 0 0 0 0 0 0 0 0 0 0
6 0 0 0 0 0 0 0 0 0 0 0 0 0 0 0 0 0 0 0 0
7 0 0 0 0 0 0 0 0 0 0 0 0 0 0 0 0 0 0 0 0
8 0 0 0 0 0 0 0 0 0 0 0 0 0 0 0 0 0 0 0 0
9 0 0 0 0 0 0 0 0 0 0 0 0 0 0 0 0 0 0 0 0
10 0 0 0 0 0 0 0 0 0 0 0 0 0 0 0 0 0 0 0 0
11 0 0 0 0 0 0 0 0 0 0 0 0 0 0 0 0 0 0 0 0
12 0 0 0 0 0 0 0 0 0 0 0 0 0 0 0 0 0 0 0 0
13 0 0 0 0 0 0 0 0 0 0 0 0 0 0 0 0 0 0 0 0
14 0 0 0 0 0 0 0 0 0 0 0 0 0 0 0 0 0 0 0 0
15 0 0 0 0 0 0 0 0 0 0 0 0 0 0 0 0 0 0 0 0
16 0 0 0 0 0 0 0 0 0 0 0 0 0 0 0 0 0 0 0 0
17 0 0 0 0 0 0 0 0 0 0 0 0 0 0 0 0 0 0 0 0
18 0 0 0 0 0 0 0 0 0 0 0 0 0 0 0 0 0 0 0 0
19 0 0 0 0 0 0 0 0 0 0 0 0 0 0 0 0 0 0 0 0
20 0 0 0 0 0 0 0 0 0 0 0 0 0 0 0 0 0 0 0 0
21 0 0 0 0 0 0 0 0 0 0 0 0 0 0 0 0 0 0 0 0
22 0 0 0 0 0 0 0 0 0 0 0 0 0 0 0 0 0 0 0 0
23 0 0 0 0 0 0 0 0 0 0 0 0 0 0 0 0 0 0 0 0
24 0 0 0 0 0 0 0 0 0 0 0 0 0 0 0 0 0 0 0 0
25 0 0 0 0 0 0 0 0 0 0 0 0 0 0 0 0 0 0 0 0
26 0 0 0 0 0 0 0 0 0 0 0 0 0 0 0 0 0 0 0 0
27 0 0 0 0 0 0 0 0 0 0 0 0 0 0 0 0 0 0 0 0
28 0 0 0 0 0 0 0 0 0 0 0 0 0 0 0 0 0 0 0 0
29 0 0 0 0 0 0 0 0 0 0 0 0 0 0 0 0 0 0 0 0
30 0 0 0 0 0 0 0 0 0 0 0 0 0 0 0 0 0 0 0 0
31 0 0 0 0 0 0 0 0 0 0 0 0 0 0 0 0 0 0 0 0
32 0.069335 0.059688 0.056813 0.055646 0.055763 0.056135 0.056763 0.057242 0.056184 0.055127 0.053449 0.051149 0.04885 0.046428 0.043993 0.041363 0.038538 0.036369 0.035073 0.026092
33 0.072836 0.066538 0.062981 0.060897 0.059922 0.059105 0.058446 0.057652 0.055452 0.053252 0.050732 0.047893 0.045055 0.042283 0.039518 0.037614 0.03657 0.034456 0.030915 0.027883
34 0.075346 0.070548 0.066634 0.064504 0.063714 0.061997 0.059354 0.056708 0.054041 0.051374 0.048634 0.045822 0.043009 0.040515 0.038052 0.036053 0.034519 0.032322 0.02924 0.027613
35 0.075621 0.072382 0.069898 0.067083 0.064019 0.061174 0.058549 0.055929 0.053366 0.050804 0.048224 0.045628 0.043032 0.040692 0.038376 0.035923 0.033332 0.030848 0.028506 0.026617
36 0.075348 0.073011 0.070037 0.067045 0.064041 0.061143 0.058349 0.05559 0.053184 0.050779 0.048312 0.045783 0.043255 0.040781 0.038312 0.035868 0.033449 0.031008 0.028535 0.026171
37 0.076958 0.073474 0.070486 0.067415 0.064282 0.061321 0.058532 0.055757 0.053143 0.050528 0.047932 0.045355 0.042778 0.04031 0.037852 0.035475 0.03318 0.030839 0.028438 0.025946
38 0.077543 0.074126 0.070975 0.067946 0.065009 0.062008 0.058943 0.055905 0.053142 0.050378 0.047651 0.044962 0.042272 0.039867 0.03749 0.035063 0.032585 0.030242 0.028081 0.02581
39 0.078389 0.075049 0.071524 0.068248 0.06516 0.062121 0.059132 0.056154 0.0533 0.050446 0.047652 0.044916 0.042181 0.039582 0.036997 0.034486 0.032049 0.029719 0.027531 0.025364
40 0.085804 0.084328 0.079362 0.074753 0.070412 0.066262 0.062301 0.058326 0.054201 0.050077 0.046262 0.042758 0.039255 0.036019 0.03281 0.029626 0.026469 0.023379 0.020377 0.017218
41 0.086757 0.085624 0.080036 0.075216 0.070974 0.066796 0.062683 0.058567 0.054407 0.050248 0.046325 0.042639 0.038953 0.03559 0.032258 0.028936 0.025624 0.02247 0.019526 0.016369
42 0.088506 0.085743 0.080341 0.075571 0.071276 0.067074 0.062965 0.058849 0.054664 0.050479 0.046464 0.042621 0.038777 0.035281 0.031819 0.028395 0.02501 0.021782 0.018765 0.015618
43 0.089 0.085151 0.080615 0.076099 0.071598 0.067347 0.063346 0.059325 0.055101 0.050877 0.046763 0.042758 0.038753 0.035084 0.031447 0.027937 0.024553 0.021252 0.018064 0.014931
44 0.089983 0.085368 0.081015 0.076552 0.072006 0.067682 0.06358 0.059466 0.055231 0.050996 0.046838 0.042758 0.038677 0.034881 0.031113 0.0275 0.024043 0.020669 0.017407 0.014235
45 0.090134 0.08626 0.081617 0.077056 0.072555 0.068133 0.06379 0.059457 0.055222 0.050987 0.046815 0.042706 0.038597 0.034704 0.030831 0.027109 0.02354 0.020095 0.016814 0.013579
46 0.091518 0.086763 0.082053 0.077444 0.072911 0.068396 0.063901 0.059425 0.055156 0.050886 0.046681 0.042541 0.0384 0.034463 0.030545 0.026768 0.023132 0.01964 0.01634 0.013037
47 0.09167 0.087218 0.082546 0.077908 0.073294 0.068684 0.064077 0.059496 0.05517 0.050845 0.046593 0.042413 0.038234 0.034273 0.030333 0.02652 0.022834 0.019303 0.01598 0.012609
48 0.092526 0.087583 0.082877 0.078205 0.07356 0.068918 0.064281 0.059663 0.055236 0.050808 0.046488 0.042274 0.03806 0.034072 0.030106 0.026252 0.022511 0.018913 0.015505 0.012162
49 0.092954 0.08793 0.083164 0.078459 0.073801 0.069151 0.064512 0.059881 0.055345 0.050808 0.046417 0.042171 0.037925 0.033911 0.029919 0.026026 0.022231 0.018564 0.015065 0.011768
50 0.093187 0.088358 0.083501 0.078716 0.073983 0.069307 0.064686 0.060068 0.055476 0.050883 0.046431 0.042119 0.037807 0.033756 0.02973 0.025792 0.021942 0.018219 0.014667 0.011371
51 0.093425 0.088747 0.083803 0.078934 0.074122 0.069418 0.064822 0.060223 0.055593 0.050962 0.046458 0.042081 0.037703 0.033619 0.029563 0.025584 0.021684 0.017915 0.014322 0.011021
52 0.094098 0.089 0.084101 0.079214 0.074336 0.069563 0.064894 0.060231 0.055614 0.050998 0.046474 0.042042 0.03761 0.033463 0.029345 0.025326 0.021406 0.017616 0.013999 0.010669
53 0.094241 0.089234 0.084401 0.079509 0.074574 0.069733 0.064987 0.060253 0.055656 0.051059 0.04652 0.042037 0.037555 0.033349 0.02917 0.025111 0.021173 0.017361 0.013719 0.010359
54 0.094483 0.089437 0.084537 0.079652 0.074778 0.069931 0.065111 0.06031 0.05571 0.051109 0.046547 0.042024 0.0375 0.033282 0.029094 0.024995 0.020986 0.017103 0.013389 0.010022
55 0.094478 0.08966 0.084688 0.079804 0.074987 0.070135 0.065247 0.060384 0.055775 0.051166 0.046581 0.042021 0.037462 0.033225 0.029019 0.024881 0.020812 0.016869 0.013094 0.0097111
56 0.094624 0.089736 0.084807 0.079911 0.075039 0.070183 0.065343 0.06052 0.055878 0.051235 0.046633 0.042072 0.03751 0.033206 0.028926 0.02474 0.020649 0.016682 0.012878 0.0094289
57 0.094776 0.089851 0.084949 0.080037 0.075116 0.070251 0.065442 0.060645 0.055968 0.051291 0.046668 0.042098 0.037529 0.033166 0.028823 0.024596 0.020484 0.016493 0.012663 0.0091561
58 0.095037 0.089925 0.084999 0.0801 0.075223 0.070373 0.065548 0.060735 0.056038 0.051341 0.046696 0.042103 0.03751 0.033116 0.028741 0.024484 0.020343 0.016323 0.012464 0.008903
59 0.094947 0.090032 0.085085 0.080192 0.075339 0.070497 0.065667 0.060846 0.056121 0.051397 0.046731 0.042124 0.037516 0.033093 0.028687 0.024395 0.020218 0.016164 0.012272 0.008678
60 0.094973 0.089988 0.085092 0.080211 0.075342 0.07052 0.065744 0.060969 0.056208 0.051446 0.04677 0.042179 0.037589 0.033138 0.0287 0.024366 0.020136 0.016032 0.012097 0.0084996
61 0.094831 0.089981 0.08512 0.080255 0.075388 0.070581 0.065835 0.061085 0.0563 0.051515 0.046828 0.042238 0.037648 0.033165 0.028692 0.024321 0.020051 0.015908 0.011934 0.0083255
62 0.094796 0.089844 0.085021 0.080219 0.075432 0.070664 0.065915 0.061164 0.056396 0.051628 0.046938 0.042328 0.037717 0.033197 0.028685 0.024282 0.019989 0.015815 0.0118 0.0081685
63 0.094599 0.089778 0.084999 0.080238 0.075493 0.070747 0.066002 0.061255 0.056496 0.051737 0.047038 0.042398 0.037759 0.033208 0.028665 0.024243 0.019942 0.015739 0.011665 0.0079993
64 0.094473 0.089645 0.084959 0.080238 0.075491 0.070763 0.066056 0.061345 0.056599 0.051853 0.047144 0.042473 0.037802 0.033229 0.028665 0.024236 0.019939 0.015704 0.01155 0.0078354
65 0.094302 0.089562 0.084935 0.080247 0.075513 0.070803 0.066119 0.06143 0.05669 0.05195 0.047233 0.042539 0.037846 0.033256 0.028675 0.024227 0.01991 0.015642 0.01144 0.0076798
66 0.09411 0.089421 0.084832 0.080192 0.075514 0.070844 0.066181 0.061512 0.056781 0.052051 0.047333 0.04263 0.037926 0.033321 0.028726 0.02425 0.019894 0.015588 0.011352 0.0075418
67 0.093894 0.089278 0.084752 0.080167 0.075536 0.070892 0.066235 0.061572 0.05685 0.052128 0.047414 0.042709 0.038004 0.033385 0.028775 0.024272 0.019877 0.015544 0.011294 0.0074196
68 0.093617 0.08904 0.084629 0.080124 0.075548 0.070934 0.066281 0.061624 0.056918 0.052212 0.04751 0.042811 0.038113 0.03348 0.028854 0.024322 0.019885 0.015523 0.011262 0.007313
69 0.093395 0.08887 0.084525 0.080081 0.075561 0.070972 0.066313 0.061654 0.056981 0.052309 0.04762 0.042915 0.038209 0.033562 0.02892 0.024363 0.019891 0.015491 0.011186 0.0071814
70 0.093065 0.088677 0.084377 0.079994 0.075548 0.070996 0.066336 0.06168 0.057058 0.052436 0.047767 0.043051 0.038334 0.033671 0.029013 0.02443 0.019922 0.015477 0.011116 0.0070529
71 0.092771 0.08851 0.084251 0.07991 0.075508 0.071001 0.066391 0.061779 0.057156 0.052532 0.047864 0.04315 0.038437 0.033769 0.029105 0.024494 0.019937 0.015449 0.011053 0.0069317
72 0.09249 0.088289 0.084085 0.07979 0.075427 0.07098 0.06645 0.06191 0.057272 0.052634 0.047963 0.04326 0.038557 0.033886 0.029218 0.024578 0.019967 0.015432 0.010999 0.0068144
73 0.092252 0.088084 0.083893 0.079629 0.07531 0.070925 0.066474 0.062009 0.057389 0.052769 0.048101 0.043384 0.038668 0.033986 0.029308 0.024655 0.020028 0.015456 0.010959 0.0067199
74 0.091885 0.087853 0.08367 0.079441 0.075176 0.070863 0.066501 0.06212 0.057528 0.052937 0.048274 0.04354 0.038806 0.03411 0.029417 0.024747 0.0201 0.015487 0.010922 0.0066224
75 0.0916 0.087663 0.083573 0.079398 0.07516 0.070873 0.066536 0.062178 0.057593 0.053007 0.048349 0.043618 0.038886 0.034192 0.029501 0.02482 0.020149 0.015501 0.010885 0.006517
76 0.091152 0.087417 0.08346 0.079358 0.075148 0.070885 0.066571 0.062234 0.05766 0.053086 0.048438 0.043714 0.03899 0.034297 0.029607 0.024914 0.020218 0.015535 0.010869 0.0064454
77 0.090793 0.087109 0.083202 0.079146 0.07498 0.070761 0.066491 0.062202 0.057717 0.053232 0.048623 0.04389 0.039157 0.034461 0.029768 0.025064 0.020349 0.015636 0.010927 0.0064911
78 0.090259 0.08681 0.082943 0.078936 0.074824 0.070658 0.066438 0.062202 0.057801 0.0534 0.048828 0.044086 0.039344 0.03464 0.029941 0.025216 0.020466 0.01572 0.010981 0.0065086
79 0.089865 0.086386 0.082622 0.078712 0.07469 0.070609 0.066467 0.062304 0.057916 0.053528 0.048976 0.044261 0.039545 0.034833 0.030122 0.025357 0.02054 0.015761 0.011031 0.0064732
80 0.089521 0.085917 0.082278 0.078478 0.074559 0.070566 0.066502 0.06241 0.058031 0.053652 0.049119 0.044431 0.039744 0.035023 0.030299 0.025505 0.020642 0.015823 0.011063 0.0064351
81 0.089103 0.085595 0.082033 0.078313 0.074475 0.070541 0.066512 0.062453 0.058084 0.053714 0.049206 0.044558 0.03991 0.035188 0.030458 0.02566 0.020795 0.015932 0.011074 0.0063965
82 0.088569 0.085293 0.081808 0.078169 0.074413 0.07054 0.066549 0.062525 0.058156 0.053786 0.0493 0.044697 0.040094 0.035362 0.030618 0.025797 0.020901 0.015993 0.01107 0.0063587
83 0.088153 0.084925 0.081547 0.078004 0.074337 0.070539 0.066612 0.062643 0.058249 0.053855 0.049387 0.044845 0.040303 0.035554 0.030784 0.025919 0.020957 0.016003 0.011058 0.0063255
84 0.087698 0.084499 0.081251 0.077808 0.074218 0.070496 0.066642 0.062741 0.058348 0.053955 0.049513 0.045023 0.040533 0.035766 0.030971 0.026072 0.02107 0.016068 0.011066 0.0062599
85 0.08707 0.084132 0.081058 0.077671 0.074049 0.070357 0.066596 0.062783 0.058443 0.054102 0.0497 0.045236 0.040772 0.035984 0.031164 0.026243 0.021221 0.016171 0.011082 0.0061666
86 0.08663 0.083699 0.080776 0.077459 0.073846 0.070206 0.066538 0.062817 0.058549 0.05428 0.049921 0.045471 0.041021 0.036205 0.031353 0.026405 0.021361 0.016262 0.01109 0.0061115
87 0.086123 0.083354 0.080396 0.077138 0.073656 0.070117 0.066522 0.062876 0.058688 0.054501 0.05018 0.045724 0.041268 0.036416 0.031525 0.026548 0.021483 0.016338 0.011086 0.0060617
88 0.085936 0.08287 0.079929 0.076768 0.073443 0.070012 0.066475 0.062888 0.058792 0.054697 0.050422 0.045969 0.041515 0.036636 0.031715 0.026705 0.021605 0.016429 0.011154 0.0060386
89 0.085067 0.082323 0.079528 0.076525 0.073367 0.070024 0.066496 0.062925 0.058918 0.054911 0.050684 0.046235 0.041786 0.03688 0.031928 0.02688 0.021734 0.016528 0.011243 0.0060177
90 0.084553 0.081703 0.079032 0.076154 0.073122 0.069885 0.066444 0.062961 0.05904 0.05512 0.050933 0.046478 0.042024 0.037133 0.0322 0.027144 0.021964 0.016699 0.01132 0.0060908
91 0.08394 0.081323 0.078642 0.075774 0.072763 0.069624 0.066354 0.063034 0.059184 0.055334 0.051174 0.046703 0.042232 0.037374 0.032478 0.027424 0.022211 0.016879 0.011388 0.0061656
92 0.082924 0.080846 0.078198 0.075411 0.07252 0.069492 0.066326 0.063104 0.0593 0.055497 0.051383 0.046961 0.042539 0.037692 0.032805 0.027729 0.022465 0.017078 0.011529 0.0062005
93 0.082282 0.080304 0.077721 0.075079 0.072391 0.069477 0.066337 0.063139 0.05935 0.055561 0.051496 0.047155 0.042814 0.037981 0.033099 0.028002 0.02269 0.017254 0.011655 0.0062117
94 0.081582 0.079812 0.077339 0.074793 0.072193 0.069356 0.066282 0.063153 0.059443 0.055733 0.051728 0.047428 0.043128 0.038268 0.033354 0.028221 0.02287 0.017401 0.011775 0.0061442
95 0.08038 0.079513 0.077155 0.074627 0.071971 0.069155 0.066179 0.063148 0.059542 0.055937 0.051998 0.047725 0.043452 0.038564 0.033616 0.028446 0.023055 0.017549 0.011892 0.0060957
96 0.079825 0.079083 0.076842 0.074398 0.071801 0.069043 0.066125 0.063153 0.059612 0.056072 0.052159 0.047875 0.043591 0.038773 0.033903 0.028728 0.023248 0.017671 0.011965 0.0061315
97 0.08001 0.078578 0.076438 0.074109 0.071638 0.068953 0.066054 0.063103 0.059618 0.056133 0.052247 0.047961 0.043674 0.038934 0.034149 0.028978 0.02342 0.017786 0.012049 0.0061677
98 0.079409 0.078122 0.075931 0.07372 0.071495 0.068959 0.066112 0.063213 0.059766 0.056319 0.052477 0.048239 0.044002 0.039171 0.034282 0.029057 0.023497 0.017871 0.012157 0.0062007
99 0.079235 0.077777 0.075357 0.073223 0.071301 0.068938 0.066132 0.063272 0.059849 0.056426 0.052628 0.048456 0.044284 0.039386 0.034417 0.029161 0.023616 0.018001 0.01229 0.0062516
100 0.078645 0.077079 0.074944 0.072917 0.070973 0.068659 0.065975 0.063237 0.059931 0.056624 0.052898 0.048751 0.044605 0.039694 0.034709 0.029441 0.023889 0.018241 0.012465 0.0063246
101 0.077529 0.076277 0.074732 0.072839 0.070685 0.068339 0.065802 0.063209 0.060025 0.056842 0.053191 0.049072 0.044954 0.040045 0.03506 0.029786 0.024223 0.018505 0.012579 0.0063058
102 0.076884 0.075692 0.074419 0.072737 0.070749 0.068483 0.06594 0.063333 0.060067 0.056801 0.053148 0.049106 0.045065 0.04023 0.035319 0.030084 0.024524 0.018709 0.012553 0.0061562
103 0.076043 0.075418 0.074058 0.072486 0.070755 0.068587 0.065982 0.063315 0.060009 0.056703 0.053089 0.049168 0.045248 0.040479 0.035628 0.030399 0.024793 0.01892 0.012692 0.0062265
104 0.074977 0.074764 0.073535 0.072127 0.070584 0.068505 0.065892 0.06323 0.060071 0.056913 0.053399 0.049531 0.045663 0.040857 0.035962 0.030657 0.024943 0.019049 0.012916 0.0064254
105 0.074242 0.073834 0.072818 0.071592 0.070208 0.068224 0.06564 0.063024 0.060068 0.057112 0.053731 0.049927 0.046122 0.041306 0.036392 0.031049 0.025279 0.019375 0.013292 0.0067661
106 0.073055 0.073121 0.071943 0.070853 0.06983 0.068075 0.065587 0.063068 0.060238 0.057408 0.054088 0.05028 0.046471 0.041657 0.036746 0.031401 0.02562 0.019727 0.013685 0.0071474
107 0.072076 0.072714 0.071193 0.070177 0.06954 0.068027 0.065639 0.063218 0.060467 0.057716 0.054437 0.05063 0.046824 0.041945 0.036962 0.031623 0.025929 0.019995 0.013744 0.0071443
108 0.072151 0.072533 0.071023 0.069986 0.069303 0.067839 0.065593 0.063299 0.060508 0.057717 0.054462 0.050741 0.047021 0.042057 0.036972 0.031679 0.026177 0.020227 0.013677 0.0070341
109 0.072202 0.071947 0.070492 0.069458 0.068738 0.067374 0.065365 0.063288 0.060514 0.057739 0.054542 0.050924 0.047305 0.042414 0.037399 0.032079 0.026452 0.020517 0.014172 0.0070789
110 0.071858 0.07136 0.069599 0.06866 0.068339 0.067263 0.065432 0.063514 0.060694 0.057874 0.054667 0.051073 0.04748 0.042735 0.037878 0.032497 0.026592 0.020668 0.01472 0.0070969
111 0.071526 0.070642 0.068526 0.067692 0.067823 0.067061 0.065406 0.063662 0.060989 0.058317 0.055164 0.051532 0.047899 0.043092 0.038171 0.032809 0.027004 0.02094 0.014532 0.0072125
112 0.070818 0.070684 0.068471 0.06748 0.067407 0.06657 0.064971 0.063316 0.06108 0.058844 0.055824 0.05202 0.048216 0.043246 0.038164 0.032847 0.027294 0.021164 0.014264 0.0073203
113 0.070805 0.070241 0.067921 0.066797 0.066572 0.065741 0.064305 0.06283 0.060948 0.059065 0.056217 0.052402 0.048588 0.04364 0.038582 0.033337 0.027905 0.021764 0.014678 0.0076613
114 0.07073 0.069217 0.067169 0.066162 0.065937 0.0652 0.063951 0.062658 0.060906 0.059154 0.056413 0.052682 0.048951 0.044049 0.039034 0.033856 0.028516 0.022352 0.01509 0.0079732
115 0.070585 0.067882 0.066223 0.065406 0.065219 0.064671 0.06376 0.062781 0.0611 0.05942 0.056763 0.053128 0.049493 0.04452 0.039419 0.034231 0.028957 0.022809 0.015497 0.0081368
