1 0 0 0 0 0 0 0 0 0 0 0 0 0 0 0 0 0 0 0 0
2 0 0 0 0 0 0 0 0 0 0 0 0 0 0 0 0 0 0 0 0
3 0 0 0 0 0 0 0 0 0 0 0 0 0 0 0 0 0 0 0 0
4 0 0 0 0 0 0 0 0 0 0 0 0 0 0 0 0 0 0 0 0
5 0 0 0 0 0 0 0 0 0 0 0 0 0 0 0 0 0 0 0 0
6 0 0 0 0 0 0 0 0 0 0 0 0 0 0 0 0 0 0 0 0
7 0 0 0 0 0 0 0 0 0 0 0 0 0 0 0 0 0 0 0 0
8 0 0 0 0 0 0 0 0 0 0 0 0 0 0 0 0 0 0 0 0
9 0 0 0 0 0 0 0 0 0 0 0 0 0 0 0 0 0 0 0 0
10 0 0 0 0 0 0 0 0 0 0 0 0 0 0 0 0 0 0 0 0
11 0 0 0 0 0 0 0 0 0 0 0 0 0 0 0 0 0 0 0 0
12 0 0 0 0 0 0 0 0 0 0 0 0 0 0 0 0 0 0 0 0
13 0 0 0 0 0 0 0 0 0 0 0 0 0 0 0 0 0 0 0 0
14 0 0 0 0 0 0 0 0 0 0 0 0 0 0 0 0 0 0 0 0
15 0 0 0 0 0 0 0 0 0 0 0 0 0 0 0 0 0 0 0 0
16 0 0 0 0 0 0 0 0 0 0 0 0 0 0 0 0 0 0 0 0
17 0 0 0 0 0 0 0 0 0 0 0 0 0 0 0 0 0 0 0 0
18 0 0 0 0 0 0 0 0 0 0 0 0 0 0 0 0 0 0 0 0
19 0 0 0 0 0 0 0 0 0 0 0 0 0 0 0 0 0 0 0 0
20 0 0 0 0 0 0 0 0 0 0 0 0 0 0 0 0 0 0 0 0
21 0 0 0 0 0 0 0 0 0 0 0 0 0 0 0 0 0 0 0 0
22 0 0 0 0 0 0 0 0 0 0 0 0 0 0 0 0 0 0 0 0
23 0 0 0 0 0 0 0 0 0 0 0 0 0 0 0 0 0 0 0 0
24 0 0 0 0 0 0 0 0 0 0 0 0 0 0 0 0 0 0 0 0
25 0 0 0 0 0 0 0 0 0 0 0 0 0 0 0 0 0 0 0 0
26 0 0 0 0 0 0 0 0 0 0 0 0 0 0 0 0 0 0 0 0
27 0 0 0 0 0 0 0 0 0 0 0 0 0 0 0 0 0 0 0 0
28 0 0 0 0 0 0 0 0 0 0 0 0 0 0 0 0 0 0 0 0
29 0 0 0 0 0 0 0 0 0 0 0 0 0 0 0 0 0 0 0 0
30 0 0 0 0 0 0 0 0 0 0 0 0 0 0 0 0 0 0 0 0
31 0.069138 0.05954 0.05669 0.055545 0.05568 0.056071 0.056717 0.057215 0.056177 0.055138 0.053477 0.051193 0.04891 0.046498 0.044075 0.041454 0.038636 0.036474 0.035186 0.026185
32 0.070451 0.062605 0.059419 0.057999 0.057908 0.057842 0.057802 0.057631 0.056098 0.054565 0.052444 0.049733 0.047023 0.044398 0.041781 0.039529 0.037642 0.035443 0.032828 0.02686
33 0.07379 0.068765 0.066145 0.064289 0.063008 0.061435 0.059573 0.057596 0.054428 0.051261 0.048338 0.045659 0.04298 0.040708 0.038474 0.036772 0.035601 0.03336 0.029696 0.028121
34 0.076117 0.072058 0.06935 0.066733 0.064184 0.06152 0.058742 0.055982 0.053406 0.05083 0.048195 0.0455 0.042806 0.040435 0.038096 0.035841 0.033668 0.031245 0.028488 0.026803
35 0.07539 0.073049 0.069989 0.066934 0.063882 0.061055 0.058453 0.055854 0.053284 0.050715 0.048192 0.045716 0.04324 0.040826 0.038418 0.035957 0.033443 0.030927 0.028409 0.026266
36 0.076146 0.073002 0.070253 0.067283 0.064148 0.061205 0.058454 0.055724 0.053202 0.050679 0.048139 0.045581 0.043023 0.040539 0.038063 0.035658 0.033325 0.030962 0.02856 0.026054
37 0.077348 0.073987 0.07082 0.067719 0.064667 0.061679 0.058754 0.055848 0.053144 0.050439 0.047763 0.045115 0.042467 0.040037 0.037629 0.035221 0.032814 0.030472 0.028217 0.025861
38 0.077982 0.074632 0.071262 0.068153 0.06524 0.062224 0.059107 0.056018 0.05323 0.050441 0.047674 0.044929 0.042184 0.039663 0.037164 0.034687 0.032234 0.029903 0.027735 0.025538
39 0.078751 0.075438 0.071896 0.068545 0.065338 0.062235 0.059236 0.056245 0.053333 0.050421 0.047589 0.044837 0.042085 0.039434 0.036792 0.034253 0.031817 0.029464 0.027221 0.025068
40 0.086363 0.085126 0.079779 0.075041 0.070759 0.066591 0.062537 0.058475 0.054328 0.050182 0.046301 0.042685 0.03907 0.035756 0.032472 0.029204 0.025952 0.022823 0.019857 0.016699
41 0.087426 0.086133 0.080287 0.075381 0.07118 0.066993 0.062818 0.058644 0.054472 0.050299 0.046333 0.042572 0.038811 0.035409 0.032041 0.028663 0.025276 0.022088 0.019165 0.016009
42 0.089003 0.085372 0.080491 0.075874 0.071456 0.067225 0.063181 0.059122 0.054914 0.050707 0.046633 0.042693 0.038753 0.035153 0.031587 0.028112 0.024728 0.021458 0.018338 0.015201
43 0.088592 0.085018 0.080813 0.076395 0.071818 0.067539 0.063559 0.059556 0.055315 0.051074 0.046917 0.042846 0.038774 0.035025 0.031308 0.027748 0.024345 0.021005 0.017748 0.014605
44 0.08915 0.085989 0.081459 0.076932 0.072407 0.06802 0.06377 0.059521 0.055281 0.051041 0.046871 0.042769 0.038667 0.03481 0.030975 0.027294 0.023767 0.020347 0.017071 0.013859
45 0.091191 0.086556 0.081825 0.077229 0.072735 0.068268 0.063828 0.059405 0.055163 0.050921 0.046739 0.042617 0.038494 0.034568 0.030662 0.026902 0.02329 0.019817 0.016529 0.01326
46 0.091598 0.087035 0.082347 0.07772 0.073139 0.068567 0.064006 0.059467 0.055165 0.050862 0.046629 0.042465 0.038302 0.03435 0.030419 0.026621 0.022956 0.019441 0.016127 0.012785
47 0.092219 0.087422 0.082745 0.078089 0.073449 0.06881 0.064174 0.05956 0.055187 0.050813 0.046527 0.042329 0.03813 0.034155 0.030201 0.026367 0.022652 0.019087 0.015725 0.012358
48 0.09274 0.087792 0.08305 0.078358 0.073704 0.069058 0.064419 0.059792 0.055301 0.05081 0.046447 0.042214 0.037982 0.033978 0.029997 0.02612 0.022348 0.018709 0.015248 0.011932
49 0.092989 0.088179 0.083364 0.078618 0.073924 0.06926 0.064626 0.059998 0.055424 0.050849 0.046421 0.04214 0.037859 0.033825 0.029814 0.025895 0.022068 0.018368 0.014836 0.011543
50 0.093401 0.088579 0.083671 0.078837 0.074059 0.069366 0.06476 0.060153 0.055538 0.050924 0.046442 0.042092 0.037743 0.033673 0.02963 0.025669 0.02179 0.018041 0.014465 0.011167
51 0.093744 0.08892 0.083988 0.079101 0.074248 0.069505 0.064872 0.06024 0.055613 0.050986 0.046467 0.042057 0.037647 0.033528 0.029437 0.025435 0.021522 0.017741 0.014134 0.010817
52 0.09423 0.089131 0.08427 0.07938 0.074469 0.069657 0.064943 0.060239 0.055634 0.051029 0.046497 0.042035 0.037574 0.033394 0.029241 0.0252 0.021271 0.01747 0.01384 0.010493
53 0.094383 0.08936 0.084491 0.079601 0.074695 0.069847 0.065057 0.060284 0.055684 0.051085 0.046532 0.042025 0.037519 0.033307 0.029123 0.025041 0.021063 0.017211 0.013528 0.010164
54 0.094482 0.089548 0.084608 0.079728 0.074891 0.070044 0.065186 0.06035 0.055747 0.051144 0.04657 0.042026 0.037481 0.033256 0.029061 0.024941 0.020894 0.016973 0.013221 0.0098486
55 0.094602 0.089704 0.084754 0.079862 0.075014 0.070159 0.065299 0.060459 0.055831 0.051202 0.046608 0.042047 0.037487 0.033212 0.028964 0.024799 0.020717 0.016761 0.01297 0.0095493
56 0.094672 0.089779 0.084874 0.079971 0.07507 0.070212 0.065396 0.060595 0.055934 0.051273 0.046662 0.042099 0.037537 0.033196 0.028877 0.024666 0.020563 0.016583 0.012764 0.0092795
57 0.094967 0.08989 0.084975 0.08007 0.075174 0.070317 0.0655 0.060693 0.056005 0.051316 0.046681 0.042098 0.037516 0.033135 0.028775 0.02453 0.020402 0.016395 0.012549 0.0090117
58 0.094963 0.089989 0.085046 0.080154 0.0753 0.070455 0.065621 0.060798 0.056089 0.05138 0.046721 0.042115 0.037508 0.033096 0.028703 0.024428 0.020271 0.016234 0.012359 0.0087686
59 0.095008 0.090004 0.085085 0.080199 0.075337 0.070507 0.065707 0.060913 0.056167 0.051422 0.04675 0.042153 0.037555 0.033116 0.028692 0.024377 0.02017 0.016088 0.012172 0.0085763
60 0.094833 0.089981 0.085111 0.080236 0.075358 0.070545 0.065797 0.061047 0.056264 0.051482 0.046799 0.042217 0.037634 0.033167 0.028712 0.024354 0.020094 0.015963 0.012004 0.0084032
61 0.094818 0.089904 0.085064 0.080234 0.075413 0.070628 0.06588 0.061129 0.056354 0.051578 0.04689 0.042288 0.037687 0.033182 0.028687 0.024299 0.020016 0.015855 0.011858 0.0082367
62 0.094564 0.089797 0.084993 0.080224 0.075481 0.070733 0.06598 0.061227 0.056466 0.051706 0.047012 0.042386 0.03776 0.033216 0.02868 0.024259 0.019955 0.015763 0.011722 0.008076
63 0.094545 0.089702 0.084975 0.080237 0.07549 0.070755 0.066031 0.061305 0.056553 0.051801 0.047097 0.042439 0.037782 0.033219 0.028665 0.024238 0.01994 0.015719 0.0116 0.0079069
64 0.09431 0.089608 0.084973 0.080271 0.07552 0.070797 0.066103 0.061404 0.056659 0.051914 0.047197 0.042507 0.037817 0.033232 0.028658 0.02422 0.01992 0.015668 0.011481 0.0077414
65 0.094249 0.089477 0.084872 0.080211 0.075509 0.070822 0.06615 0.061473 0.056738 0.052003 0.047287 0.042588 0.037889 0.033291 0.028702 0.024239 0.0199 0.015611 0.01139 0.007602
66 0.093983 0.089384 0.084808 0.080188 0.075533 0.070877 0.066218 0.061552 0.056823 0.052094 0.047375 0.042667 0.037958 0.033346 0.028742 0.024252 0.019874 0.015553 0.011308 0.0074662
67 0.093777 0.08914 0.084679 0.080139 0.075539 0.070912 0.066258 0.061599 0.056886 0.052173 0.047466 0.042765 0.038063 0.033437 0.028819 0.0243 0.01988 0.015531 0.011276 0.0073598
68 0.093459 0.088959 0.084595 0.080124 0.075572 0.070967 0.066309 0.061647 0.056954 0.05226 0.047562 0.04286 0.038159 0.033518 0.028883 0.024337 0.01988 0.015499 0.011218 0.0072374
69 0.093231 0.088759 0.084439 0.080029 0.075552 0.070983 0.066324 0.061667 0.057023 0.052379 0.047702 0.04299 0.038279 0.033623 0.028972 0.0244 0.019908 0.015483 0.011147 0.0071097
70 0.092858 0.088606 0.084324 0.079964 0.075545 0.071013 0.066368 0.061725 0.057108 0.052491 0.047824 0.043106 0.038388 0.033721 0.029058 0.02446 0.019926 0.015457 0.011077 0.0069826
71 0.092664 0.08838 0.084152 0.079838 0.075458 0.070985 0.06642 0.061849 0.057218 0.052587 0.047917 0.04321 0.038502 0.033833 0.029167 0.02454 0.019953 0.015439 0.011023 0.006866
72 0.092338 0.088188 0.083994 0.079716 0.075373 0.070957 0.066469 0.061968 0.057336 0.052704 0.048033 0.043323 0.038613 0.033936 0.029263 0.024616 0.019996 0.015442 0.010974 0.0067602
73 0.092057 0.08795 0.083764 0.07952 0.075231 0.070887 0.066487 0.062069 0.057465 0.052861 0.048196 0.04347 0.038744 0.034056 0.029371 0.02471 0.020073 0.015478 0.010941 0.0066683
74 0.091749 0.087764 0.083618 0.079414 0.075164 0.070867 0.066522 0.062155 0.057565 0.052975 0.048313 0.043579 0.038844 0.034149 0.029459 0.024783 0.020124 0.015493 0.0109 0.006563
75 0.091356 0.087528 0.083512 0.079378 0.075156 0.070882 0.066559 0.062212 0.057633 0.053054 0.048401 0.043673 0.038946 0.034252 0.029561 0.024872 0.020185 0.015515 0.010868 0.0064577
76 0.090937 0.08725 0.083325 0.079249 0.07506 0.070819 0.066527 0.062215 0.05769 0.053165 0.048539 0.04381 0.039082 0.034387 0.029696 0.024997 0.02029 0.015591 0.010901 0.0064708
77 0.090517 0.086923 0.083039 0.079012 0.074877 0.07069 0.066449 0.062191 0.057759 0.053327 0.048742 0.044003 0.039264 0.034565 0.02987 0.025159 0.02043 0.015699 0.010963 0.0065196
78 0.090047 0.086582 0.082767 0.07881 0.074747 0.070627 0.066451 0.062256 0.057863 0.05347 0.04891 0.044182 0.039455 0.034747 0.030041 0.025294 0.020507 0.015743 0.011009 0.0064893
79 0.089636 0.086114 0.082421 0.078573 0.074609 0.07058 0.066487 0.062367 0.057987 0.053607 0.049067 0.044368 0.039668 0.034951 0.030232 0.025444 0.020587 0.015787 0.011062 0.0064531
80 0.089306 0.085732 0.082137 0.078383 0.074509 0.07055 0.066506 0.062433 0.05806 0.053687 0.049167 0.044502 0.039837 0.035115 0.030388 0.025592 0.020727 0.015884 0.01107 0.0064143
81 0.088792 0.085406 0.08189 0.078218 0.074429 0.07053 0.066523 0.062483 0.05812 0.053757 0.049263 0.044639 0.040015 0.035291 0.030557 0.025755 0.020884 0.015994 0.011079 0.0063747
82 0.088313 0.085087 0.081662 0.078077 0.074371 0.070541 0.066585 0.062592 0.058209 0.053826 0.049351 0.044781 0.040212 0.035471 0.030712 0.025867 0.020934 0.016 0.011065 0.0063413
83 0.087929 0.084691 0.081379 0.077895 0.074283 0.070533 0.066644 0.06271 0.058302 0.053894 0.049437 0.044933 0.040429 0.03567 0.030886 0.025998 0.021005 0.016024 0.011059 0.0062975
84 0.087367 0.08429 0.081139 0.077728 0.074121 0.070417 0.066615 0.062763 0.0584 0.054036 0.049617 0.045141 0.040666 0.035887 0.031079 0.026168 0.021155 0.016126 0.011076 0.0062093
85 0.086835 0.083887 0.08092 0.077569 0.07393 0.070258 0.066554 0.062797 0.058491 0.054184 0.049807 0.045361 0.040914 0.036113 0.031278 0.026343 0.021308 0.016229 0.01109 0.0061312
86 0.086341 0.083504 0.080563 0.077279 0.07374 0.070156 0.066529 0.06285 0.058627 0.054404 0.050066 0.045613 0.04116 0.036323 0.03145 0.026486 0.02143 0.016305 0.011089 0.006085
87 0.086077 0.083101 0.080124 0.076905 0.073504 0.07003 0.066482 0.062883 0.05875 0.054616 0.050321 0.045866 0.041411 0.036542 0.031634 0.026638 0.021556 0.016392 0.011119 0.0060483
88 0.085507 0.082558 0.079698 0.076626 0.073395 0.070013 0.066482 0.062905 0.058859 0.054813 0.050565 0.046115 0.041665 0.03677 0.031833 0.026802 0.021677 0.016484 0.011204 0.0060276
89 0.084748 0.081921 0.079218 0.076315 0.073263 0.069982 0.066473 0.062925 0.058977 0.055029 0.050832 0.046385 0.041938 0.037034 0.032086 0.02703 0.021864 0.016627 0.011293 0.0060597
90 0.0843 0.08148 0.078805 0.075934 0.072915 0.069733 0.066388 0.062995 0.059115 0.055234 0.051062 0.0466 0.042137 0.037264 0.032353 0.027298 0.0221 0.016798 0.011357 0.0061333
91 0.08339 0.081056 0.078372 0.075524 0.072552 0.069479 0.066305 0.063074 0.059266 0.055458 0.051327 0.046873 0.042419 0.037569 0.032681 0.027614 0.02237 0.017004 0.011476 0.0061908
92 0.082546 0.080542 0.077931 0.075225 0.072448 0.069483 0.066332 0.063124 0.059329 0.055535 0.051448 0.047071 0.042694 0.037854 0.03297 0.027883 0.022592 0.017178 0.0116 0.0062139
93 0.081909 0.079938 0.077419 0.074867 0.072289 0.069444 0.066332 0.063164 0.059412 0.055661 0.051629 0.047318 0.043006 0.038158 0.033259 0.02814 0.022803 0.017346 0.011728 0.0061789
94 0.08099 0.079637 0.077229 0.074694 0.072064 0.06924 0.066221 0.063147 0.059495 0.055843 0.051875 0.047591 0.043307 0.03843 0.033496 0.028343 0.022971 0.017484 0.011844 0.0061004
95 0.080036 0.07925 0.076972 0.074484 0.071838 0.069054 0.066131 0.063151 0.059591 0.05603 0.052111 0.047832 0.043553 0.038701 0.033792 0.028617 0.023174 0.017626 0.011939 0.0061191
96 0.079945 0.078799 0.076615 0.074235 0.071709 0.068992 0.066086 0.063126 0.059617 0.056107 0.052208 0.04792 0.043632 0.038863 0.034048 0.028875 0.023346 0.017731 0.011999 0.0061481
97 0.079687 0.078217 0.076118 0.07388 0.071536 0.068934 0.066074 0.063161 0.059707 0.056253 0.052398 0.04814 0.043883 0.03909 0.034246 0.029042 0.02348 0.017846 0.012117 0.0061906
98 0.079209 0.077957 0.075641 0.073472 0.071415 0.068974 0.06615 0.063272 0.059836 0.056401 0.05258 0.048373 0.044165 0.039282 0.034333 0.02908 0.023524 0.017909 0.012213 0.0062162
99 0.079139 0.077388 0.075021 0.072944 0.071084 0.068783 0.066043 0.063248 0.059893 0.056538 0.052781 0.048623 0.044465 0.03956 0.034583 0.029319 0.02377 0.018136 0.012388 0.006293
100 0.077814 0.076643 0.074834 0.072882 0.070823 0.068493 0.065891 0.063232 0.059996 0.056759 0.053076 0.048945 0.044814 0.039895 0.0349 0.029623 0.024065 0.018392 0.012568 0.0063545
101 0.077116 0.075747 0.07451 0.072788 0.070701 0.068401 0.065887 0.06331 0.060083 0.056857 0.053204 0.049126 0.045048 0.040177 0.035229 0.029972 0.024407 0.018632 0.012576 0.0062298
102 0.0765 0.075587 0.074267 0.072646 0.070799 0.068585 0.066004 0.063359 0.060041 0.056723 0.05307 0.049082 0.045094 0.040311 0.035451 0.030244 0.024688 0.018834 0.01258 0.006136
103 0.07521 0.075056 0.073746 0.072269 0.070666 0.068562 0.065956 0.063296 0.06007 0.056844 0.053285 0.049392 0.045499 0.040708 0.03583 0.030558 0.02489 0.019002 0.012822 0.0063389
104 0.074606 0.074314 0.073203 0.071895 0.070439 0.068401 0.06578 0.063121 0.060059 0.056997 0.05355 0.049719 0.045888 0.041072 0.036161 0.03083 0.025079 0.019185 0.013102 0.0065975
105 0.073561 0.073339 0.072296 0.071178 0.070003 0.068152 0.065624 0.063064 0.060177 0.05729 0.053943 0.050136 0.046329 0.041513 0.036599 0.031254 0.025476 0.019575 0.013512 0.0069772
106 0.072456 0.072837 0.071474 0.070428 0.06962 0.068 0.06557 0.063111 0.06036 0.057609 0.054327 0.050513 0.0467 0.041861 0.036924 0.031573 0.025808 0.019887 0.013759 0.0071817
107 0.072098 0.072589 0.071064 0.070044 0.069404 0.067929 0.06562 0.06327 0.060498 0.057726 0.05446 0.050701 0.046942 0.042016 0.036977 0.031663 0.026072 0.020128 0.013713 0.0070873
108 0.072265 0.072333 0.070852 0.069796 0.069058 0.067614 0.065465 0.063258 0.060447 0.057636 0.054413 0.050778 0.047143 0.042204 0.037138 0.031852 0.026346 0.020417 0.013926 0.0070617
109 0.071982 0.071586 0.06999 0.06902 0.06852 0.067315 0.065405 0.063417 0.060618 0.05782 0.054618 0.051014 0.047409 0.042597 0.037669 0.032315 0.026535 0.020606 0.014478 0.0070867
110 0.071718 0.071017 0.069029 0.068138 0.068072 0.067181 0.065466 0.063652 0.060819 0.057986 0.05479 0.051233 0.047676 0.042943 0.038096 0.032727 0.026836 0.020819 0.014632 0.0071681
111 0.071129 0.070638 0.068487 0.067576 0.067597 0.066796 0.065173 0.063479 0.061045 0.058612 0.055533 0.051807 0.048082 0.043186 0.038177 0.032839 0.02717 0.021059 0.014358 0.0072573
112 0.070779 0.070524 0.068234 0.067138 0.066936 0.066057 0.0645 0.062908 0.060957 0.059006 0.056109 0.052265 0.048422 0.043459 0.038388 0.033118 0.02765 0.021521 0.014512 0.0075173
113 0.070744 0.069668 0.067499 0.066441 0.066218 0.06544 0.064108 0.062734 0.060925 0.059115 0.056326 0.052558 0.04879 0.043868 0.038833 0.033627 0.028248 0.022093 0.014905 0.0078585
114 0.070727 0.068517 0.066647 0.065718 0.065495 0.064826 0.063711 0.062549 0.060915 0.05928 0.056631 0.052968 0.049306 0.044373 0.039317 0.034132 0.028817 0.022648 0.015344 0.0080794
115 0.070334 0.067872 0.066121 0.065201 0.064905 0.064408 0.06371 0.06292 0.061184 0.059448 0.056788 0.053205 0.049622 0.04461 0.039459 0.034283 0.029082 0.022978 0.015674 0.0081978
