1 0 0 0 0 0 0 0 0 0 0 0 0 0 0 0 0 0 0 0 0
2 0 0 0 0 0 0 0 0 0 0 0 0 0 0 0 0 0 0 0 0
3 0 0 0 0 0 0 0 0 0 0 0 0 0 0 0 0 0 0 0 0
4 0 0 0 0 0 0 0 0 0 0 0 0 0 0 0 0 0 0 0 0
5 0 0 0 0 0 0 0 0 0 0 0 0 0 0 0 0 0 0 0 0
6 0 0 0 0 0 0 0 0 0 0 0 0 0 0 0 0 0 0 0 0
7 0 0 0 0 0 0 0 0 0 0 0 0 0 0 0 0 0 0 0 0
8 0 0 0 0 0 0 0 0 0 0 0 0 0 0 0 0 0 0 0 0
9 0 0 0 0 0 0 0 0 0 0 0 0 0 0 0 0 0 0 0 0
10 0 0 0 0 0 0 0 0 0 0 0 0 0 0 0 0 0 0 0 0
11 0 0 0 0 0 0 0 0 0 0 0 0 0 0 0 0 0 0 0 0
12 0 0 0 0 0 0 0 0 0 0 0 0 0 0 0 0 0 0 0 0
13 0 0 0 0 0 0 0 0 0 0 0 0 0 0 0 0 0 0 0 0
14 0 0 0 0 0 0 0 0 0 0 0 0 0 0 0 0 0 0 0 0
15 0 0 0 0 0 0 0 0 0 0 0 0 0 0 0 0 0 0 0 0
16 0 0 0 0 0 0 0 0 0 0 0 0 0 0 0 0 0 0 0 0
17 0 0 0 0 0 0 0 0 0 0 0 0 0 0 0 0 0 0 0 0
18 0 0 0 0 0 0 0 0 0 0 0 0 0 0 0 0 0 0 0 0
19 0 0 0 0 0 0 0 0 0 0 0 0 0 0 0 0 0 0 0 0
20 0 0 0 0 0 0 0 0 0 0 0 0 0 0 0 0 0 0 0 0
21 0 0 0 0 0 0 0 0 0 0 0 0 0 0 0 0 0 0 0 0
22 0 0 0 0 0 0 0 0 0 0 0 0 0 0 0 0 0 0 0 0
23 0 0 0 0 0 0 0 0 0 0 0 0 0 0 0 0 0 0 0 0
24 0 0 0 0 0 0 0 0 0 0 0 0 0 0 0 0 0 0 0 0
25 0 0 0 0 0 0 0 0 0 0 0 0 0 0 0 0 0 0 0 0
26 0 0 0 0 0 0 0 0 0 0 0 0 0 0 0 0 0 0 0 0
27 0.069394 0.059733 0.05685 0.055676 0.055787 0.056153 0.056775 0.057249 0.05619 0.055131 0.053448 0.051139 0.048831 0.046404 0.043966 0.041333 0.038506 0.036335 0.035036 0.026062
28 0.074141 0.068547 0.065275 0.062848 0.061056 0.059604 0.058492 0.057259 0.054774 0.052289 0.049617 0.046757 0.043896 0.041439 0.03902 0.037228 0.036062 0.033748 0.029907 0.02804
29 0.076274 0.071765 0.068565 0.066087 0.064151 0.061716 0.058783 0.055893 0.053449 0.051004 0.048349 0.045484 0.042619 0.040342 0.038122 0.035993 0.033956 0.03158 0.028754 0.027113
30 0.075353 0.072964 0.07013 0.067054 0.063795 0.060929 0.058456 0.05597 0.053348 0.050726 0.048156 0.045638 0.04312 0.040777 0.03845 0.035978 0.033362 0.030852 0.028485 0.026455
31 0.075632 0.072912 0.070168 0.067211 0.064094 0.061163 0.058416 0.055695 0.053236 0.050778 0.048267 0.045704 0.043141 0.040654 0.038175 0.035749 0.033378 0.03098 0.028547 0.0261
32 0.077235 0.073849 0.070717 0.067584 0.064452 0.061469 0.058635 0.055817 0.05315 0.050483 0.047839 0.045218 0.042596 0.040148 0.037717 0.035322 0.032962 0.03062 0.028302 0.025886
33 0.077737 0.074377 0.071105 0.068101 0.065299 0.062297 0.059094 0.05593 0.053183 0.050435 0.047685 0.044932 0.042178 0.039708 0.037265 0.034811 0.032347 0.030015 0.02786 0.025643
34 0.078686 0.075376 0.071734 0.068349 0.065155 0.062092 0.059161 0.056232 0.053336 0.05044 0.047623 0.044887 0.042151 0.039508 0.036874 0.034342 0.031911 0.029572 0.027355 0.025215
35 0.078981 0.075623 0.07235 0.06909 0.06584 0.062624 0.059443 0.056281 0.053323 0.050365 0.047489 0.044692 0.041896 0.039221 0.036558 0.034001 0.031549 0.029158 0.026848 0.024665
36 0.079753 0.076305 0.07286 0.069478 0.066143 0.062847 0.05959 0.056354 0.053326 0.050299 0.047378 0.044562 0.041746 0.038992 0.036244 0.033627 0.031141 0.028726 0.026405 0.024225
37 0.080398 0.076897 0.07331 0.069811 0.066377 0.063029 0.059767 0.056518 0.0534 0.050283 0.047283 0.044399 0.041515 0.038739 0.035973 0.033331 0.030813 0.028353 0.02597 0.023835
38 0.080871 0.077342 0.073745 0.070185 0.066653 0.063245 0.05996 0.056683 0.053482 0.050282 0.047208 0.044262 0.041316 0.03852 0.03574 0.033064 0.030493 0.027984 0.025556 0.023408
39 0.081289 0.077723 0.074155 0.070566 0.066962 0.063482 0.060126 0.05678 0.053533 0.050287 0.047173 0.044191 0.041209 0.03836 0.035524 0.032788 0.030151 0.027603 0.025173 0.022927
40 0.090919 0.086454 0.081733 0.077143 0.072651 0.068203 0.063797 0.059406 0.055171 0.050936 0.046762 0.042648 0.038534 0.034617 0.03072 0.026975 0.02338 0.01992 0.016639 0.013393
41 0.091642 0.086939 0.082236 0.077611 0.073046 0.068495 0.063958 0.059444 0.055153 0.050863 0.04664 0.042486 0.038331 0.034386 0.030461 0.026672 0.023021 0.019517 0.016211 0.012888
42 0.092147 0.087335 0.082669 0.078019 0.073379 0.068741 0.064102 0.05949 0.055148 0.050806 0.04654 0.042351 0.038161 0.034194 0.030248 0.026426 0.022728 0.019187 0.015854 0.012475
43 0.092614 0.087731 0.082999 0.07831 0.073655 0.069006 0.064364 0.059737 0.055272 0.050806 0.04646 0.042234 0.038008 0.034011 0.030036 0.02617 0.022412 0.018792 0.015356 0.012029
44 0.093014 0.088079 0.083285 0.078559 0.073885 0.069226 0.064582 0.059946 0.05538 0.050815 0.046402 0.04214 0.037878 0.033853 0.029852 0.025946 0.022135 0.01845 0.014933 0.011642
45 0.093364 0.088502 0.083612 0.078794 0.074031 0.069342 0.064726 0.060112 0.055505 0.050898 0.046427 0.042093 0.03776 0.033698 0.029663 0.025713 0.021848 0.018112 0.014548 0.011253
46 0.093576 0.088887 0.083931 0.079041 0.0742 0.069472 0.064858 0.060241 0.055606 0.050971 0.046455 0.042058 0.037661 0.033558 0.029484 0.025493 0.021586 0.01781 0.01421 0.010903
47 0.094244 0.089089 0.084206 0.079314 0.074414 0.069616 0.064919 0.06023 0.055619 0.051007 0.046477 0.042028 0.037579 0.033414 0.029277 0.025246 0.021322 0.017528 0.013905 0.010567
48 0.094315 0.089334 0.084478 0.079582 0.074654 0.069803 0.065028 0.060268 0.055668 0.051067 0.046518 0.042021 0.037524 0.033315 0.029133 0.025063 0.021103 0.017271 0.013608 0.010248
49 0.094482 0.089519 0.084593 0.079706 0.07485 0.069999 0.065155 0.060332 0.055728 0.051125 0.046555 0.042018 0.037482 0.03326 0.029068 0.024958 0.020929 0.017026 0.013292 0.0099234
50 0.09459 0.089699 0.084734 0.079842 0.075005 0.070149 0.065275 0.060423 0.055801 0.05118 0.046589 0.042028 0.037468 0.03321 0.028981 0.024829 0.020753 0.016804 0.013021 0.0096195
51 0.094642 0.089777 0.084858 0.079955 0.075063 0.070204 0.065375 0.060562 0.055908 0.051253 0.046645 0.042082 0.037519 0.033194 0.028893 0.024694 0.020597 0.016623 0.012812 0.0093447
52 0.094917 0.089882 0.08497 0.080059 0.07515 0.070288 0.065473 0.060669 0.055985 0.0513 0.04667 0.042092 0.037515 0.033143 0.028791 0.024554 0.020434 0.016435 0.012598 0.0090752
53 0.095024 0.08997 0.085032 0.080135 0.075269 0.07042 0.065588 0.060768 0.056063 0.051358 0.046705 0.042104 0.037503 0.033099 0.028715 0.024448 0.020299 0.01627 0.012403 0.0088277
54 0.094993 0.090025 0.085092 0.080201 0.075341 0.070504 0.06569 0.060882 0.056145 0.051408 0.046738 0.042136 0.037533 0.033101 0.028685 0.024381 0.020188 0.016119 0.012215 0.0086211
55 0.094904 0.089993 0.08511 0.08023 0.075354 0.070536 0.065774 0.061012 0.056237 0.051463 0.046783 0.042196 0.03761 0.03315 0.028702 0.024355 0.020109 0.015991 0.012044 0.008446
56 0.094831 0.089943 0.085092 0.080246 0.075404 0.070608 0.06586 0.061109 0.056329 0.051548 0.04686 0.042263 0.037667 0.033172 0.028687 0.024306 0.020029 0.015877 0.011891 0.0082764
57 0.094667 0.08982 0.085007 0.080222 0.075459 0.070701 0.06595 0.061197 0.056432 0.051667 0.046976 0.042358 0.03774 0.033208 0.028684 0.024271 0.019971 0.015788 0.01176 0.0081218
58 0.094587 0.089735 0.084986 0.080238 0.075491 0.070751 0.066017 0.061281 0.056526 0.051771 0.047069 0.042419 0.03777 0.033212 0.028663 0.024239 0.01994 0.015727 0.011629 0.0079491
59 0.094406 0.089608 0.084952 0.080242 0.075493 0.070771 0.066075 0.061375 0.056632 0.05189 0.047178 0.042496 0.037815 0.033235 0.028665 0.024233 0.019938 0.015693 0.011516 0.0077862
60 0.094296 0.08951 0.084896 0.080224 0.075508 0.070811 0.066135 0.061452 0.056715 0.051978 0.047262 0.042565 0.037869 0.033274 0.02869 0.024233 0.019904 0.015626 0.011413 0.0076382
61 0.094005 0.089378 0.084801 0.080177 0.075518 0.07086 0.066204 0.061541 0.056813 0.052085 0.047368 0.042661 0.037954 0.033344 0.028744 0.024259 0.019889 0.015572 0.011326 0.0075004
62 0.093821 0.089195 0.084707 0.080149 0.075537 0.070903 0.066248 0.061588 0.056871 0.052155 0.047445 0.042742 0.038039 0.033416 0.028801 0.024289 0.019881 0.015539 0.011285 0.0073886
63 0.093475 0.08897 0.084597 0.080119 0.075561 0.070957 0.066306 0.061651 0.056949 0.052248 0.047547 0.042847 0.038147 0.033508 0.028875 0.024333 0.019883 0.015511 0.011242 0.0072742
64 0.093291 0.088798 0.08447 0.080047 0.075553 0.070977 0.066319 0.061662 0.057007 0.052351 0.047669 0.04296 0.038251 0.033599 0.028952 0.024387 0.019904 0.01549 0.011168 0.0071448
65 0.0929 0.088629 0.084345 0.079983 0.075562 0.07102 0.066358 0.0617 0.057087 0.052474 0.047807 0.043087 0.038367 0.033699 0.029037 0.024446 0.019924 0.015467 0.011094 0.0070147
66 0.092695 0.088424 0.084186 0.079863 0.075475 0.07099 0.066407 0.06182 0.057193 0.052566 0.047898 0.043188 0.038479 0.033809 0.029144 0.024525 0.019951 0.015448 0.01104 0.0068989
67 0.092368 0.088231 0.084039 0.079756 0.075403 0.070973 0.066466 0.061948 0.05731 0.052672 0.048 0.043294 0.038589 0.033915 0.029243 0.0246 0.019984 0.015438 0.010986 0.0067862
68 0.092127 0.087992 0.083808 0.079558 0.07526 0.0709 0.066481 0.062044 0.057435 0.052825 0.04816 0.043439 0.038717 0.034032 0.02935 0.024692 0.020058 0.015474 0.010954 0.0066952
69 0.09179 0.087803 0.083632 0.079414 0.075162 0.070862 0.066514 0.062145 0.057554 0.052963 0.0483 0.043565 0.038829 0.034134 0.029443 0.02477 0.020117 0.015494 0.010913 0.0065929
70 0.091437 0.087566 0.083523 0.079376 0.07515 0.070874 0.066548 0.062199 0.057619 0.053039 0.048385 0.043657 0.038929 0.034234 0.029543 0.024857 0.020176 0.015516 0.010881 0.0064889
71 0.090988 0.087307 0.083378 0.079295 0.075097 0.070848 0.066547 0.062224 0.05768 0.053135 0.0485 0.043774 0.039049 0.034355 0.029664 0.024968 0.020265 0.015572 0.010891 0.0064624
72 0.090606 0.086981 0.083092 0.079058 0.074914 0.070717 0.066467 0.062199 0.057746 0.053293 0.048699 0.043963 0.039228 0.03453 0.029836 0.025127 0.020403 0.015678 0.010952 0.0065104
73 0.090095 0.086665 0.082829 0.078853 0.074771 0.070635 0.066444 0.062235 0.057841 0.053447 0.048883 0.04415 0.039418 0.034711 0.030008 0.02527 0.020499 0.015742 0.011003 0.0065029
74 0.089673 0.086205 0.082488 0.07862 0.074637 0.07059 0.06648 0.062345 0.057964 0.053583 0.049039 0.044334 0.039628 0.034913 0.030197 0.025418 0.020578 0.015785 0.011056 0.0064676
75 0.08936 0.085779 0.082174 0.078408 0.07452 0.070552 0.066504 0.062426 0.058054 0.053681 0.049158 0.044484 0.03981 0.035088 0.030362 0.025566 0.020701 0.015867 0.011075 0.0064293
76 0.088886 0.085454 0.081926 0.07824 0.074437 0.070528 0.066516 0.062473 0.05811 0.053748 0.04925 0.044617 0.039983 0.03526 0.030528 0.025728 0.020859 0.01598 0.011087 0.0063903
77 0.088369 0.08514 0.081698 0.078097 0.074377 0.070534 0.066569 0.062567 0.058194 0.05382 0.049342 0.044759 0.040177 0.03544 0.030687 0.025852 0.020934 0.01601 0.011077 0.0063556
78 0.087992 0.084753 0.081422 0.077921 0.074293 0.070529 0.066629 0.062685 0.058287 0.053889 0.04943 0.044911 0.040391 0.035636 0.030858 0.025976 0.020992 0.01602 0.011065 0.0063215
79 0.087463 0.08434 0.081157 0.077741 0.074148 0.070443 0.066625 0.062757 0.058385 0.054012 0.049586 0.045106 0.040626 0.035852 0.031049 0.026143 0.021133 0.016113 0.011082 0.0062397
80 0.086885 0.083951 0.080948 0.077591 0.073967 0.070293 0.066571 0.062796 0.058479 0.054161 0.049775 0.045323 0.04087 0.036075 0.031247 0.026318 0.021288 0.016219 0.011098 0.0061468
81 0.086414 0.083545 0.08062 0.077331 0.073769 0.070169 0.066531 0.06284 0.058601 0.054363 0.050018 0.045569 0.041119 0.036292 0.031428 0.026469 0.021417 0.016301 0.011101 0.0061044
82 0.08605 0.083168 0.080209 0.076982 0.073556 0.070062 0.066501 0.062888 0.058734 0.05458 0.050276 0.045821 0.041367 0.036504 0.031601 0.026613 0.02154 0.016381 0.011108 0.0060587
83 0.08568 0.082639 0.079756 0.076656 0.073395 0.07 0.066474 0.062899 0.058837 0.054774 0.050518 0.046069 0.041619 0.036732 0.031802 0.026779 0.021663 0.016475 0.011193 0.0060401
84 0.084792 0.082057 0.079327 0.076392 0.073304 0.070002 0.066486 0.062929 0.058959 0.05499 0.050783 0.04634 0.041897 0.036987 0.032033 0.026976 0.021818 0.016595 0.011285 0.0060464
85 0.084351 0.081526 0.078863 0.075999 0.072984 0.069787 0.066409 0.062985 0.059092 0.0552 0.051025 0.046569 0.042112 0.037231 0.032309 0.027252 0.02206 0.016771 0.011354 0.0061215
86 0.083567 0.08113 0.078459 0.075605 0.072613 0.069518 0.066318 0.063064 0.059245 0.055425 0.051283 0.046817 0.042351 0.037502 0.032615 0.027556 0.022323 0.016969 0.011452 0.0061888
87 0.08264 0.080617 0.078003 0.075274 0.072459 0.069477 0.066327 0.063121 0.059328 0.055535 0.051441 0.047046 0.042652 0.037809 0.032924 0.02784 0.022558 0.017152 0.011582 0.0062165
88 0.082008 0.080044 0.077499 0.074921 0.072318 0.069455 0.066333 0.063154 0.059386 0.055619 0.051578 0.047265 0.042951 0.038112 0.033221 0.028111 0.02278 0.017328 0.011712 0.0062047
89 0.08123 0.079648 0.077226 0.074698 0.072091 0.069271 0.066238 0.063149 0.059479 0.055809 0.05183 0.047542 0.043254 0.038385 0.033461 0.028315 0.02295 0.017467 0.011828 0.0061303
90 0.0801 0.079312 0.07701 0.074502 0.071839 0.069046 0.066124 0.063146 0.059581 0.056016 0.052098 0.047826 0.043554 0.038683 0.033755 0.028578 0.023154 0.017619 0.011938 0.0061197
91 0.079826 0.078853 0.076659 0.074265 0.071721 0.068998 0.066096 0.06314 0.059625 0.056109 0.05221 0.047928 0.043646 0.038855 0.034015 0.028841 0.023331 0.017728 0.012002 0.0061505
92 0.079766 0.078276 0.076189 0.073925 0.071528 0.068899 0.06604 0.063128 0.059678 0.056227 0.05237 0.048106 0.043841 0.039071 0.034252 0.029059 0.023492 0.017851 0.01211 0.0061931
93 0.079213 0.07796 0.075708 0.073534 0.07142 0.068951 0.066127 0.06325 0.059817 0.056384 0.05256 0.048343 0.044127 0.039268 0.034346 0.029104 0.023543 0.017918 0.012207 0.0062198
94 0.079125 0.077497 0.075031 0.072941 0.071132 0.068848 0.066087 0.063272 0.059897 0.056522 0.052754 0.048593 0.044432 0.039529 0.034554 0.029291 0.023738 0.018105 0.012366 0.0062865
95 0.077886 0.076765 0.074839 0.072871 0.070871 0.068558 0.065933 0.063251 0.059992 0.056734 0.053037 0.048903 0.044768 0.039852 0.034861 0.029585 0.024024 0.018357 0.01255 0.0063634
96 0.077162 0.075825 0.074529 0.07276 0.070636 0.068329 0.06584 0.063288 0.06009 0.056892 0.053247 0.049155 0.045062 0.040173 0.035207 0.029939 0.024368 0.018611 0.012605 0.0062807
97 0.076585 0.07556 0.074272 0.07264 0.070749 0.068526 0.065972 0.063354 0.060067 0.056781 0.053135 0.049129 0.045123 0.040318 0.035436 0.030214 0.024654 0.018803 0.012564 0.0061173
98 0.07546 0.075118 0.073783 0.072285 0.070664 0.068558 0.065968 0.063319 0.060067 0.056815 0.053238 0.049337 0.045436 0.040655 0.035788 0.030533 0.024888 0.019 0.012788 0.0062997
99 0.074678 0.074431 0.073289 0.071955 0.070477 0.068436 0.06583 0.063182 0.060088 0.056993 0.053525 0.049682 0.045839 0.041023 0.036114 0.030782 0.025029 0.019123 0.013014 0.0065097
100 0.073746 0.073386 0.07242 0.0713 0.070063 0.068175 0.065637 0.063066 0.060158 0.057249 0.053894 0.050092 0.04629 0.041473 0.036558 0.031211 0.02543 0.01952 0.013437 0.0068931
101 0.072587 0.07286 0.071586 0.070537 0.069657 0.067996 0.065554 0.063084 0.060309 0.057534 0.054245 0.050441 0.046637 0.041825 0.036916 0.031567 0.025778 0.019869 0.013799 0.0072204
102 0.071985 0.072538 0.07102 0.070022 0.069416 0.067948 0.06562 0.063254 0.060501 0.057749 0.054486 0.050713 0.04694 0.042037 0.037024 0.031696 0.026053 0.020107 0.013759 0.0071317
103 0.072124 0.072357 0.070882 0.069849 0.069149 0.067711 0.065536 0.063307 0.060515 0.057723 0.054487 0.050807 0.047128 0.042137 0.03702 0.031741 0.026299 0.020372 0.013799 0.0070582
104 0.071956 0.071621 0.070118 0.069147 0.068575 0.06732 0.065382 0.06337 0.060592 0.057814 0.054623 0.051019 0.047415 0.042568 0.037602 0.032261 0.026546 0.020606 0.014367 0.0071005
105 0.07167 0.071073 0.069193 0.0683 0.068148 0.067197 0.065449 0.063605 0.060781 0.057956 0.054755 0.051178 0.047601 0.042897 0.038083 0.032708 0.026769 0.020775 0.014707 0.0071535
106 0.071175 0.070534 0.068427 0.067568 0.067647 0.066877 0.065256 0.063556 0.061033 0.05851 0.055409 0.051731 0.048052 0.043198 0.03823 0.032879 0.027143 0.021048 0.014473 0.007254
107 0.070625 0.070528 0.068286 0.067247 0.067114 0.066267 0.064709 0.063106 0.061048 0.058989 0.056036 0.052188 0.04834 0.043374 0.038301 0.03302 0.027532 0.021408 0.014436 0.0074463
108 0.070663 0.069805 0.067596 0.06653 0.066321 0.065538 0.064178 0.062778 0.06095 0.059122 0.056317 0.052537 0.048756 0.043824 0.03878 0.033554 0.028145 0.021988 0.014834 0.0077853
109 0.070614 0.068716 0.066797 0.065856 0.06565 0.064967 0.063807 0.0626 0.060911 0.059222 0.05654 0.052864 0.049188 0.044284 0.039261 0.034082 0.028748 0.02257 0.015269 0.0080543
110 0.07032 0.067786 0.066087 0.065223 0.064986 0.064483 0.063712 0.06286 0.061159 0.059459 0.056811 0.053214 0.049617 0.044625 0.039499 0.034316 0.029079 0.022948 0.015627 0.0081898
111 0.069955 0.06771 0.065833 0.064771 0.064321 0.063915 0.063554 0.063066 0.061262 0.059457 0.056816 0.053339 0.049861 0.044909 0.039814 0.034617 0.02932 0.023187 0.015942 0.0083514
112 0.069421 0.067326 0.065708 0.06451 0.063627 0.063108 0.062954 0.062671 0.061063 0.059455 0.056968 0.053602 0.050236 0.045522 0.040677 0.035383 0.029639 0.023326 0.016254 0.0085492
113 0.069141 0.066568 0.065677 0.064395 0.06282 0.062042 0.062062 0.061965 0.060654 0.059342 0.057108 0.05395 0.050793 0.046197 0.041461 0.036122 0.030178 0.023798 0.016838 0.0088876
114 0.068932 0.065468 0.064714 0.06345 0.061802 0.061249 0.061792 0.062167 0.060809 0.059451 0.057337 0.054467 0.051596 0.046794 0.041805 0.036419 0.030634 0.024378 0.017493 0.0092442
115 0.068572 0.064512 0.06331 0.061986 0.060571 0.060407 0.061492 0.062357 0.060939 0.059521 0.057538 0.054991 0.052444 0.047578 0.042489 0.037092 0.031388 0.025113 0.018078 0.0096226
