1 0 0 0 0 0 0 0 0 0 0 0 0 0 0 0 0 0 0 0 0
2 0 0 0 0 0 0 0 0 0 0 0 0 0 0 0 0 0 0 0 0
3 0 0 0 0 0 0 0 0 0 0 0 0 0 0 0 0 0 0 0 0
4 0 0 0 0 0 0 0 0 0 0 0 0 0 0 0 0 0 0 0 0
5 0 0 0 0 0 0 0 0 0 0 0 0 0 0 0 0 0 0 0 0
6 0 0 0 0 0 0 0 0 0 0 0 0 0 0 0 0 0 0 0 0
7 0 0 0 0 0 0 0 0 0 0 0 0 0 0 0 0 0 0 0 0
8 0 0 0 0 0 0 0 0 0 0 0 0 0 0 0 0 0 0 0 0
9 0 0 0 0 0 0 0 0 0 0 0 0 0 0 0 0 0 0 0 0
10 0 0 0 0 0 0 0 0 0 0 0 0 0 0 0 0 0 0 0 0
11 0 0 0 0 0 0 0 0 0 0 0 0 0 0 0 0 0 0 0 0
12 0 0 0 0 0 0 0 0 0 0 0 0 0 0 0 0 0 0 0 0
13 0 0 0 0 0 0 0 0 0 0 0 0 0 0 0 0 0 0 0 0
14 0 0 0 0 0 0 0 0 0 0 0 0 0 0 0 0 0 0 0 0
15 0 0 0 0 0 0 0 0 0 0 0 0 0 0 0 0 0 0 0 0
16 0 0 0 0 0 0 0 0 0 0 0 0 0 0 0 0 0 0 0 0
17 0 0 0 0 0 0 0 0 0 0 0 0 0 0 0 0 0 0 0 0
18 0 0 0 0 0 0 0 0 0 0 0 0 0 0 0 0 0 0 0 0
19 0 0 0 0 0 0 0 0 0 0 0 0 0 0 0 0 0 0 0 0
20 0 0 0 0 0 0 0 0 0 0 0 0 0 0 0 0 0 0 0 0
21 0 0 0 0 0 0 0 0 0 0 0 0 0 0 0 0 0 0 0 0
22 0 0 0 0 0 0 0 0 0 0 0 0 0 0 0 0 0 0 0 0
23 0 0 0 0 0 0 0 0 0 0 0 0 0 0 0 0 0 0 0 0
24 0.069369 0.059714 0.056835 0.055664 0.055777 0.056146 0.056771 0.057247 0.056186 0.055125 0.053444 0.051142 0.04884 0.046415 0.043978 0.041347 0.038521 0.036351 0.035053 0.026076
25 0.07213 0.065013 0.062012 0.060287 0.059519 0.058879 0.058365 0.057717 0.055673 0.053629 0.0512 0.048386 0.045572 0.042832 0.040098 0.038104 0.036849 0.03471 0.031394 0.027633
26 0.074635 0.069822 0.066463 0.064529 0.063665 0.062012 0.05957 0.057094 0.054269 0.051444 0.048644 0.045867 0.04309 0.040468 0.03786 0.035953 0.034746 0.032663 0.029412 0.027795
27 0.07579 0.072197 0.069794 0.067072 0.06411 0.061292 0.058617 0.055952 0.053381 0.05081 0.04821 0.045582 0.042954 0.040602 0.038277 0.03588 0.03341 0.030942 0.028479 0.026648
28 0.075441 0.073079 0.069975 0.066957 0.064006 0.061148 0.058384 0.055649 0.053209 0.050768 0.04829 0.045773 0.043256 0.040793 0.038335 0.035884 0.033438 0.030973 0.02848 0.026163
29 0.076742 0.073351 0.070427 0.067381 0.064243 0.061283 0.058501 0.055735 0.053145 0.050555 0.047981 0.045424 0.042866 0.040384 0.037909 0.035523 0.033227 0.030884 0.028481 0.025956
30 0.077525 0.074118 0.070956 0.067899 0.064922 0.06192 0.058892 0.05589 0.053141 0.050392 0.047677 0.044998 0.042318 0.039904 0.037516 0.035093 0.032637 0.030294 0.028103 0.025805
31 0.078302 0.074952 0.071468 0.068237 0.065198 0.062162 0.059129 0.056114 0.053277 0.05044 0.047651 0.04491 0.04217 0.039594 0.037034 0.034533 0.032091 0.02976 0.027578 0.025401
32 0.078869 0.075533 0.072102 0.068787 0.065558 0.062405 0.059326 0.056261 0.053327 0.050394 0.047542 0.04477 0.041999 0.039337 0.036685 0.034138 0.031695 0.029326 0.027055 0.02489
33 0.079396 0.075987 0.07266 0.06935 0.06605 0.062781 0.059541 0.056322 0.053324 0.050326 0.047422 0.04461 0.041799 0.039082 0.036374 0.033783 0.031307 0.0289 0.026585 0.024402
34 0.08018 0.076688 0.073128 0.069665 0.066276 0.062946 0.059674 0.056421 0.053348 0.050275 0.047318 0.044477 0.041636 0.038854 0.036079 0.03344 0.030937 0.028503 0.026159 0.023996
35 0.080673 0.077159 0.073538 0.069992 0.066503 0.063132 0.059879 0.056633 0.053462 0.050291 0.047238 0.044303 0.041369 0.038597 0.035842 0.033196 0.030658 0.028166 0.025737 0.023633
36 0.08107 0.077527 0.073974 0.070405 0.066826 0.063375 0.060053 0.056739 0.053507 0.050275 0.047181 0.044223 0.041265 0.038442 0.035631 0.03292 0.030309 0.027777 0.02535 0.023149
37 0.081579 0.077974 0.074328 0.070704 0.067097 0.063596 0.060201 0.056819 0.053575 0.05033 0.047194 0.044167 0.04114 0.038259 0.035393 0.032629 0.02997 0.027406 0.024971 0.022667
38 0.082124 0.078428 0.074674 0.07099 0.067359 0.06381 0.060343 0.056893 0.053617 0.050341 0.047164 0.044084 0.041005 0.038079 0.035167 0.032358 0.029652 0.027053 0.024597 0.022261
39 0.082653 0.078825 0.075026 0.071301 0.067629 0.064028 0.060498 0.056986 0.053649 0.050313 0.047087 0.043971 0.040855 0.037895 0.03495 0.032106 0.029364 0.026729 0.024237 0.021898
40 0.092476 0.087575 0.082868 0.078193 0.073541 0.068894 0.064252 0.059629 0.055214 0.0508 0.046487 0.042275 0.038064 0.03408 0.030118 0.02627 0.022538 0.018952 0.015561 0.012213
41 0.092972 0.087923 0.083156 0.078447 0.073783 0.069128 0.064483 0.059849 0.055322 0.050796 0.046411 0.042167 0.037924 0.033913 0.029924 0.026037 0.022251 0.018594 0.01511 0.011809
42 0.093169 0.088341 0.083488 0.078707 0.073978 0.0693 0.06467 0.060044 0.055453 0.050863 0.046415 0.042111 0.037807 0.033761 0.02974 0.025808 0.021966 0.018253 0.014709 0.011416
43 0.093454 0.088734 0.083792 0.078925 0.074116 0.06941 0.064806 0.0602 0.05557 0.050941 0.046441 0.042071 0.0377 0.03362 0.029568 0.025595 0.021703 0.017942 0.014356 0.011059
44 0.094031 0.089007 0.084092 0.079198 0.074321 0.069552 0.064889 0.06023 0.055608 0.050985 0.046461 0.042034 0.037607 0.033469 0.029359 0.025346 0.02143 0.017644 0.014032 0.010708
45 0.094275 0.089233 0.084384 0.079487 0.074553 0.069715 0.064974 0.060245 0.055643 0.05104 0.046501 0.042023 0.037546 0.033348 0.029177 0.025125 0.021192 0.017387 0.013752 0.010399
46 0.094528 0.089438 0.084541 0.079648 0.07476 0.069908 0.065093 0.060297 0.055694 0.051091 0.04653 0.042011 0.037492 0.033275 0.029089 0.024996 0.020998 0.017127 0.013424 0.01006
47 0.094509 0.089631 0.084665 0.079782 0.07496 0.070108 0.065227 0.060369 0.055762 0.051156 0.046574 0.042016 0.037459 0.03323 0.029033 0.024902 0.020837 0.016898 0.013127 0.0097542
48 0.094653 0.089748 0.084808 0.079908 0.075039 0.070179 0.06533 0.0605 0.055859 0.051218 0.046617 0.042054 0.037492 0.033197 0.028927 0.024748 0.020661 0.016698 0.0129 0.0094625
49 0.094754 0.089835 0.084938 0.080026 0.075105 0.07024 0.065433 0.060638 0.055962 0.051285 0.046663 0.042095 0.037528 0.033169 0.02883 0.024607 0.020499 0.016513 0.012689 0.0091907
50 0.095039 0.089932 0.085004 0.0801 0.075215 0.070359 0.065534 0.060721 0.056024 0.051328 0.046684 0.042094 0.037503 0.033114 0.028743 0.02449 0.020354 0.016339 0.012486 0.0089345
51 0.094952 0.090053 0.085096 0.080198 0.075344 0.070497 0.065658 0.060829 0.056108 0.051386 0.04672 0.04211 0.0375 0.03308 0.028678 0.024393 0.020225 0.016178 0.012294 0.0087012
52 0.09502 0.090004 0.085099 0.080214 0.075344 0.070517 0.065732 0.06095 0.056192 0.051434 0.046758 0.042164 0.037571 0.033124 0.02869 0.024363 0.020141 0.016045 0.012117 0.0085214
53 0.094846 0.090007 0.085139 0.080264 0.075386 0.070572 0.065825 0.061074 0.056286 0.051498 0.04681 0.042222 0.037635 0.033156 0.028689 0.024322 0.020056 0.015918 0.011951 0.0083464
54 0.094821 0.089869 0.085039 0.080227 0.07543 0.070655 0.065905 0.061153 0.056381 0.05161 0.04692 0.042312 0.037703 0.033188 0.028681 0.024283 0.019994 0.015825 0.011816 0.0081888
55 0.094588 0.0898 0.085009 0.080243 0.075497 0.070748 0.065997 0.061245 0.056484 0.051723 0.047024 0.042388 0.037753 0.033204 0.028664 0.024243 0.019942 0.015743 0.011681 0.0080226
56 0.094496 0.089664 0.084966 0.08024 0.075492 0.070762 0.066049 0.061333 0.056585 0.051837 0.047129 0.042461 0.037794 0.033224 0.028664 0.024235 0.019938 0.015708 0.011566 0.0078583
57 0.094301 0.089578 0.084948 0.080254 0.075514 0.0708 0.066113 0.061422 0.05668 0.051939 0.047222 0.042529 0.037837 0.033248 0.02867 0.024225 0.019914 0.015651 0.011454 0.0077004
58 0.094143 0.089434 0.084841 0.080196 0.075512 0.070837 0.066172 0.061501 0.05677 0.052038 0.047321 0.042618 0.037916 0.033313 0.02872 0.024248 0.019896 0.015597 0.011365 0.0075622
59 0.093908 0.089299 0.084762 0.080169 0.075533 0.070887 0.06623 0.061568 0.056844 0.05212 0.047406 0.0427 0.037994 0.033377 0.028769 0.024269 0.019879 0.015549 0.0113 0.0074365
60 0.093656 0.089058 0.084636 0.080124 0.075543 0.070927 0.066275 0.061618 0.056911 0.052203 0.0475 0.042801 0.038101 0.033471 0.028847 0.024319 0.019886 0.015528 0.011268 0.00733
61 0.09341 0.088879 0.084533 0.080084 0.075558 0.070967 0.066311 0.061652 0.056975 0.052298 0.047608 0.042904 0.0382 0.033554 0.028914 0.024361 0.019893 0.015498 0.0112 0.0072023
62 0.093105 0.088683 0.084382 0.079995 0.075544 0.070989 0.066332 0.061677 0.05705 0.052423 0.047753 0.043038 0.038324 0.033662 0.029006 0.024427 0.019923 0.015484 0.01113 0.0070743
63 0.092769 0.088517 0.084257 0.079915 0.075512 0.071001 0.066384 0.061767 0.057147 0.052526 0.047859 0.043145 0.038431 0.033763 0.029099 0.024492 0.019941 0.015458 0.011066 0.006952
64 0.092511 0.088294 0.084088 0.079792 0.075428 0.070978 0.066441 0.061896 0.057261 0.052627 0.047957 0.043254 0.03855 0.033879 0.029211 0.024575 0.019971 0.015441 0.011012 0.0068347
65 0.092246 0.088088 0.083902 0.079639 0.075318 0.070929 0.066472 0.062001 0.05738 0.052758 0.048091 0.043377 0.038663 0.033982 0.029305 0.024654 0.020028 0.01546 0.01097 0.0067375
66 0.091897 0.087851 0.083674 0.079446 0.07518 0.070863 0.066495 0.062107 0.057515 0.052922 0.04826 0.04353 0.038799 0.034106 0.029417 0.024751 0.020107 0.015498 0.010938 0.0066448
67 0.091599 0.087659 0.083562 0.079386 0.075151 0.070866 0.066531 0.062175 0.057591 0.053008 0.04835 0.043619 0.038888 0.034193 0.029502 0.024822 0.020153 0.015509 0.010898 0.0065376
68 0.091165 0.087417 0.083453 0.079349 0.075141 0.070881 0.066569 0.062234 0.057661 0.053088 0.04844 0.043716 0.038993 0.034299 0.029607 0.024914 0.020218 0.015536 0.010872 0.006446
69 0.090792 0.08711 0.083207 0.079154 0.074989 0.070771 0.0665 0.06221 0.057717 0.053225 0.048613 0.043883 0.039152 0.034456 0.029763 0.02506 0.020345 0.015634 0.010928 0.0064905
70 0.090266 0.086794 0.082931 0.078928 0.074818 0.070653 0.066434 0.0622 0.057801 0.053402 0.048831 0.044087 0.039343 0.03464 0.029941 0.025219 0.020475 0.015731 0.010986 0.0065213
71 0.089862 0.086392 0.082627 0.078714 0.07469 0.070606 0.066462 0.062297 0.057911 0.053525 0.048974 0.044257 0.03954 0.034829 0.030118 0.025358 0.020548 0.01577 0.011035 0.006486
72 0.089496 0.085914 0.082272 0.078471 0.074551 0.07056 0.066499 0.06241 0.058035 0.053659 0.049127 0.044436 0.039746 0.035025 0.030301 0.025507 0.020642 0.015826 0.011075 0.0064485
73 0.089092 0.08558 0.082022 0.078304 0.074467 0.070535 0.066509 0.062453 0.058088 0.053722 0.049214 0.044563 0.039913 0.03519 0.030461 0.025662 0.020794 0.015934 0.011086 0.0064108
74 0.088552 0.085268 0.08179 0.078154 0.074401 0.07053 0.066541 0.062518 0.058157 0.053795 0.049311 0.044703 0.040096 0.035366 0.030624 0.025808 0.020917 0.016011 0.011087 0.0063726
75 0.088117 0.084907 0.081532 0.07799 0.074325 0.070529 0.066603 0.062636 0.05825 0.053865 0.049399 0.044852 0.040305 0.035558 0.030791 0.02593 0.020974 0.016023 0.011076 0.0063404
76 0.087679 0.084477 0.081226 0.07779 0.074214 0.070499 0.066645 0.062743 0.05835 0.053957 0.049515 0.045025 0.040535 0.035769 0.030977 0.02608 0.021077 0.016077 0.011081 0.0062829
77 0.087061 0.084108 0.08103 0.077651 0.074045 0.07036 0.066598 0.062785 0.058444 0.054104 0.049701 0.045237 0.040773 0.035987 0.03117 0.02625 0.021228 0.016179 0.011097 0.0061913
78 0.086598 0.083669 0.080763 0.077453 0.073841 0.070203 0.066537 0.062817 0.058547 0.054276 0.049918 0.045471 0.041025 0.036213 0.031365 0.026418 0.021373 0.016276 0.011108 0.006129
79 0.086077 0.083324 0.080384 0.077134 0.073652 0.070114 0.066522 0.062877 0.058687 0.054497 0.050176 0.045724 0.041272 0.036424 0.031538 0.026562 0.021496 0.016353 0.011106 0.0060807
80 0.085896 0.082854 0.079915 0.076755 0.073428 0.070001 0.066473 0.062894 0.058796 0.054698 0.050423 0.045973 0.041522 0.036645 0.031728 0.026719 0.021621 0.016444 0.011162 0.0060534
81 0.085071 0.082304 0.079511 0.076508 0.073347 0.070008 0.06649 0.062928 0.058919 0.054909 0.050682 0.046236 0.041791 0.036887 0.031939 0.026893 0.021749 0.016542 0.011251 0.0060333
82 0.084503 0.081667 0.079013 0.076149 0.07313 0.069897 0.06645 0.062962 0.059042 0.055122 0.050938 0.046489 0.04204 0.037145 0.032206 0.027147 0.021968 0.016705 0.011333 0.006093
83 0.083922 0.081282 0.07862 0.075767 0.07277 0.069634 0.066359 0.063033 0.059183 0.055334 0.051177 0.046712 0.042247 0.037384 0.032483 0.027426 0.022213 0.016884 0.0114 0.0061696
84 0.082887 0.080817 0.07818 0.075397 0.072503 0.069478 0.066321 0.063108 0.059312 0.055515 0.051403 0.046976 0.042549 0.037701 0.032812 0.027737 0.022473 0.017086 0.011535 0.006211
85 0.082233 0.080274 0.077704 0.075064 0.072372 0.069461 0.066331 0.063143 0.059362 0.055581 0.051517 0.047171 0.042824 0.037989 0.033106 0.02801 0.022699 0.017264 0.011661 0.0062341
86 0.081546 0.079756 0.077291 0.074761 0.072181 0.069357 0.066288 0.063162 0.059451 0.05574 0.051735 0.047437 0.043138 0.038282 0.033372 0.028241 0.022889 0.017417 0.011785 0.0061702
87 0.080393 0.079453 0.077104 0.074592 0.071959 0.069156 0.066185 0.063157 0.05955 0.055943 0.052004 0.047733 0.043462 0.038575 0.033629 0.02846 0.023071 0.017565 0.011907 0.0061044
88 0.07972 0.079028 0.0768 0.074364 0.071774 0.069026 0.066121 0.063161 0.059626 0.056091 0.052185 0.047908 0.043631 0.038804 0.033922 0.028745 0.02327 0.017695 0.011985 0.0061431
89 0.079916 0.078522 0.076395 0.074075 0.071611 0.068936 0.066051 0.063113 0.059633 0.056154 0.052272 0.047987 0.043701 0.038962 0.034179 0.029007 0.023446 0.017806 0.012059 0.0061767
90 0.079339 0.078045 0.075892 0.073695 0.071463 0.06893 0.066095 0.063206 0.059769 0.056331 0.052494 0.048258 0.044021 0.039202 0.034326 0.029105 0.023539 0.017903 0.012174 0.0062139
91 0.079118 0.077721 0.075344 0.073222 0.071291 0.068929 0.066135 0.063287 0.059871 0.056456 0.052657 0.048476 0.044295 0.039399 0.034433 0.029176 0.023627 0.018008 0.012296 0.0062579
92 0.078665 0.077033 0.074875 0.07286 0.070952 0.068659 0.065979 0.063244 0.059939 0.056633 0.052908 0.048765 0.044622 0.039714 0.034731 0.029461 0.023903 0.018251 0.012473 0.0063322
93 0.077448 0.076235 0.074663 0.072782 0.070667 0.068344 0.065811 0.063221 0.060041 0.05686 0.053212 0.049096 0.04498 0.040067 0.035076 0.029797 0.02423 0.018517 0.012612 0.0063418
94 0.07679 0.07559 0.074345 0.072676 0.070688 0.068434 0.065914 0.063331 0.060088 0.056846 0.053204 0.049161 0.045119 0.040276 0.035355 0.030111 0.024544 0.018732 0.012596 0.0061997
95 0.076009 0.075357 0.074027 0.072467 0.070734 0.068574 0.065988 0.063337 0.060023 0.056708 0.053091 0.049173 0.045255 0.040492 0.035647 0.030426 0.024828 0.018949 0.012697 0.0062179
96 0.074886 0.074705 0.073485 0.072086 0.070552 0.068488 0.065895 0.063252 0.060091 0.056931 0.053417 0.04955 0.045682 0.040882 0.035992 0.030694 0.024987 0.019085 0.012924 0.006417
97 0.074193 0.073833 0.072825 0.071606 0.07023 0.068242 0.065642 0.063011 0.060056 0.057102 0.053727 0.049931 0.046135 0.041321 0.036408 0.031064 0.025289 0.019375 0.013275 0.0067343
98 0.073003 0.073055 0.071924 0.070851 0.06982 0.068065 0.065587 0.063078 0.060248 0.057418 0.054102 0.050302 0.046501 0.041688 0.036776 0.031427 0.025639 0.019733 0.01367 0.0071138
99 0.071984 0.072603 0.071136 0.070139 0.069494 0.067982 0.065605 0.063196 0.060466 0.057736 0.054469 0.050665 0.046861 0.041996 0.037028 0.031683 0.02596 0.020021 0.013795 0.0071825
100 0.071979 0.0724 0.070914 0.069905 0.069254 0.067811 0.065574 0.063291 0.060523 0.057754 0.054511 0.050792 0.047073 0.042123 0.037054 0.031752 0.026217 0.020259 0.013736 0.0070784
101 0.072086 0.071907 0.070476 0.069442 0.068708 0.067339 0.065336 0.063266 0.060512 0.057757 0.054575 0.050965 0.047354 0.042449 0.037419 0.032104 0.026503 0.020556 0.014145 0.0071025
102 0.071723 0.071266 0.069562 0.068642 0.068312 0.067234 0.065408 0.063497 0.060699 0.057901 0.054709 0.051124 0.047539 0.042777 0.037902 0.032527 0.026651 0.020715 0.014697 0.0071155
103 0.071408 0.070573 0.068459 0.067637 0.067785 0.067042 0.065406 0.063677 0.060983 0.058289 0.05514 0.051536 0.047931 0.043146 0.038247 0.032878 0.027037 0.020976 0.014621 0.0072274
104 0.0707 0.070537 0.068361 0.06741 0.067379 0.066574 0.064994 0.063355 0.061092 0.058829 0.055811 0.052038 0.048264 0.043319 0.03826 0.032933 0.027338 0.021191 0.014307 0.0073084
105 0.070658 0.070164 0.067863 0.066761 0.06656 0.065746 0.064318 0.062851 0.060976 0.0591 0.056257 0.052445 0.048634 0.043683 0.038622 0.033365 0.027913 0.021762 0.014679 0.0076441
106 0.070563 0.069144 0.067108 0.066122 0.065923 0.065204 0.063963 0.062678 0.060933 0.059188 0.056452 0.052724 0.048996 0.044091 0.039072 0.033885 0.02853 0.022355 0.015088 0.0079814
107 0.070442 0.067744 0.066121 0.065341 0.065192 0.064658 0.063739 0.062756 0.061103 0.059451 0.05681 0.053179 0.049548 0.044588 0.039499 0.034307 0.029013 0.022844 0.015511 0.008154
108 0.07005 0.067728 0.065937 0.064971 0.064623 0.064182 0.063646 0.063003 0.061249 0.059496 0.05685 0.053312 0.049774 0.044742 0.039566 0.034395 0.029229 0.023142 0.015827 0.0082782
109 0.069607 0.067508 0.065631 0.064475 0.063859 0.063446 0.063234 0.062891 0.06119 0.059489 0.056932 0.053519 0.050107 0.045284 0.040324 0.035073 0.029531 0.023295 0.016134 0.0084713
110 0.068976 0.0669 0.065698 0.064463 0.063203 0.062549 0.062501 0.062328 0.060875 0.059421 0.057052 0.053766 0.05048 0.045923 0.041243 0.03591 0.029924 0.023516 0.016544 0.0087286
111 0.06896 0.065729 0.065152 0.063921 0.062197 0.061509 0.061855 0.062056 0.060747 0.059438 0.057285 0.054288 0.05129 0.046581 0.041707 0.036338 0.030474 0.024153 0.017222 0.0090968
112 0.068716 0.064928 0.063934 0.062647 0.061138 0.060811 0.061663 0.062316 0.060906 0.059497 0.057454 0.054778 0.052103 0.047202 0.042086 0.036688 0.031009 0.024793 0.017861 0.0094711
113 0.067855 0.063784 0.062528 0.061424 0.060435 0.060451 0.061471 0.062279 0.060888 0.059498 0.057591 0.055168 0.052744 0.047946 0.042917 0.037545 0.03183 0.025496 0.018338 0.0098124
114 0.06812 0.063596 0.062327 0.061417 0.060776 0.060689 0.061155 0.061463 0.060126 0.058789 0.057041 0.05488 0.05272 0.048086 0.043213 0.037989 0.032414 0.02615 0.018971 0.010077
115 0.068892 0.063775 0.062539 0.061723 0.061223 0.060814 0.060496 0.060103 0.058933 0.057763 0.056191 0.054217 0.052243 0.04789 0.043308 0.038458 0.033341 0.027375 0.020281 0.010435
