1 0 0 0 0 0 0 0 0 0 0 0 0 0 0 0 0 0 0 0 0
2 0 0 0 0 0 0 0 0 0 0 0 0 0 0 0 0 0 0 0 0
3 0 0 0 0 0 0 0 0 0 0 0 0 0 0 0 0 0 0 0 0
4 0 0 0 0 0 0 0 0 0 0 0 0 0 0 0 0 0 0 0 0
5 0 0 0 0 0 0 0 0 0 0 0 0 0 0 0 0 0 0 0 0
6 0 0 0 0 0 0 0 0 0 0 0 0 0 0 0 0 0 0 0 0
7 0 0 0 0 0 0 0 0 0 0 0 0 0 0 0 0 0 0 0 0
8 0 0 0 0 0 0 0 0 0 0 0 0 0 0 0 0 0 0 0 0
9 0 0 0 0 0 0 0 0 0 0 0 0 0 0 0 0 0 0 0 0
10 0 0 0 0 0 0 0 0 0 0 0 0 0 0 0 0 0 0 0 0
11 0 0 0 0 0 0 0 0 0 0 0 0 0 0 0 0 0 0 0 0
12 0 0 0 0 0 0 0 0 0 0 0 0 0 0 0 0 0 0 0 0
13 0 0 0 0 0 0 0 0 0 0 0 0 0 0 0 0 0 0 0 0
14 0 0 0 0 0 0 0 0 0 0 0 0 0 0 0 0 0 0 0 0
15 0 0 0 0 0 0 0 0 0 0 0 0 0 0 0 0 0 0 0 0
16 0 0 0 0 0 0 0 0 0 0 0 0 0 0 0 0 0 0 0 0
17 0 0 0 0 0 0 0 0 0 0 0 0 0 0 0 0 0 0 0 0
18 0 0 0 0 0 0 0 0 0 0 0 0 0 0 0 0 0 0 0 0
19 0 0 0 0 0 0 0 0 0 0 0 0 0 0 0 0 0 0 0 0
20 0 0 0 0 0 0 0 0 0 0 0 0 0 0 0 0 0 0 0 0
21 0 0 0 0 0 0 0 0 0 0 0 0 0 0 0 0 0 0 0 0
22 0 0 0 0 0 0 0 0 0 0 0 0 0 0 0 0 0 0 0 0
23 0 0 0 0 0 0 0 0 0 0 0 0 0 0 0 0 0 0 0 0
24 0 0 0 0 0 0 0 0 0 0 0 0 0 0 0 0 0 0 0 0
25 0 0 0 0 0 0 0 0 0 0 0 0 0 0 0 0 0 0 0 0
26 0 0 0 0 0 0 0 0 0 0 0 0 0 0 0 0 0 0 0 0
27 0 0 0 0 0 0 0 0 0 0 0 0 0 0 0 0 0 0 0 0
28 0 0 0 0 0 0 0 0 0 0 0 0 0 0 0 0 0 0 0 0
29 0.06938 0.059723 0.056841 0.05567 0.055782 0.056149 0.056773 0.057248 0.056186 0.055124 0.053442 0.051139 0.048837 0.046411 0.043974 0.041342 0.038516 0.036345 0.035047 0.026071
30 0.074068 0.068316 0.064854 0.062322 0.060489 0.059151 0.05831 0.057331 0.054943 0.052554 0.049929 0.047067 0.044204 0.041656 0.039138 0.037324 0.036215 0.033954 0.030158 0.028017
31 0.076115 0.071552 0.068218 0.065805 0.064085 0.061768 0.058853 0.055979 0.053526 0.051074 0.048419 0.045564 0.042708 0.04039 0.038123 0.036007 0.034042 0.031699 0.028853 0.027219
32 0.075421 0.072866 0.070101 0.067076 0.063855 0.060989 0.058479 0.055961 0.053357 0.050753 0.048175 0.045621 0.043067 0.040742 0.038438 0.035966 0.033324 0.030818 0.028494 0.026498
33 0.075473 0.072932 0.070142 0.067179 0.064086 0.061161 0.058406 0.055678 0.053234 0.050789 0.048288 0.04573 0.043173 0.040687 0.038208 0.035778 0.033397 0.030991 0.02855 0.026119
34 0.07718 0.07377 0.070668 0.067545 0.064406 0.061428 0.05861 0.055806 0.05315 0.050495 0.047861 0.045248 0.042636 0.040184 0.037747 0.035356 0.033009 0.030668 0.028332 0.025901
35 0.077679 0.074318 0.071073 0.068075 0.065262 0.062261 0.059072 0.055922 0.053169 0.050417 0.047672 0.044933 0.042193 0.039737 0.037309 0.034861 0.032393 0.03006 0.027908 0.025685
36 0.078608 0.075269 0.071665 0.068305 0.065128 0.062076 0.059147 0.056222 0.053335 0.050448 0.047638 0.044907 0.042175 0.039538 0.036909 0.034381 0.031952 0.029618 0.027411 0.025269
37 0.078956 0.075603 0.072309 0.069042 0.065796 0.062591 0.059425 0.056278 0.053324 0.050371 0.047498 0.044706 0.041914 0.039241 0.03658 0.034024 0.031574 0.029186 0.026882 0.024701
38 0.079693 0.076252 0.072826 0.069456 0.066127 0.062835 0.059582 0.056349 0.053327 0.050305 0.047386 0.044571 0.041756 0.039008 0.036266 0.033653 0.031168 0.028754 0.026434 0.024253
39 0.08036 0.076862 0.07328 0.069786 0.06636 0.063015 0.059753 0.056504 0.053393 0.050283 0.047289 0.044412 0.041535 0.038758 0.03599 0.033349 0.030833 0.028377 0.026 0.023861
40 0.088935 0.08507 0.0807 0.076229 0.071683 0.067419 0.063436 0.05943 0.055196 0.050961 0.046825 0.042787 0.038748 0.035044 0.031372 0.027844 0.02446 0.021145 0.017923 0.014793
41 0.089635 0.085664 0.081227 0.076731 0.072192 0.067837 0.063666 0.059489 0.05525 0.051011 0.046846 0.042756 0.038665 0.034841 0.031044 0.027401 0.023913 0.020519 0.017252 0.014063
42 0.090801 0.086403 0.081699 0.077117 0.072625 0.068183 0.063791 0.059413 0.055179 0.050945 0.046772 0.04266 0.038547 0.034636 0.030744 0.027004 0.023414 0.019957 0.016677 0.013432
43 0.091631 0.086895 0.082192 0.077571 0.073014 0.068471 0.063944 0.059439 0.055153 0.050868 0.04665 0.042498 0.038347 0.034403 0.03048 0.026694 0.023045 0.019544 0.016239 0.01292
44 0.092035 0.087301 0.082635 0.077989 0.073356 0.068725 0.064094 0.059489 0.055152 0.050814 0.046552 0.042366 0.038179 0.034214 0.03027 0.026451 0.022756 0.01922 0.015893 0.012511
45 0.092589 0.087695 0.082969 0.078285 0.073633 0.068987 0.064346 0.059722 0.055265 0.050808 0.046467 0.042244 0.038021 0.034026 0.030053 0.026189 0.022434 0.018819 0.015389 0.012058
46 0.093002 0.088035 0.083251 0.078535 0.073869 0.069213 0.06457 0.059933 0.055372 0.050811 0.046402 0.042146 0.037889 0.033868 0.029869 0.025966 0.022159 0.018477 0.014962 0.011672
47 0.09332 0.088467 0.083585 0.078775 0.07402 0.069334 0.064718 0.060103 0.055499 0.050896 0.04643 0.042101 0.037772 0.033712 0.029679 0.025732 0.021869 0.018136 0.014575 0.011279
48 0.093523 0.088864 0.083904 0.079016 0.074181 0.06946 0.064852 0.060243 0.055607 0.050971 0.046456 0.042063 0.03767 0.033572 0.029502 0.025514 0.021607 0.017833 0.014234 0.010928
49 0.094231 0.089064 0.084179 0.079288 0.074394 0.069602 0.064912 0.060229 0.055617 0.051005 0.046476 0.042031 0.037586 0.033425 0.029292 0.025264 0.021341 0.017547 0.013926 0.010589
50 0.094292 0.089313 0.084465 0.079569 0.074637 0.069787 0.065019 0.060265 0.055665 0.051065 0.046519 0.042025 0.037531 0.033322 0.029141 0.025073 0.021119 0.017291 0.013632 0.010272
51 0.094477 0.089498 0.084578 0.079693 0.074833 0.069984 0.065145 0.060328 0.055725 0.051122 0.046554 0.042021 0.037488 0.033266 0.029075 0.024967 0.020942 0.017044 0.013313 0.009945
52 0.094572 0.089688 0.084722 0.079832 0.074999 0.070144 0.065268 0.060414 0.055795 0.051177 0.046588 0.042028 0.037467 0.033214 0.02899 0.024841 0.020767 0.016818 0.013037 0.0096394
53 0.094634 0.089766 0.084845 0.079944 0.075057 0.070199 0.065368 0.060554 0.055902 0.05125 0.046643 0.042081 0.037519 0.033198 0.028901 0.024705 0.020609 0.016636 0.012827 0.0093632
54 0.094884 0.089873 0.084964 0.080053 0.075142 0.07028 0.065466 0.060664 0.055981 0.051299 0.04667 0.042095 0.037519 0.033149 0.028799 0.024564 0.020445 0.016448 0.012612 0.0090928
55 0.095032 0.089958 0.085023 0.080126 0.075257 0.070408 0.065579 0.060761 0.056057 0.051354 0.046703 0.042104 0.037505 0.033104 0.028721 0.024456 0.020309 0.016282 0.012417 0.0088441
56 0.094981 0.090025 0.085089 0.080198 0.07534 0.070502 0.065685 0.060874 0.05614 0.051406 0.046737 0.042134 0.037531 0.0331 0.028686 0.024385 0.020196 0.01613 0.012228 0.0086335
57 0.094918 0.08999 0.085104 0.080225 0.075351 0.070532 0.065767 0.061002 0.056231 0.05146 0.046781 0.042193 0.037606 0.033148 0.028702 0.024358 0.020116 0.016001 0.012056 0.0084577
58 0.094829 0.08995 0.085098 0.080248 0.0754 0.070602 0.065854 0.061104 0.056323 0.051542 0.046853 0.042258 0.037663 0.033171 0.028688 0.02431 0.020034 0.015884 0.011901 0.0082871
59 0.094694 0.089824 0.085009 0.080221 0.075453 0.070693 0.065942 0.06119 0.056424 0.051659 0.046968 0.042352 0.037736 0.033206 0.028684 0.024274 0.019975 0.015794 0.011769 0.008132
60 0.094598 0.089744 0.084987 0.080237 0.07549 0.070749 0.066013 0.061275 0.056519 0.051763 0.047062 0.042414 0.037767 0.033211 0.028663 0.02424 0.01994 0.01573 0.011637 0.0079598
61 0.094434 0.089615 0.084952 0.08024 0.075492 0.070768 0.06607 0.061368 0.056624 0.051881 0.04717 0.042491 0.037812 0.033233 0.028665 0.024233 0.019938 0.015695 0.011523 0.0077966
62 0.094297 0.089522 0.084905 0.080229 0.075509 0.07081 0.066131 0.061447 0.05671 0.051972 0.047255 0.04256 0.037864 0.03327 0.028687 0.024232 0.019905 0.015629 0.011419 0.007647
63 0.094029 0.089388 0.084808 0.08018 0.075517 0.070856 0.066198 0.061535 0.056806 0.052077 0.04736 0.042654 0.037948 0.033339 0.02874 0.024257 0.019891 0.015576 0.011332 0.0075095
64 0.093839 0.089215 0.084718 0.080153 0.075537 0.070901 0.066245 0.061584 0.056867 0.052149 0.047438 0.042734 0.038031 0.033409 0.028795 0.024285 0.01988 0.015539 0.011287 0.007395
65 0.093504 0.088983 0.084601 0.080117 0.075555 0.070949 0.066297 0.061642 0.05694 0.052238 0.047538 0.042841 0.038143 0.033507 0.028876 0.024336 0.019886 0.015515 0.011249 0.0072838
66 0.093316 0.088816 0.084484 0.080055 0.075555 0.070976 0.066318 0.06166 0.057001 0.052341 0.047657 0.042949 0.038241 0.03359 0.028945 0.024381 0.019901 0.01549 0.011171 0.0071523
67 0.092933 0.088635 0.084347 0.07998 0.075554 0.071011 0.066351 0.061696 0.057085 0.052473 0.047806 0.043085 0.038363 0.033695 0.029033 0.024442 0.019924 0.015468 0.011098 0.0070221
68 0.092715 0.088446 0.084202 0.079875 0.075483 0.070993 0.066403 0.06181 0.057184 0.052558 0.04789 0.043179 0.038468 0.033799 0.029135 0.024517 0.019947 0.015448 0.011042 0.0069055
69 0.09239 0.088242 0.084052 0.079769 0.075416 0.070982 0.066468 0.061943 0.057302 0.052662 0.047989 0.043284 0.038579 0.033905 0.029235 0.024592 0.019977 0.015434 0.010987 0.0067911
70 0.092162 0.088015 0.083829 0.079576 0.075272 0.070906 0.066479 0.062036 0.057424 0.052812 0.048146 0.043425 0.038705 0.03402 0.029339 0.024682 0.02005 0.015469 0.010954 0.0066999
71 0.091811 0.087829 0.083647 0.079423 0.075167 0.070864 0.066513 0.062142 0.057549 0.052957 0.048292 0.043556 0.038819 0.034124 0.029433 0.024762 0.02011 0.01549 0.010913 0.006598
72 0.091481 0.087591 0.083537 0.079383 0.075154 0.070875 0.066545 0.062194 0.057612 0.053031 0.048376 0.043647 0.038917 0.034223 0.029532 0.024847 0.020169 0.015511 0.010881 0.0064943
73 0.091028 0.087339 0.083404 0.079316 0.075113 0.070858 0.066552 0.062225 0.057673 0.053121 0.048483 0.043758 0.039033 0.034339 0.029649 0.024953 0.020253 0.015562 0.010885 0.0064578
74 0.090654 0.087014 0.08312 0.07908 0.07493 0.070728 0.066473 0.062199 0.057739 0.053278 0.04868 0.043945 0.03921 0.034513 0.029819 0.025111 0.020389 0.015667 0.010946 0.0065055
75 0.090132 0.086709 0.082862 0.078875 0.074785 0.07064 0.066442 0.062226 0.05783 0.053434 0.048869 0.044134 0.039398 0.034693 0.029991 0.025256 0.020489 0.015735 0.010997 0.0065032
76 0.089722 0.086251 0.082523 0.078643 0.074651 0.070595 0.066477 0.062335 0.057952 0.053569 0.049023 0.044315 0.039607 0.034893 0.030178 0.025403 0.020568 0.015778 0.011049 0.0064679
77 0.089404 0.085816 0.082202 0.078427 0.074531 0.070556 0.066503 0.062422 0.058048 0.053673 0.049147 0.04447 0.039793 0.035071 0.030346 0.02555 0.020686 0.015856 0.011071 0.0064296
78 0.088945 0.085491 0.081954 0.07826 0.074447 0.070532 0.066515 0.062468 0.058103 0.053738 0.049238 0.044601 0.039964 0.035241 0.030509 0.02571 0.020842 0.015967 0.011082 0.0063906
79 0.088418 0.085181 0.081729 0.078118 0.074388 0.070537 0.066565 0.062558 0.058184 0.053811 0.04933 0.044743 0.040156 0.03542 0.030669 0.025837 0.020924 0.016004 0.011074 0.0063552
80 0.088038 0.084799 0.081456 0.077944 0.074305 0.070532 0.066625 0.062675 0.058277 0.053879 0.049418 0.044893 0.040368 0.035614 0.030838 0.02596 0.020981 0.016014 0.011062 0.0063211
81 0.087526 0.084383 0.081184 0.07776 0.074167 0.070457 0.066629 0.062753 0.058375 0.053997 0.049567 0.045084 0.040602 0.035829 0.031028 0.026124 0.021116 0.016101 0.011077 0.0062428
82 0.086936 0.084 0.080979 0.077613 0.073988 0.07031 0.066577 0.062793 0.058469 0.054145 0.049756 0.0453 0.040844 0.036051 0.031225 0.026298 0.02127 0.016205 0.011092 0.0061472
83 0.086473 0.083588 0.080661 0.077365 0.07379 0.070179 0.066533 0.062834 0.058588 0.054342 0.049994 0.045543 0.041093 0.036268 0.031407 0.026451 0.021401 0.016289 0.011097 0.0061046
84 0.086077 0.083219 0.080259 0.077023 0.073582 0.070077 0.066507 0.062885 0.058723 0.05456 0.050252 0.045796 0.041341 0.03648 0.03158 0.026595 0.021524 0.016367 0.011096 0.0060564
85 0.085778 0.082698 0.079799 0.076684 0.073407 0.070003 0.066472 0.062894 0.058823 0.054752 0.050491 0.046041 0.041591 0.036705 0.031778 0.026758 0.021646 0.016462 0.011181 0.0060382
86 0.084843 0.082132 0.079384 0.076432 0.073326 0.070013 0.066492 0.062931 0.058952 0.054972 0.05076 0.046315 0.041869 0.036957 0.032 0.026945 0.021791 0.016574 0.011274 0.0060377
87 0.084408 0.081575 0.078908 0.076039 0.073019 0.069812 0.066417 0.062979 0.059079 0.055179 0.051001 0.046544 0.042088 0.037205 0.03228 0.027224 0.022035 0.016752 0.011344 0.0061133
88 0.083668 0.081186 0.078511 0.075651 0.072653 0.069546 0.066329 0.063058 0.05923 0.055403 0.051254 0.046782 0.042311 0.037462 0.032577 0.027521 0.022294 0.016946 0.011435 0.0061823
89 0.082717 0.080679 0.078055 0.075311 0.072477 0.069482 0.066327 0.063116 0.05932 0.055523 0.051424 0.047023 0.042622 0.037778 0.032892 0.02781 0.022533 0.017132 0.011567 0.0062114
90 0.082087 0.080117 0.077561 0.074966 0.072341 0.069465 0.066337 0.063151 0.059373 0.055594 0.051546 0.04723 0.042914 0.038077 0.03319 0.028083 0.022757 0.017308 0.011697 0.0062046
91 0.081329 0.079695 0.077259 0.074725 0.072118 0.069292 0.066249 0.063149 0.059469 0.055788 0.051802 0.047511 0.04322 0.038353 0.033431 0.028289 0.022927 0.017448 0.011813 0.0061315
92 0.080166 0.079373 0.077056 0.074541 0.071878 0.069075 0.066133 0.063135 0.059564 0.055994 0.052072 0.0478 0.043528 0.038653 0.03372 0.028545 0.023128 0.0176 0.011925 0.0061129
93 0.079838 0.078918 0.076711 0.074303 0.071744 0.069011 0.066104 0.063143 0.05962 0.056098 0.052195 0.047911 0.043628 0.038831 0.033984 0.02881 0.023307 0.017711 0.01199 0.0061445
94 0.079845 0.078367 0.076265 0.073978 0.071551 0.068902 0.066031 0.063108 0.059654 0.0562 0.052339 0.04807 0.043802 0.039038 0.034226 0.029038 0.023473 0.017834 0.012094 0.0061862
95 0.079272 0.078009 0.075769 0.073585 0.071442 0.068956 0.066125 0.063241 0.059803 0.056366 0.052536 0.048315 0.044093 0.039239 0.034325 0.029088 0.023527 0.017903 0.012192 0.0062136
96 0.079168 0.077576 0.075103 0.073 0.071174 0.068874 0.066099 0.063271 0.059885 0.056499 0.052724 0.048559 0.044394 0.039492 0.034519 0.029257 0.023706 0.018078 0.012346 0.0062771
97 0.078082 0.076851 0.074872 0.072888 0.070899 0.068584 0.065943 0.063247 0.059976 0.056705 0.053 0.048862 0.044724 0.039809 0.03482 0.029546 0.023987 0.018326 0.012527 0.0063526
98 0.077247 0.075955 0.074591 0.072779 0.070631 0.068313 0.065824 0.063273 0.060079 0.056884 0.053236 0.049137 0.045037 0.040143 0.035171 0.029902 0.024333 0.018584 0.012597 0.0062846
99 0.076671 0.075604 0.074317 0.072671 0.070755 0.06852 0.065966 0.063349 0.060065 0.056782 0.053133 0.049118 0.045103 0.040291 0.035402 0.030178 0.024618 0.018776 0.012557 0.0061234
100 0.075619 0.075194 0.073838 0.072321 0.070685 0.06857 0.065976 0.063322 0.060056 0.05679 0.053203 0.049296 0.04539 0.040611 0.035747 0.030498 0.024862 0.018978 0.012763 0.0062819
101 0.074764 0.074524 0.073358 0.072004 0.070508 0.068456 0.065846 0.063193 0.060082 0.056971 0.053491 0.049641 0.045791 0.040978 0.036072 0.030746 0.025002 0.0191 0.012988 0.0064842
102 0.073877 0.073453 0.072505 0.071374 0.070104 0.068195 0.065645 0.063063 0.060141 0.05722 0.053857 0.050054 0.04625 0.041432 0.036517 0.03117 0.025392 0.019484 0.013402 0.0068637
103 0.07271 0.072931 0.071678 0.070617 0.0697 0.068014 0.06556 0.063076 0.060287 0.057498 0.0542 0.050395 0.046589 0.041777 0.036867 0.03152 0.025734 0.019837 0.013791 0.0072199
104 0.072019 0.072586 0.071058 0.070057 0.069451 0.067976 0.065631 0.063249 0.060495 0.057741 0.054473 0.050691 0.046908 0.04201 0.037003 0.031673 0.026019 0.020077 0.013751 0.0071318
105 0.072134 0.072418 0.070931 0.069895 0.069196 0.067749 0.065555 0.063308 0.060514 0.05772 0.054478 0.050787 0.047097 0.042112 0.037001 0.03172 0.026267 0.020329 0.013744 0.0070445
106 0.072027 0.071696 0.070215 0.069232 0.068622 0.067339 0.065382 0.063352 0.060573 0.057794 0.0546 0.050991 0.047383 0.042526 0.037548 0.032212 0.026517 0.02058 0.014319 0.0070928
107 0.071725 0.071156 0.069302 0.068395 0.068199 0.067216 0.065446 0.063583 0.060757 0.057932 0.054728 0.051146 0.047564 0.042858 0.038043 0.032662 0.026716 0.020733 0.014702 0.0071377
108 0.071277 0.070563 0.06846 0.067608 0.067698 0.066927 0.065295 0.063582 0.061022 0.058462 0.055348 0.051679 0.048009 0.043165 0.038208 0.032854 0.027104 0.021017 0.01448 0.0072418
109 0.070637 0.070591 0.068353 0.067323 0.067201 0.066354 0.064783 0.063165 0.061062 0.05896 0.055987 0.052143 0.048299 0.043324 0.03824 0.032954 0.027465 0.021348 0.014394 0.0074164
110 0.070712 0.069925 0.067686 0.066603 0.066388 0.06559 0.06421 0.06279 0.060947 0.059104 0.056288 0.052498 0.048708 0.043772 0.038725 0.033495 0.028082 0.02193 0.014794 0.0077546
111 0.070647 0.068858 0.066904 0.065944 0.06573 0.065031 0.063847 0.062617 0.060911 0.059205 0.056503 0.052806 0.049108 0.044211 0.039197 0.034023 0.028688 0.022514 0.015223 0.0080328
112 0.070402 0.067824 0.066132 0.065277 0.06505 0.064533 0.063726 0.062841 0.061144 0.059446 0.056794 0.053187 0.04958 0.044592 0.03947 0.034287 0.029042 0.022908 0.015592 0.0081744
113 0.07004 0.067768 0.065899 0.064847 0.064409 0.063989 0.063586 0.063059 0.061255 0.05945 0.0568 0.053306 0.049811 0.044842 0.039731 0.034542 0.029274 0.023156 0.015906 0.0083301
114 0.069521 0.067417 0.065735 0.064535 0.063697 0.063191 0.063017 0.062713 0.06108 0.059447 0.056941 0.053563 0.050184 0.04545 0.040585 0.035299 0.02959 0.023294 0.016214 0.0085255
115 0.069178 0.066703 0.065737 0.064453 0.062931 0.062169 0.062166 0.062043 0.060681 0.059318 0.057047 0.053868 0.050689 0.046108 0.04139 0.036057 0.030108 0.023728 0.016773 0.0088519
