1 0 0 0 0 0 0 0 0 0 0 0 0 0 0 0 0 0 0 0 0
2 0 0 0 0 0 0 0 0 0 0 0 0 0 0 0 0 0 0 0 0
3 0 0 0 0 0 0 0 0 0 0 0 0 0 0 0 0 0 0 0 0
4 0 0 0 0 0 0 0 0 0 0 0 0 0 0 0 0 0 0 0 0
5 0 0 0 0 0 0 0 0 0 0 0 0 0 0 0 0 0 0 0 0
6 0 0 0 0 0 0 0 0 0 0 0 0 0 0 0 0 0 0 0 0
7 0 0 0 0 0 0 0 0 0 0 0 0 0 0 0 0 0 0 0 0
8 0 0 0 0 0 0 0 0 0 0 0 0 0 0 0 0 0 0 0 0
9 0 0 0 0 0 0 0 0 0 0 0 0 0 0 0 0 0 0 0 0
10 0 0 0 0 0 0 0 0 0 0 0 0 0 0 0 0 0 0 0 0
11 0 0 0 0 0 0 0 0 0 0 0 0 0 0 0 0 0 0 0 0
12 0 0 0 0 0 0 0 0 0 0 0 0 0 0 0 0 0 0 0 0
13 0 0 0 0 0 0 0 0 0 0 0 0 0 0 0 0 0 0 0 0
14 0 0 0 0 0 0 0 0 0 0 0 0 0 0 0 0 0 0 0 0
15 0 0 0 0 0 0 0 0 0 0 0 0 0 0 0 0 0 0 0 0
16 0 0 0 0 0 0 0 0 0 0 0 0 0 0 0 0 0 0 0 0
17 0 0 0 0 0 0 0 0 0 0 0 0 0 0 0 0 0 0 0 0
18 0 0 0 0 0 0 0 0 0 0 0 0 0 0 0 0 0 0 0 0
19 0 0 0 0 0 0 0 0 0 0 0 0 0 0 0 0 0 0 0 0
20 0 0 0 0 0 0 0 0 0 0 0 0 0 0 0 0 0 0 0 0
21 0 0 0 0 0 0 0 0 0 0 0 0 0 0 0 0 0 0 0 0
22 0 0 0 0 0 0 0 0 0 0 0 0 0 0 0 0 0 0 0 0
23 0 0 0 0 0 0 0 0 0 0 0 0 0 0 0 0 0 0 0 0
24 0 0 0 0 0 0 0 0 0 0 0 0 0 0 0 0 0 0 0 0
25 0 0 0 0 0 0 0 0 0 0 0 0 0 0 0 0 0 0 0 0
26 0 0 0 0 0 0 0 0 0 0 0 0 0 0 0 0 0 0 0 0
27 0 0 0 0 0 0 0 0 0 0 0 0 0 0 0 0 0 0 0 0
28 0.069173 0.059566 0.056712 0.055564 0.055695 0.056082 0.056726 0.05722 0.056178 0.055136 0.053472 0.051185 0.048899 0.046486 0.04406 0.041438 0.038618 0.036455 0.035166 0.026168
29 0.070447 0.062589 0.059391 0.057972 0.057889 0.05783 0.057796 0.05763 0.056104 0.054578 0.052461 0.049751 0.047041 0.044417 0.041801 0.039543 0.037644 0.035443 0.032842 0.026832
30 0.073817 0.068782 0.066152 0.064288 0.062998 0.061425 0.059568 0.057597 0.054436 0.051275 0.048349 0.045657 0.042966 0.040698 0.038471 0.036771 0.035599 0.033355 0.029685 0.028111
31 0.07614 0.072072 0.069357 0.066738 0.064192 0.061528 0.058747 0.055984 0.053406 0.050828 0.048191 0.045494 0.042797 0.040427 0.038089 0.035835 0.033664 0.031239 0.028478 0.026795
32 0.075407 0.073064 0.070004 0.066945 0.063889 0.061059 0.058457 0.055857 0.053284 0.050711 0.048187 0.04571 0.043234 0.04082 0.038412 0.03595 0.033433 0.030917 0.028402 0.02626
33 0.076159 0.073014 0.070263 0.067292 0.064154 0.061209 0.058457 0.055725 0.053202 0.050679 0.048137 0.045578 0.043019 0.040534 0.038057 0.035652 0.033317 0.030954 0.028552 0.026046
34 0.077363 0.073999 0.07083 0.067726 0.064672 0.061681 0.058755 0.055849 0.053143 0.050438 0.04776 0.045112 0.042463 0.040033 0.037623 0.035215 0.032808 0.030466 0.028211 0.025853
35 0.077995 0.074642 0.07127 0.06816 0.065245 0.062228 0.059109 0.056018 0.053229 0.050439 0.047671 0.044925 0.042179 0.039658 0.037159 0.034683 0.032229 0.029898 0.02773 0.025533
36 0.078762 0.075447 0.071903 0.06855 0.065341 0.062237 0.059237 0.056245 0.053332 0.050419 0.047587 0.044834 0.042082 0.03943 0.036788 0.034249 0.031813 0.02946 0.027217 0.025065
37 0.079116 0.075739 0.072502 0.069247 0.065976 0.062729 0.059503 0.056299 0.053324 0.050349 0.047458 0.044651 0.041844 0.039154 0.036476 0.033903 0.031435 0.029034 0.026723 0.024537
38 0.079946 0.076476 0.072968 0.069547 0.066192 0.062882 0.059617 0.056371 0.053328 0.050285 0.047354 0.044536 0.041718 0.038944 0.036174 0.033543 0.031051 0.028631 0.026307 0.024129
39 0.080518 0.077012 0.073411 0.069891 0.066432 0.063075 0.059818 0.056571 0.053429 0.050288 0.047263 0.044356 0.041449 0.038675 0.035914 0.033271 0.030744 0.02827 0.025866 0.023747
40 0.088613 0.085036 0.080827 0.076405 0.071825 0.067543 0.063561 0.059555 0.055312 0.051069 0.046911 0.042839 0.038766 0.035017 0.0313 0.02774 0.024338 0.020999 0.017743 0.014602
41 0.089173 0.086007 0.081472 0.076941 0.072414 0.068023 0.063771 0.059519 0.055278 0.051037 0.046865 0.042762 0.03866 0.034802 0.030968 0.027287 0.02376 0.020341 0.017066 0.013855
42 0.091213 0.086573 0.081838 0.077239 0.072742 0.068272 0.063829 0.059404 0.05516 0.050917 0.046733 0.04261 0.038487 0.034561 0.030654 0.026895 0.023283 0.019811 0.016523 0.013256
43 0.091617 0.087052 0.08236 0.077729 0.073145 0.068571 0.064007 0.059466 0.055162 0.050858 0.046623 0.042459 0.038295 0.034343 0.030412 0.026614 0.022949 0.019435 0.016122 0.012781
44 0.092238 0.087438 0.082757 0.078098 0.073454 0.068813 0.064174 0.059559 0.055184 0.050809 0.046522 0.042323 0.038123 0.034148 0.030195 0.02636 0.022646 0.019082 0.015721 0.012355
45 0.09276 0.087807 0.083061 0.078366 0.07371 0.069061 0.064419 0.059791 0.055298 0.050805 0.046442 0.042209 0.037975 0.033972 0.02999 0.026114 0.022342 0.018704 0.015245 0.011929
46 0.093005 0.088193 0.083375 0.078626 0.073929 0.069262 0.064627 0.059997 0.055421 0.050845 0.046416 0.042135 0.037853 0.033818 0.029808 0.025889 0.022063 0.018364 0.014833 0.01154
47 0.093417 0.088593 0.083682 0.078845 0.074064 0.069369 0.064761 0.060152 0.055536 0.05092 0.046437 0.042087 0.037737 0.033667 0.029624 0.025663 0.021785 0.018036 0.014462 0.011165
48 0.093761 0.088932 0.083997 0.079108 0.074253 0.069507 0.064872 0.060238 0.05561 0.050982 0.046463 0.042052 0.037642 0.033522 0.029431 0.02543 0.021518 0.017737 0.01413 0.010815
49 0.094244 0.089144 0.08428 0.079387 0.074474 0.06966 0.064944 0.060238 0.055632 0.051026 0.046492 0.042031 0.037569 0.033389 0.029236 0.025195 0.021266 0.017466 0.013837 0.010491
50 0.094398 0.089371 0.084499 0.079607 0.074699 0.069849 0.065058 0.060283 0.055682 0.051082 0.046528 0.042021 0.037514 0.033301 0.029118 0.025037 0.021059 0.017207 0.013525 0.010163
51 0.094496 0.089559 0.084617 0.079734 0.074895 0.070046 0.065187 0.060349 0.055745 0.051141 0.046567 0.042021 0.037476 0.033251 0.029056 0.024936 0.02089 0.01697 0.013218 0.0098469
52 0.094614 0.089712 0.084761 0.079867 0.075017 0.070161 0.065299 0.060458 0.055829 0.0512 0.046605 0.042044 0.037483 0.033207 0.02896 0.024795 0.020714 0.016758 0.012968 0.0095481
53 0.094684 0.089787 0.084881 0.079976 0.075073 0.070213 0.065397 0.060594 0.055932 0.051271 0.046658 0.042095 0.037533 0.033192 0.028872 0.024662 0.02056 0.01658 0.012761 0.0092783
54 0.094976 0.089897 0.08498 0.080074 0.075177 0.070319 0.0655 0.060693 0.056004 0.051314 0.046678 0.042095 0.037513 0.033132 0.028772 0.024527 0.0204 0.016393 0.012547 0.009011
55 0.09497 0.089996 0.085052 0.080158 0.075302 0.070457 0.065622 0.060798 0.056088 0.051378 0.046719 0.042112 0.037505 0.033093 0.0287 0.024425 0.020268 0.016232 0.012357 0.0087679
56 0.095016 0.090009 0.08509 0.080202 0.075339 0.070508 0.065708 0.060912 0.056166 0.05142 0.046748 0.04215 0.037553 0.033113 0.02869 0.024375 0.020168 0.016086 0.012171 0.0085757
57 0.094838 0.089986 0.085115 0.080239 0.07536 0.070546 0.065798 0.061047 0.056263 0.05148 0.046797 0.042215 0.037632 0.033165 0.028709 0.024351 0.020092 0.015961 0.012003 0.0084028
58 0.094822 0.089906 0.085066 0.080236 0.075414 0.070629 0.06588 0.061129 0.056353 0.051578 0.046889 0.042287 0.037685 0.033181 0.028686 0.024297 0.020014 0.015854 0.011858 0.0082365
59 0.094565 0.0898 0.084996 0.080226 0.075482 0.070734 0.065981 0.061227 0.056466 0.051705 0.047011 0.042385 0.037758 0.033214 0.028678 0.024258 0.019953 0.015762 0.011722 0.0080761
60 0.094545 0.089702 0.084976 0.080238 0.075491 0.070755 0.066031 0.061305 0.056553 0.051801 0.047096 0.042439 0.037781 0.033218 0.028664 0.024238 0.01994 0.015719 0.0116 0.0079073
61 0.094308 0.08961 0.084975 0.080272 0.075519 0.070796 0.066102 0.061404 0.056659 0.051914 0.047196 0.042506 0.037816 0.033232 0.028658 0.02422 0.01992 0.015669 0.011481 0.007742
62 0.094245 0.089475 0.08487 0.08021 0.075509 0.070822 0.06615 0.061473 0.056739 0.052004 0.047287 0.042588 0.037889 0.033291 0.028703 0.024239 0.0199 0.015612 0.011391 0.0076027
63 0.093978 0.089379 0.084805 0.080186 0.075533 0.070877 0.066218 0.061553 0.056824 0.052095 0.047376 0.042668 0.03796 0.033347 0.028744 0.024253 0.019875 0.015554 0.011309 0.0074672
64 0.093772 0.089135 0.084676 0.080137 0.075539 0.070912 0.066259 0.0616 0.056887 0.052174 0.047467 0.042766 0.038065 0.033439 0.02882 0.024301 0.019882 0.015532 0.011276 0.0073608
65 0.093453 0.088952 0.08459 0.080121 0.07557 0.070966 0.066309 0.061648 0.056955 0.052261 0.047564 0.042863 0.038161 0.033521 0.028886 0.024339 0.019882 0.0155 0.011219 0.0072388
66 0.093222 0.088752 0.084434 0.080026 0.07555 0.070983 0.066324 0.061668 0.057024 0.052381 0.047704 0.042993 0.038281 0.033625 0.028974 0.024403 0.019911 0.015485 0.011149 0.0071112
67 0.092847 0.088597 0.084318 0.079959 0.075542 0.071011 0.066368 0.061727 0.05711 0.052494 0.047827 0.043109 0.038391 0.033724 0.029061 0.024463 0.019929 0.01546 0.011079 0.0069844
68 0.092653 0.088371 0.084145 0.079833 0.075455 0.070984 0.06642 0.061851 0.05722 0.052589 0.04792 0.043213 0.038506 0.033836 0.02917 0.024544 0.019956 0.015442 0.011025 0.0068678
69 0.092325 0.088177 0.083986 0.079709 0.075369 0.070955 0.066469 0.06197 0.057339 0.052707 0.048037 0.043327 0.038618 0.033941 0.029267 0.02462 0.02 0.015445 0.010976 0.0067622
70 0.092042 0.087939 0.083755 0.079513 0.075227 0.070885 0.066487 0.062071 0.057468 0.052865 0.048201 0.043475 0.038749 0.034061 0.029376 0.024714 0.020076 0.015482 0.010944 0.0066704
71 0.091731 0.08775 0.083609 0.079407 0.07516 0.070865 0.066522 0.062156 0.057568 0.052979 0.048318 0.043584 0.03885 0.034155 0.029464 0.024789 0.020128 0.015497 0.010903 0.0065654
72 0.091335 0.087514 0.083502 0.079372 0.075151 0.07088 0.066558 0.062214 0.057636 0.053058 0.048406 0.043679 0.038952 0.034258 0.029567 0.024877 0.02019 0.015519 0.010871 0.0064602
73 0.090918 0.087234 0.083313 0.07924 0.075054 0.070816 0.066526 0.062216 0.057693 0.05317 0.048545 0.043817 0.039089 0.034394 0.029703 0.025003 0.020296 0.015596 0.010904 0.0064729
74 0.090494 0.086906 0.083026 0.079003 0.074871 0.070686 0.066448 0.062193 0.057763 0.053333 0.048749 0.04401 0.039272 0.034573 0.029877 0.025165 0.020436 0.015704 0.010967 0.0065219
75 0.090024 0.086561 0.082752 0.0788 0.07474 0.070624 0.066451 0.062259 0.057867 0.053476 0.048917 0.04419 0.039464 0.034756 0.030049 0.025302 0.020514 0.015749 0.011013 0.0064923
76 0.089613 0.086092 0.082404 0.078561 0.074602 0.070577 0.066486 0.06237 0.057992 0.053613 0.049074 0.044376 0.039677 0.03496 0.030241 0.025452 0.020594 0.015793 0.011067 0.0064562
77 0.089278 0.08571 0.082121 0.078372 0.074502 0.070547 0.066506 0.062435 0.058064 0.053693 0.049175 0.044511 0.039846 0.035125 0.030397 0.025601 0.020735 0.015891 0.011075 0.0064176
78 0.08876 0.085383 0.081873 0.078206 0.074421 0.070527 0.066522 0.062486 0.058125 0.053764 0.049271 0.044648 0.040025 0.035301 0.030567 0.025764 0.020892 0.016001 0.011085 0.0063782
79 0.088281 0.085061 0.081643 0.078063 0.074362 0.070536 0.066585 0.062596 0.058215 0.053834 0.049359 0.044791 0.040224 0.035482 0.030723 0.025877 0.020943 0.016008 0.011071 0.0063451
80 0.087895 0.084663 0.081358 0.07788 0.074274 0.070528 0.066644 0.062714 0.058307 0.053901 0.049447 0.044944 0.040441 0.035682 0.030898 0.026009 0.021015 0.016032 0.011065 0.0063017
81 0.087329 0.084262 0.081119 0.077714 0.074111 0.070411 0.066613 0.062766 0.058405 0.054045 0.049627 0.045153 0.040679 0.0359 0.031091 0.026179 0.021165 0.016135 0.011082 0.0062136
82 0.086798 0.083857 0.080898 0.077553 0.073918 0.070251 0.066552 0.0628 0.058497 0.054193 0.049819 0.045373 0.040928 0.036127 0.031291 0.026355 0.021319 0.016238 0.011097 0.0061355
83 0.086302 0.083474 0.080538 0.077261 0.073728 0.07015 0.066528 0.062853 0.058633 0.054413 0.050077 0.045626 0.041174 0.036337 0.031464 0.026499 0.021441 0.016315 0.011096 0.0060894
84 0.086045 0.083068 0.080096 0.076884 0.07349 0.070022 0.06648 0.062886 0.058756 0.054626 0.050334 0.04588 0.041426 0.036557 0.031648 0.026652 0.021568 0.016402 0.011127 0.0060529
85 0.085456 0.082523 0.079672 0.076608 0.073384 0.070009 0.066481 0.062909 0.058866 0.054824 0.050578 0.046129 0.041681 0.036786 0.031849 0.026816 0.021689 0.016495 0.011211 0.0060324
86 0.084707 0.08188 0.079187 0.076293 0.073249 0.069976 0.066472 0.06293 0.058986 0.055041 0.050846 0.0464 0.041955 0.037051 0.032102 0.027045 0.021878 0.016638 0.011301 0.0060643
87 0.08425 0.081446 0.078777 0.075912 0.0729 0.069724 0.066385 0.062999 0.059123 0.055246 0.051077 0.046615 0.042154 0.037281 0.032369 0.027314 0.022114 0.01681 0.011366 0.0061381
88 0.083333 0.081016 0.078342 0.075503 0.072541 0.069475 0.066305 0.063079 0.059274 0.055469 0.051341 0.046889 0.042437 0.037587 0.032698 0.027631 0.022384 0.017016 0.011485 0.0061959
89 0.082497 0.080502 0.0779 0.075203 0.072434 0.069477 0.066331 0.063128 0.059337 0.055545 0.051462 0.047087 0.042712 0.037872 0.032988 0.0279 0.022607 0.01719 0.011609 0.0062192
90 0.081856 0.0799 0.077391 0.074846 0.072273 0.069434 0.066328 0.063166 0.059419 0.055672 0.051644 0.047334 0.043025 0.038177 0.033277 0.028158 0.022818 0.017358 0.011737 0.0061847
91 0.080922 0.079598 0.0772 0.074672 0.072048 0.06923 0.066218 0.06315 0.059503 0.055857 0.051892 0.04761 0.043327 0.038451 0.033516 0.028362 0.022987 0.017498 0.011854 0.0061066
92 0.079983 0.079209 0.076939 0.07446 0.071823 0.069045 0.066128 0.063154 0.059598 0.056042 0.052125 0.047849 0.043572 0.03872 0.033812 0.028636 0.023191 0.01764 0.01195 0.0061249
93 0.079906 0.078752 0.076578 0.074208 0.07169 0.068981 0.066081 0.063127 0.059623 0.056119 0.052224 0.047938 0.043652 0.038883 0.034069 0.028896 0.023364 0.017746 0.012011 0.0061543
94 0.07963 0.078176 0.076081 0.073851 0.071519 0.068926 0.066071 0.063164 0.059715 0.056266 0.052414 0.048159 0.043904 0.039112 0.034267 0.029062 0.023498 0.017861 0.012128 0.0061968
95 0.079155 0.077912 0.0756 0.07344 0.071395 0.068964 0.066147 0.063275 0.059845 0.056414 0.052597 0.048392 0.044188 0.039304 0.034355 0.029102 0.023544 0.017925 0.012225 0.0062227
96 0.079088 0.077334 0.074986 0.072919 0.071063 0.068769 0.066036 0.06325 0.0599 0.056551 0.052799 0.048644 0.044488 0.039584 0.034606 0.029341 0.02379 0.018152 0.0124 0.0062997
97 0.07775 0.076585 0.074796 0.072856 0.070801 0.068477 0.065884 0.063235 0.060005 0.056775 0.053096 0.048968 0.044839 0.039921 0.034926 0.029648 0.024087 0.018411 0.012582 0.0063624
98 0.077053 0.075702 0.074471 0.072759 0.070684 0.068392 0.065883 0.063312 0.06009 0.056867 0.053219 0.049145 0.04507 0.0402 0.035253 0.029996 0.024428 0.018649 0.012589 0.0062376
99 0.076427 0.075538 0.074225 0.072614 0.07078 0.068576 0.066001 0.063361 0.060048 0.056735 0.053086 0.049102 0.045119 0.040337 0.035478 0.03027 0.024712 0.018853 0.012594 0.006143
100 0.075147 0.074999 0.073702 0.072237 0.070644 0.068548 0.06595 0.063296 0.060078 0.056859 0.053305 0.049415 0.045526 0.040735 0.035857 0.030583 0.024913 0.019022 0.012836 0.006346
101 0.074537 0.074251 0.073154 0.071859 0.070415 0.068386 0.065773 0.063121 0.060067 0.057013 0.053573 0.049745 0.045917 0.041102 0.036192 0.030859 0.025104 0.019206 0.013117 0.0066049
102 0.073484 0.073288 0.072247 0.071138 0.069979 0.068139 0.065619 0.063068 0.060188 0.057308 0.053966 0.050161 0.046357 0.041542 0.036628 0.031281 0.0255 0.019596 0.013527 0.0069846
103 0.072377 0.072781 0.07142 0.070384 0.069592 0.067986 0.065565 0.063115 0.060372 0.057628 0.054351 0.05054 0.046729 0.041891 0.036954 0.031601 0.025834 0.01991 0.013776 0.0071918
104 0.07204 0.072532 0.071018 0.070006 0.069373 0.067908 0.065609 0.06327 0.060504 0.057739 0.054479 0.050725 0.046971 0.042046 0.037008 0.031692 0.026099 0.020151 0.013731 0.0070978
105 0.07221 0.072268 0.0708 0.069753 0.069022 0.067588 0.065452 0.063256 0.060452 0.057648 0.054432 0.050805 0.047178 0.04224 0.037174 0.031886 0.026376 0.020443 0.013945 0.0070723
106 0.071916 0.071523 0.069929 0.06897 0.068488 0.067298 0.065399 0.063422 0.060629 0.057836 0.05464 0.05104 0.04744 0.04263 0.037702 0.032347 0.026564 0.020631 0.014496 0.0070971
107 0.071647 0.070945 0.068958 0.06808 0.068034 0.06716 0.065457 0.063656 0.060834 0.058011 0.054822 0.051267 0.047712 0.042979 0.038132 0.032761 0.026867 0.020846 0.014653 0.0071786
108 0.071045 0.070586 0.068442 0.067536 0.067562 0.066768 0.065156 0.063472 0.061052 0.058632 0.055561 0.051838 0.048114 0.043219 0.038211 0.032871 0.0272 0.021085 0.014379 0.0072679
109 0.070727 0.070462 0.068181 0.06709 0.066893 0.066022 0.064476 0.062896 0.060961 0.059025 0.056138 0.052299 0.048459 0.043497 0.038426 0.033155 0.027684 0.021549 0.014532 0.0075279
110 0.070681 0.069588 0.067438 0.066394 0.06618 0.065414 0.064095 0.062734 0.060933 0.059133 0.056352 0.052589 0.048827 0.043905 0.038872 0.033664 0.028282 0.022122 0.014926 0.0078698
111 0.070658 0.068421 0.066573 0.065659 0.065447 0.064795 0.063703 0.062563 0.060934 0.059305 0.056661 0.053003 0.049346 0.044413 0.039357 0.034171 0.028853 0.022679 0.015366 0.0080923
112 0.070254 0.067816 0.066071 0.065156 0.064865 0.064379 0.063697 0.062922 0.061193 0.059463 0.056809 0.053232 0.049656 0.044645 0.039495 0.034318 0.029115 0.023008 0.015695 0.0082102
113 0.069886 0.067687 0.065757 0.064637 0.064124 0.063728 0.063449 0.063037 0.061252 0.059467 0.056847 0.053391 0.049936 0.045039 0.040001 0.034782 0.029379 0.023205 0.016005 0.0083922
114 0.069322 0.067222 0.06576 0.064535 0.063489 0.062906 0.062785 0.062537 0.060985 0.059432 0.056987 0.053649 0.050311 0.045663 0.040888 0.035567 0.029701 0.023342 0.016324 0.0085952
115 0.069161 0.066281 0.065578 0.064272 0.062514 0.061726 0.06191 0.061964 0.060672 0.059381 0.057188 0.054091 0.050995 0.046346 0.041547 0.036194 0.030285 0.023933 0.016991 0.0089707
