1 0 0 0 0 0 0 0 0 0 0 0 0 0 0 0 0 0 0 0 0
2 0 0 0 0 0 0 0 0 0 0 0 0 0 0 0 0 0 0 0 0
3 0 0 0 0 0 0 0 0 0 0 0 0 0 0 0 0 0 0 0 0
4 0 0 0 0 0 0 0 0 0 0 0 0 0 0 0 0 0 0 0 0
5 0 0 0 0 0 0 0 0 0 0 0 0 0 0 0 0 0 0 0 0
6 0 0 0 0 0 0 0 0 0 0 0 0 0 0 0 0 0 0 0 0
7 0 0 0 0 0 0 0 0 0 0 0 0 0 0 0 0 0 0 0 0
8 0 0 0 0 0 0 0 0 0 0 0 0 0 0 0 0 0 0 0 0
9 0 0 0 0 0 0 0 0 0 0 0 0 0 0 0 0 0 0 0 0
10 0 0 0 0 0 0 0 0 0 0 0 0 0 0 0 0 0 0 0 0
11 0 0 0 0 0 0 0 0 0 0 0 0 0 0 0 0 0 0 0 0
12 0 0 0 0 0 0 0 0 0 0 0 0 0 0 0 0 0 0 0 0
13 0 0 0 0 0 0 0 0 0 0 0 0 0 0 0 0 0 0 0 0
14 0 0 0 0 0 0 0 0 0 0 0 0 0 0 0 0 0 0 0 0
15 0 0 0 0 0 0 0 0 0 0 0 0 0 0 0 0 0 0 0 0
16 0 0 0 0 0 0 0 0 0 0 0 0 0 0 0 0 0 0 0 0
17 0 0 0 0 0 0 0 0 0 0 0 0 0 0 0 0 0 0 0 0
18 0 0 0 0 0 0 0 0 0 0 0 0 0 0 0 0 0 0 0 0
19 0 0 0 0 0 0 0 0 0 0 0 0 0 0 0 0 0 0 0 0
20 0 0 0 0 0 0 0 0 0 0 0 0 0 0 0 0 0 0 0 0
21 0 0 0 0 0 0 0 0 0 0 0 0 0 0 0 0 0 0 0 0
22 0 0 0 0 0 0 0 0 0 0 0 0 0 0 0 0 0 0 0 0
23 0 0 0 0 0 0 0 0 0 0 0 0 0 0 0 0 0 0 0 0
24 0 0 0 0 0 0 0 0 0 0 0 0 0 0 0 0 0 0 0 0
25 0 0 0 0 0 0 0 0 0 0 0 0 0 0 0 0 0 0 0 0
26 0 0 0 0 0 0 0 0 0 0 0 0 0 0 0 0 0 0 0 0
27 0.069381 0.059723 0.056842 0.05567 0.055782 0.05615 0.056773 0.057248 0.056186 0.055124 0.053442 0.051139 0.048836 0.046411 0.043973 0.041341 0.038515 0.036344 0.035046 0.02607
28 0.073552 0.067437 0.06355 0.061253 0.06015 0.059225 0.058477 0.057593 0.055299 0.053005 0.050431 0.047575 0.04472 0.041958 0.039206 0.037348 0.036385 0.034262 0.030598 0.027976
29 0.075723 0.071028 0.067375 0.065112 0.063893 0.061899 0.059129 0.056376 0.053805 0.051234 0.048531 0.045698 0.042864 0.040449 0.038074 0.036021 0.034291 0.032027 0.029052 0.027421
30 0.075578 0.072643 0.070028 0.067114 0.063975 0.061107 0.058509 0.055914 0.05335 0.050786 0.048214 0.045634 0.043054 0.040719 0.038407 0.035917 0.033249 0.030753 0.028488 0.026561
31 0.075329 0.073 0.070105 0.067123 0.064075 0.061162 0.058383 0.055635 0.05321 0.050785 0.048303 0.045764 0.043224 0.04074 0.038262 0.035821 0.033418 0.030992 0.028532 0.026139
32 0.07709 0.073621 0.070579 0.067482 0.064344 0.061373 0.058569 0.05578 0.053145 0.05051 0.047895 0.045302 0.042708 0.040246 0.037797 0.035413 0.033095 0.030753 0.028381 0.025916
33 0.077607 0.074215 0.071043 0.068024 0.06512 0.062113 0.059003 0.055923 0.053153 0.050384 0.047645 0.044938 0.04223 0.039804 0.037405 0.034967 0.03249 0.030155 0.028009 0.025772
34 0.078503 0.07516 0.071597 0.068281 0.065152 0.062105 0.05914 0.056184 0.053314 0.050444 0.047642 0.044907 0.042172 0.039556 0.036951 0.034432 0.031999 0.029668 0.027476 0.025315
35 0.078927 0.075579 0.072238 0.068954 0.065714 0.062526 0.059391 0.056272 0.053325 0.050379 0.047513 0.044728 0.041943 0.039274 0.036616 0.034063 0.031616 0.029234 0.026941 0.024766
36 0.07959 0.07616 0.072769 0.069419 0.0661 0.062816 0.059568 0.05634 0.053326 0.050312 0.047398 0.044585 0.041771 0.039034 0.036304 0.033698 0.031216 0.028805 0.026486 0.024305
37 0.080297 0.076801 0.073227 0.069744 0.066331 0.062991 0.059725 0.056474 0.053377 0.05028 0.047299 0.044435 0.04157 0.038792 0.036021 0.033381 0.03087 0.028421 0.026056 0.023908
38 0.080799 0.077274 0.073661 0.070105 0.06659 0.063197 0.059926 0.056662 0.053473 0.050284 0.047218 0.044276 0.041334 0.038549 0.035779 0.033117 0.030561 0.02806 0.025632 0.023504
39 0.081174 0.077626 0.074091 0.070517 0.066914 0.063441 0.0601 0.056766 0.05352 0.050273 0.047166 0.0442 0.041234 0.038397 0.035572 0.032846 0.030217 0.027675 0.025248 0.023022
40 0.090464 0.086345 0.08167 0.077094 0.072594 0.06816 0.063792 0.059435 0.055199 0.050962 0.046788 0.042677 0.038565 0.034664 0.030782 0.027053 0.023475 0.020026 0.016746 0.013508
41 0.091603 0.086842 0.082131 0.077512 0.072964 0.068434 0.063921 0.059429 0.055151 0.050872 0.04666 0.042513 0.038367 0.034427 0.030507 0.026726 0.023085 0.019589 0.016288 0.01298
42 0.091861 0.087275 0.082601 0.077955 0.073329 0.068706 0.064086 0.059491 0.055159 0.050826 0.046568 0.042384 0.038201 0.034238 0.030296 0.02648 0.022791 0.019259 0.015935 0.01256
43 0.092577 0.087652 0.082933 0.078252 0.073599 0.068953 0.064311 0.059688 0.055245 0.050803 0.046472 0.042253 0.038034 0.034043 0.030074 0.026216 0.02247 0.018864 0.015448 0.012111
44 0.093008 0.08799 0.083212 0.078499 0.073835 0.069181 0.064537 0.059901 0.055352 0.050802 0.046402 0.042152 0.037902 0.033885 0.02989 0.025994 0.022195 0.018522 0.015016 0.011725
45 0.093269 0.088424 0.083552 0.078752 0.074006 0.069322 0.064701 0.060082 0.055483 0.050884 0.046424 0.042104 0.037783 0.033729 0.0297 0.025758 0.021903 0.018177 0.014621 0.011327
46 0.093468 0.088815 0.083856 0.078973 0.074148 0.069437 0.06484 0.06024 0.055603 0.050966 0.046454 0.042069 0.037683 0.033593 0.029532 0.025549 0.021645 0.017873 0.014278 0.010977
47 0.094217 0.089039 0.084144 0.079252 0.074364 0.06958 0.0649 0.060226 0.05561 0.050995 0.046468 0.042029 0.037591 0.033438 0.029313 0.025291 0.02137 0.01758 0.013962 0.01063
48 0.094273 0.089294 0.084454 0.079555 0.074612 0.069761 0.065001 0.060255 0.055655 0.051055 0.046511 0.042022 0.037534 0.033327 0.029148 0.025086 0.021141 0.017324 0.013675 0.010317
49 0.094496 0.089478 0.084566 0.079677 0.074808 0.069957 0.065127 0.060317 0.055714 0.051111 0.046545 0.042017 0.037489 0.033269 0.02908 0.024977 0.020962 0.017073 0.013352 0.0099856
50 0.094535 0.089686 0.084712 0.079822 0.074996 0.070141 0.065256 0.060396 0.055782 0.051167 0.04658 0.042019 0.037459 0.033215 0.029001 0.024859 0.020788 0.016843 0.013066 0.0096777
51 0.094641 0.08976 0.084833 0.079932 0.075051 0.070192 0.065355 0.060534 0.055886 0.051239 0.046634 0.042071 0.037509 0.033197 0.02891 0.02472 0.020627 0.016658 0.012853 0.0093982
52 0.094837 0.089869 0.084962 0.080048 0.07513 0.070265 0.065453 0.060652 0.055972 0.051292 0.046665 0.042093 0.037521 0.033154 0.028808 0.024578 0.020464 0.01647 0.012639 0.0091271
53 0.095063 0.089946 0.085014 0.080114 0.07524 0.070389 0.065561 0.060744 0.056044 0.051343 0.046695 0.042099 0.037503 0.033106 0.028728 0.024467 0.020324 0.016302 0.012441 0.0088758
54 0.094971 0.090035 0.085092 0.080198 0.075342 0.070501 0.065675 0.060858 0.056128 0.051399 0.046731 0.042125 0.03752 0.033093 0.028683 0.024388 0.020206 0.016147 0.012251 0.0086575
55 0.094954 0.089996 0.085103 0.080221 0.075349 0.070527 0.065755 0.060984 0.056217 0.05145 0.046772 0.042183 0.037593 0.033139 0.028698 0.02436 0.020124 0.016016 0.012077 0.0084803
56 0.094836 0.08997 0.085112 0.080254 0.075395 0.070592 0.065844 0.061093 0.05631 0.051526 0.046838 0.042245 0.037653 0.033166 0.028688 0.024314 0.020042 0.015896 0.011919 0.0083082
57 0.094752 0.089839 0.085019 0.080222 0.075443 0.070679 0.065928 0.061176 0.056408 0.051641 0.04695 0.042337 0.037724 0.033199 0.028683 0.024277 0.019981 0.015805 0.011786 0.008152
58 0.094618 0.089762 0.084993 0.080237 0.075491 0.070747 0.066006 0.061263 0.056505 0.051747 0.047047 0.042404 0.037761 0.033208 0.028663 0.02424 0.01994 0.015734 0.011653 0.007982
59 0.094456 0.089632 0.084957 0.08024 0.075492 0.070766 0.066063 0.061356 0.05661 0.051865 0.047155 0.04248 0.037805 0.03323 0.028665 0.024234 0.019938 0.0157 0.011538 0.0078186
60 0.094299 0.089542 0.08492 0.080238 0.075511 0.070806 0.066125 0.061438 0.056699 0.05196 0.047243 0.042549 0.037854 0.033262 0.028681 0.024229 0.019908 0.015637 0.011432 0.0076661
61 0.094069 0.089404 0.08482 0.080186 0.075515 0.070849 0.066189 0.061523 0.056793 0.052063 0.047346 0.042641 0.037936 0.03333 0.028733 0.024254 0.019893 0.015584 0.011344 0.0075284
62 0.093863 0.089244 0.084734 0.080159 0.075535 0.070896 0.06624 0.061579 0.056859 0.052139 0.047426 0.042722 0.038018 0.033398 0.028786 0.02428 0.019879 0.015543 0.011292 0.0074099
63 0.093556 0.089008 0.084612 0.080118 0.07555 0.07094 0.066288 0.061632 0.056929 0.052225 0.047524 0.042826 0.038128 0.033494 0.028866 0.024331 0.019888 0.015523 0.01126 0.0073034
64 0.093349 0.088838 0.084501 0.080065 0.075556 0.070973 0.066315 0.061657 0.056992 0.052326 0.04764 0.042933 0.038227 0.033578 0.028934 0.024374 0.019898 0.015493 0.011182 0.0071703
65 0.092988 0.088647 0.084354 0.079981 0.075546 0.070999 0.066341 0.061686 0.057071 0.052455 0.047789 0.043071 0.038354 0.033688 0.029028 0.024442 0.019929 0.015479 0.011111 0.0070413
66 0.092733 0.088471 0.084221 0.079889 0.075493 0.070996 0.066396 0.061795 0.057171 0.052547 0.047879 0.043167 0.038455 0.033787 0.029122 0.024508 0.019945 0.015452 0.011051 0.0069223
67 0.092425 0.088253 0.084058 0.079771 0.075415 0.070978 0.066459 0.06193 0.057291 0.052652 0.047981 0.043278 0.038575 0.033902 0.029231 0.024589 0.019975 0.015436 0.010996 0.006806
68 0.092201 0.088039 0.083854 0.079597 0.075287 0.070913 0.066476 0.062023 0.057408 0.052792 0.048126 0.043408 0.03869 0.034006 0.029327 0.024672 0.020042 0.015466 0.01096 0.0067135
69 0.091824 0.087823 0.083644 0.079422 0.075166 0.070864 0.066514 0.062143 0.057549 0.052956 0.04829 0.043552 0.038815 0.034119 0.029427 0.024757 0.020107 0.015492 0.010921 0.0066138
70 0.091527 0.087614 0.083544 0.079383 0.075152 0.070871 0.06654 0.062187 0.057605 0.053023 0.048367 0.043637 0.038907 0.034213 0.029522 0.024839 0.020163 0.015511 0.010887 0.00651
71 0.091067 0.087366 0.083431 0.07934 0.075133 0.070874 0.066563 0.06223 0.057667 0.053104 0.048461 0.043738 0.039014 0.034321 0.029631 0.024937 0.020238 0.015551 0.01088 0.006453
72 0.090704 0.087047 0.08315 0.079106 0.074951 0.070743 0.066482 0.062203 0.057731 0.053259 0.048656 0.043923 0.03919 0.034493 0.029799 0.025093 0.020374 0.015656 0.010939 0.0065002
73 0.090163 0.086756 0.082897 0.078899 0.074799 0.070645 0.066438 0.062214 0.057818 0.053421 0.048853 0.044115 0.039377 0.034673 0.029972 0.025242 0.020484 0.015733 0.010992 0.0065096
74 0.08977 0.0863 0.082559 0.078668 0.074664 0.070599 0.066472 0.062322 0.057938 0.053554 0.049006 0.044295 0.039584 0.03487 0.030157 0.025387 0.020561 0.015776 0.011045 0.0064747
75 0.089437 0.085845 0.082224 0.078442 0.074538 0.070558 0.066502 0.062419 0.058044 0.053669 0.049141 0.044459 0.039777 0.035056 0.03033 0.025536 0.020671 0.015845 0.011073 0.0064367
76 0.089001 0.085521 0.081977 0.078275 0.074453 0.070532 0.066513 0.062462 0.058097 0.053733 0.049229 0.044588 0.039946 0.035223 0.030492 0.025693 0.020825 0.015956 0.011084 0.0063981
77 0.088461 0.085213 0.08175 0.07813 0.074392 0.070534 0.066556 0.062544 0.058175 0.053805 0.049324 0.044729 0.040135 0.035401 0.030654 0.025827 0.020922 0.016007 0.011079 0.0063617
78 0.088064 0.084836 0.081481 0.077959 0.074312 0.070531 0.066617 0.062661 0.058268 0.053874 0.049411 0.044879 0.040346 0.035595 0.030822 0.02595 0.02098 0.016018 0.011067 0.0063284
79 0.087578 0.084415 0.081198 0.07777 0.074183 0.070472 0.066635 0.062749 0.058366 0.053983 0.049549 0.045064 0.040579 0.035808 0.031011 0.026109 0.021103 0.016093 0.011079 0.0062576
80 0.086968 0.084038 0.080997 0.077627 0.074009 0.070328 0.066586 0.062791 0.058461 0.054132 0.049738 0.045279 0.04082 0.036029 0.031206 0.026282 0.021256 0.016197 0.011094 0.0061635
81 0.086515 0.083615 0.080696 0.077395 0.073807 0.070187 0.066534 0.062828 0.058573 0.054319 0.049967 0.045518 0.04107 0.036249 0.031393 0.02644 0.021392 0.016285 0.011101 0.0061138
82 0.086065 0.083256 0.080303 0.077063 0.073608 0.070091 0.066513 0.062883 0.058711 0.054539 0.050226 0.045772 0.041318 0.036462 0.031567 0.026584 0.021515 0.016362 0.011097 0.0060635
83 0.085818 0.082752 0.079839 0.076708 0.073413 0.070001 0.066472 0.062894 0.058814 0.054733 0.050468 0.046017 0.041567 0.036685 0.031761 0.026745 0.021638 0.016456 0.011175 0.006044
84 0.084864 0.082199 0.079435 0.076465 0.07334 0.070017 0.066498 0.062936 0.058946 0.054956 0.050738 0.046292 0.041846 0.036936 0.03198 0.026926 0.021771 0.016558 0.011267 0.0060291
85 0.084439 0.081606 0.078944 0.076078 0.073058 0.069842 0.066429 0.062973 0.059066 0.055159 0.050979 0.046525 0.042072 0.037184 0.032255 0.027197 0.022012 0.016736 0.011341 0.0061063
86 0.083758 0.08122 0.07855 0.075693 0.072696 0.069579 0.066341 0.063051 0.059216 0.05538 0.051227 0.046757 0.042286 0.037432 0.032541 0.027485 0.022265 0.016923 0.01142 0.0061794
87 0.082775 0.080726 0.078098 0.07534 0.072485 0.06948 0.066325 0.063114 0.059317 0.055521 0.051417 0.047007 0.042597 0.037752 0.032865 0.027785 0.022512 0.017116 0.011556 0.0062116
88 0.082137 0.080172 0.077611 0.075001 0.072353 0.069464 0.066336 0.063149 0.059369 0.055588 0.051534 0.047206 0.042878 0.038045 0.033162 0.02806 0.022739 0.017294 0.011685 0.0062158
89 0.081404 0.079714 0.077269 0.074737 0.072139 0.069315 0.066263 0.063154 0.059463 0.055772 0.051779 0.047486 0.043192 0.038329 0.033411 0.028273 0.022915 0.017438 0.011803 0.0061459
90 0.080191 0.079403 0.077075 0.074562 0.071909 0.069107 0.066155 0.063146 0.059562 0.055978 0.052051 0.047783 0.043514 0.038631 0.033689 0.028514 0.023109 0.01759 0.01192 0.0061106
91 0.079785 0.078955 0.076741 0.074324 0.071754 0.069016 0.066111 0.06315 0.059623 0.056097 0.052193 0.047912 0.043631 0.038823 0.033964 0.028788 0.023295 0.017706 0.011989 0.0061445
92 0.079879 0.078431 0.07632 0.074021 0.071582 0.068919 0.066033 0.063096 0.059633 0.05617 0.052303 0.048032 0.043762 0.039011 0.034213 0.029032 0.023468 0.017827 0.012084 0.0061841
93 0.079285 0.078019 0.075811 0.073623 0.071449 0.068946 0.066114 0.063229 0.059792 0.056355 0.052523 0.048296 0.044069 0.039228 0.034327 0.029096 0.023533 0.017904 0.012186 0.0062142
94 0.079151 0.07763 0.075192 0.073082 0.071219 0.068895 0.066108 0.063268 0.059872 0.056476 0.052694 0.048529 0.044363 0.039463 0.034492 0.029231 0.023681 0.018055 0.01233 0.0062711
95 0.078286 0.076913 0.074871 0.072876 0.070917 0.06861 0.065956 0.063246 0.059963 0.05668 0.052968 0.048829 0.044689 0.039777 0.034789 0.029517 0.023959 0.0183 0.012508 0.0063458
96 0.077332 0.076069 0.074631 0.072774 0.070602 0.068274 0.065791 0.063246 0.060066 0.056885 0.053242 0.049135 0.045028 0.040126 0.035147 0.029872 0.024303 0.018566 0.012606 0.0063074
97 0.07671 0.075595 0.074324 0.07267 0.070729 0.068488 0.065947 0.063342 0.060074 0.056806 0.05316 0.049135 0.045111 0.040287 0.035387 0.030156 0.024593 0.018761 0.012572 0.0061517
98 0.075761 0.075254 0.073896 0.072361 0.070691 0.068562 0.065975 0.063326 0.060045 0.056765 0.053169 0.049258 0.045347 0.040573 0.035716 0.030476 0.024853 0.018971 0.012741 0.0062598
99 0.074803 0.074585 0.073401 0.072031 0.070522 0.068466 0.065863 0.063214 0.060086 0.056958 0.053465 0.04961 0.045754 0.040946 0.036045 0.030729 0.024999 0.019096 0.012966 0.0064604
100 0.073992 0.073552 0.072592 0.071436 0.070132 0.068202 0.065646 0.063056 0.060123 0.057189 0.053822 0.050021 0.046219 0.041402 0.036487 0.03114 0.025361 0.01945 0.01336 0.0068187
101 0.072808 0.07297 0.071761 0.070696 0.069739 0.06803 0.065567 0.063075 0.060272 0.057468 0.054165 0.050361 0.046558 0.041745 0.036835 0.031487 0.025701 0.019802 0.013755 0.0072042
102 0.071973 0.072573 0.071045 0.070053 0.069463 0.06799 0.065632 0.063241 0.060496 0.05775 0.054483 0.050692 0.046902 0.042014 0.037021 0.031684 0.026004 0.020062 0.01377 0.0071522
103 0.072056 0.072414 0.070928 0.069902 0.069221 0.067776 0.065567 0.063307 0.060523 0.057739 0.054496 0.050795 0.047095 0.042122 0.037026 0.031737 0.026255 0.020296 0.013701 0.0070435
104 0.072041 0.071725 0.070292 0.069305 0.068655 0.067343 0.06537 0.063327 0.060557 0.057787 0.054597 0.050988 0.047379 0.042504 0.037507 0.032178 0.026517 0.020575 0.014258 0.0070977
105 0.071712 0.071194 0.069395 0.068484 0.068241 0.067224 0.065435 0.063554 0.060739 0.057924 0.054725 0.051142 0.047559 0.042834 0.037998 0.032608 0.026663 0.020706 0.014735 0.0071278
106 0.071317 0.070521 0.068438 0.067612 0.06773 0.066973 0.065341 0.063622 0.061014 0.058407 0.05528 0.051634 0.047988 0.043165 0.038228 0.032868 0.027085 0.021006 0.014534 0.007238
107 0.070573 0.070588 0.068372 0.067371 0.067282 0.066451 0.064877 0.063251 0.061091 0.058931 0.055941 0.052122 0.048303 0.043316 0.038216 0.032911 0.0274 0.021279 0.014348 0.0073764
108 0.070688 0.070009 0.067747 0.066657 0.066447 0.065645 0.064248 0.062812 0.060958 0.059103 0.056278 0.052481 0.048683 0.043742 0.03869 0.03345 0.028023 0.021871 0.014754 0.0077152
109 0.070612 0.068956 0.066974 0.066005 0.065798 0.065093 0.063889 0.062639 0.06092 0.059201 0.056485 0.052774 0.049062 0.044166 0.039156 0.03398 0.028637 0.022462 0.015176 0.0080151
110 0.070411 0.067791 0.066125 0.065297 0.065098 0.064576 0.06373 0.06281 0.06113 0.059449 0.056801 0.053186 0.04957 0.044593 0.039483 0.034297 0.029034 0.022887 0.015564 0.0081678
111 0.070047 0.067757 0.065917 0.064897 0.064492 0.064064 0.063614 0.063047 0.061261 0.059475 0.056823 0.053305 0.049787 0.044789 0.039648 0.03447 0.029255 0.023156 0.015881 0.0083132
112 0.069542 0.067445 0.065694 0.064511 0.063754 0.063281 0.063094 0.062778 0.061121 0.059464 0.05694 0.053549 0.050159 0.045393 0.040494 0.03522 0.029572 0.023297 0.016187 0.0085068
113 0.069106 0.066779 0.065729 0.064464 0.063037 0.062314 0.062296 0.062155 0.060756 0.059357 0.057041 0.053808 0.050575 0.04602 0.041338 0.036014 0.03005 0.023657 0.016694 0.0088096
114 0.068981 0.065625 0.064953 0.063699 0.062008 0.061384 0.061827 0.062113 0.060775 0.059437 0.057301 0.054367 0.051434 0.046675 0.041739 0.036361 0.030541 0.024257 0.017355 0.009169
115 0.068691 0.064757 0.063651 0.062339 0.060872 0.060622 0.06159 0.062345 0.060901 0.059458 0.057442 0.054853 0.052264 0.047384 0.042284 0.036887 0.031196 0.02495 0.017966 0.0095461
