1 0 0 0 0 0 0 0 0 0 0 0 0 0 0 0 0 0 0 0 0
2 0 0 0 0 0 0 0 0 0 0 0 0 0 0 0 0 0 0 0 0
3 0 0 0 0 0 0 0 0 0 0 0 0 0 0 0 0 0 0 0 0
4 0 0 0 0 0 0 0 0 0 0 0 0 0 0 0 0 0 0 0 0
5 0 0 0 0 0 0 0 0 0 0 0 0 0 0 0 0 0 0 0 0
6 0 0 0 0 0 0 0 0 0 0 0 0 0 0 0 0 0 0 0 0
7 0 0 0 0 0 0 0 0 0 0 0 0 0 0 0 0 0 0 0 0
8 0 0 0 0 0 0 0 0 0 0 0 0 0 0 0 0 0 0 0 0
9 0 0 0 0 0 0 0 0 0 0 0 0 0 0 0 0 0 0 0 0
10 0 0 0 0 0 0 0 0 0 0 0 0 0 0 0 0 0 0 0 0
11 0 0 0 0 0 0 0 0 0 0 0 0 0 0 0 0 0 0 0 0
12 0 0 0 0 0 0 0 0 0 0 0 0 0 0 0 0 0 0 0 0
13 0 0 0 0 0 0 0 0 0 0 0 0 0 0 0 0 0 0 0 0
14 0 0 0 0 0 0 0 0 0 0 0 0 0 0 0 0 0 0 0 0
15 0 0 0 0 0 0 0 0 0 0 0 0 0 0 0 0 0 0 0 0
16 0 0 0 0 0 0 0 0 0 0 0 0 0 0 0 0 0 0 0 0
17 0 0 0 0 0 0 0 0 0 0 0 0 0 0 0 0 0 0 0 0
18 0 0 0 0 0 0 0 0 0 0 0 0 0 0 0 0 0 0 0 0
19 0 0 0 0 0 0 0 0 0 0 0 0 0 0 0 0 0 0 0 0
20 0 0 0 0 0 0 0 0 0 0 0 0 0 0 0 0 0 0 0 0
21 0 0 0 0 0 0 0 0 0 0 0 0 0 0 0 0 0 0 0 0
22 0 0 0 0 0 0 0 0 0 0 0 0 0 0 0 0 0 0 0 0
23 0 0 0 0 0 0 0 0 0 0 0 0 0 0 0 0 0 0 0 0
24 0 0 0 0 0 0 0 0 0 0 0 0 0 0 0 0 0 0 0 0
25 0 0 0 0 0 0 0 0 0 0 0 0 0 0 0 0 0 0 0 0
26 0 0 0 0 0 0 0 0 0 0 0 0 0 0 0 0 0 0 0 0
27 0 0 0 0 0 0 0 0 0 0 0 0 0 0 0 0 0 0 0 0
28 0 0 0 0 0 0 0 0 0 0 0 0 0 0 0 0 0 0 0 0
29 0 0 0 0 0 0 0 0 0 0 0 0 0 0 0 0 0 0 0 0
30 0 0 0 0 0 0 0 0 0 0 0 0 0 0 0 0 0 0 0 0
31 0 0 0 0 0 0 0 0 0 0 0 0 0 0 0 0 0 0 0 0
32 0 0 0 0 0 0 0 0 0 0 0 0 0 0 0 0 0 0 0 0
33 0.069343 0.059694 0.056818 0.05565 0.055766 0.056137 0.056764 0.057243 0.056185 0.055126 0.053447 0.051148 0.048848 0.046425 0.043989 0.041359 0.038534 0.036365 0.035068 0.026089
34 0.073548 0.067456 0.063572 0.061267 0.060149 0.059215 0.058466 0.05758 0.055283 0.052987 0.050412 0.047558 0.044704 0.041958 0.039222 0.037368 0.036397 0.034266 0.030592 0.028002
35 0.075703 0.071022 0.067391 0.065127 0.063888 0.061882 0.059108 0.056353 0.053792 0.05123 0.048533 0.045701 0.042868 0.04046 0.038093 0.036038 0.034295 0.032026 0.02906 0.027429
36 0.075537 0.072623 0.070008 0.067094 0.063956 0.061093 0.058503 0.055915 0.053352 0.050789 0.04822 0.045644 0.043068 0.040735 0.038425 0.035934 0.03326 0.030765 0.028505 0.026576
37 0.075291 0.072968 0.070082 0.067106 0.064061 0.061152 0.058378 0.055635 0.053212 0.050789 0.048309 0.045772 0.043234 0.040751 0.038274 0.035835 0.033434 0.031009 0.028551 0.026156
38 0.07706 0.073599 0.07056 0.067467 0.064334 0.061367 0.058566 0.05578 0.053147 0.050513 0.0479 0.045308 0.042715 0.040255 0.037808 0.035425 0.033106 0.030765 0.028394 0.025931
39 0.07758 0.074194 0.071025 0.068011 0.065114 0.062111 0.059001 0.055922 0.053156 0.050389 0.047653 0.044945 0.042238 0.039812 0.037413 0.034975 0.032499 0.030164 0.028017 0.025782
40 0.083913 0.08338 0.078887 0.07435 0.069782 0.06563 0.061895 0.058131 0.05406 0.049989 0.046265 0.042889 0.039512 0.036404 0.033323 0.030295 0.02732 0.024352 0.021395 0.018228
41 0.085908 0.084489 0.079445 0.07481 0.070483 0.06633 0.06235 0.058358 0.054229 0.050101 0.046273 0.042746 0.039219 0.035967 0.032742 0.029541 0.026363 0.023265 0.02027 0.017111
42 0.08683 0.08573 0.08009 0.075253 0.07102 0.066841 0.062716 0.058588 0.054426 0.050264 0.046332 0.042631 0.038929 0.035555 0.032213 0.02888 0.025554 0.022395 0.019455 0.016298
43 0.0886 0.08566 0.080367 0.07563 0.071311 0.067104 0.063009 0.058905 0.054716 0.050527 0.046501 0.042638 0.038775 0.035257 0.031774 0.028339 0.024954 0.021718 0.018679 0.015534
44 0.088954 0.085101 0.080643 0.07615 0.071631 0.067376 0.063385 0.059374 0.055146 0.050919 0.046796 0.042776 0.038757 0.035071 0.031419 0.0279 0.024516 0.021209 0.018004 0.014872
45 0.089913 0.085478 0.081091 0.076617 0.072077 0.067741 0.06361 0.05947 0.055236 0.051001 0.046841 0.042757 0.038673 0.034865 0.031084 0.027458 0.023986 0.020603 0.017339 0.014158
46 0.090416 0.086312 0.081644 0.077076 0.072582 0.068153 0.06379 0.059438 0.055205 0.050972 0.0468 0.04269 0.03858 0.034679 0.030797 0.027067 0.023488 0.020037 0.016756 0.013516
47 0.091561 0.086809 0.082105 0.077493 0.072952 0.068427 0.063919 0.059432 0.055157 0.050881 0.046671 0.042526 0.038381 0.034441 0.030521 0.02674 0.023098 0.019601 0.016298 0.012987
48 0.091817 0.087243 0.082577 0.077937 0.073317 0.0687 0.064084 0.059494 0.055164 0.050835 0.046579 0.042397 0.038215 0.034252 0.03031 0.026494 0.022804 0.01927 0.015945 0.012568
49 0.09254 0.087621 0.082909 0.078235 0.073588 0.068947 0.06431 0.05969 0.055251 0.050811 0.046483 0.042265 0.038048 0.034057 0.030087 0.026229 0.022481 0.018874 0.015456 0.012117
50 0.092971 0.087961 0.08319 0.078483 0.073824 0.069175 0.064535 0.059904 0.055357 0.05081 0.046412 0.042163 0.037915 0.033898 0.029903 0.026006 0.022206 0.018532 0.015024 0.011731
51 0.093233 0.088395 0.08353 0.078736 0.073996 0.069317 0.0647 0.060085 0.055488 0.050892 0.046434 0.042115 0.037796 0.033741 0.029712 0.02577 0.021913 0.018186 0.014629 0.011332
52 0.093436 0.088787 0.083835 0.078958 0.074139 0.069433 0.06484 0.060243 0.055608 0.050974 0.046464 0.042079 0.037695 0.033605 0.029543 0.02556 0.021655 0.017882 0.014284 0.010981
53 0.094182 0.089015 0.084125 0.079239 0.074356 0.069576 0.064899 0.060229 0.055615 0.051002 0.046477 0.042039 0.037602 0.033449 0.029324 0.025301 0.02138 0.017588 0.013968 0.010635
54 0.094245 0.089272 0.084437 0.079543 0.074604 0.069756 0.065 0.060257 0.05566 0.051062 0.046519 0.042031 0.037544 0.033337 0.029158 0.025095 0.021149 0.01733 0.01368 0.01032
55 0.094471 0.089456 0.084549 0.079665 0.074799 0.069953 0.065126 0.060319 0.055718 0.051117 0.046553 0.042026 0.037498 0.033279 0.02909 0.024987 0.02097 0.017079 0.013357 0.0099888
56 0.09451 0.089668 0.084698 0.079812 0.07499 0.070137 0.065256 0.060398 0.055785 0.051172 0.046586 0.042027 0.037467 0.033223 0.029009 0.024866 0.020794 0.016848 0.01307 0.00968
57 0.09462 0.089742 0.084819 0.079921 0.075045 0.070189 0.065354 0.060536 0.05589 0.051244 0.04664 0.042079 0.037517 0.033205 0.028918 0.024727 0.020634 0.016664 0.012857 0.0094005
58 0.094816 0.089855 0.084952 0.080041 0.075126 0.070263 0.065452 0.060654 0.055975 0.051296 0.046671 0.042099 0.037527 0.033161 0.028815 0.024584 0.020469 0.016474 0.012642 0.0091284
59 0.09505 0.089932 0.085003 0.080107 0.075235 0.070386 0.06556 0.060746 0.056046 0.051347 0.0467 0.042105 0.037509 0.033112 0.028734 0.024473 0.020329 0.016306 0.012444 0.0088771
60 0.094956 0.090025 0.085084 0.080192 0.075338 0.070499 0.065675 0.060859 0.05613 0.051402 0.046735 0.04213 0.037525 0.033098 0.028689 0.024393 0.02021 0.01615 0.012253 0.0086587
61 0.094944 0.089985 0.085094 0.080215 0.075345 0.070524 0.065754 0.060984 0.056219 0.051453 0.046776 0.042187 0.037598 0.033144 0.028703 0.024364 0.020128 0.016019 0.01208 0.0084814
62 0.094827 0.089965 0.085108 0.08025 0.075392 0.07059 0.065843 0.061093 0.056311 0.051528 0.04684 0.042248 0.037656 0.033169 0.028692 0.024317 0.020045 0.015898 0.01192 0.0083086
63 0.09475 0.089833 0.085014 0.080218 0.07544 0.070676 0.065926 0.061175 0.056409 0.051642 0.046953 0.04234 0.037727 0.033202 0.028686 0.02428 0.019984 0.015807 0.011787 0.0081524
64 0.094612 0.089761 0.084992 0.080236 0.07549 0.070746 0.066005 0.061263 0.056505 0.051748 0.047048 0.042405 0.037762 0.033209 0.028664 0.024242 0.019942 0.015735 0.011653 0.0079814
65 0.094455 0.089631 0.084955 0.080238 0.075491 0.070765 0.066062 0.061355 0.05661 0.051865 0.047156 0.042481 0.037806 0.033231 0.028666 0.024235 0.019939 0.015701 0.011538 0.0078179
66 0.094301 0.089546 0.084923 0.08024 0.075511 0.070806 0.066124 0.061438 0.056699 0.051959 0.047243 0.042548 0.037853 0.033262 0.02868 0.024229 0.019908 0.015636 0.011431 0.0076647
67 0.094077 0.089408 0.084822 0.080187 0.075515 0.070849 0.066188 0.061522 0.056792 0.052062 0.047345 0.04264 0.037935 0.033329 0.028732 0.024253 0.019892 0.015583 0.011343 0.007527
68 0.093873 0.089254 0.084739 0.080162 0.075537 0.070896 0.06624 0.061577 0.056857 0.052136 0.047424 0.042719 0.038015 0.033395 0.028783 0.024277 0.019877 0.015541 0.01129 0.007408
69 0.093572 0.089017 0.084618 0.080121 0.075551 0.07094 0.066287 0.061631 0.056926 0.052222 0.047521 0.042823 0.038125 0.033491 0.028863 0.024328 0.019885 0.01552 0.011259 0.0073014
70 0.093367 0.088851 0.084511 0.080072 0.07556 0.070974 0.066315 0.061656 0.056989 0.052322 0.047635 0.042928 0.038221 0.033572 0.028929 0.02437 0.019894 0.015489 0.011178 0.0071673
71 0.093012 0.08866 0.084364 0.079987 0.075549 0.071 0.06634 0.061684 0.057067 0.052451 0.047783 0.043066 0.038348 0.033683 0.029023 0.024437 0.019925 0.015475 0.011107 0.0070381
72 0.092754 0.088489 0.084235 0.079898 0.0755 0.070999 0.066396 0.061792 0.057167 0.052542 0.047873 0.043161 0.038448 0.03378 0.029115 0.024502 0.019939 0.015447 0.011047 0.0069187
73 0.092452 0.088271 0.084071 0.079781 0.075421 0.070981 0.066459 0.061926 0.057286 0.052646 0.047974 0.043271 0.038568 0.033895 0.029224 0.024582 0.019969 0.01543 0.010991 0.0068023
74 0.092232 0.088061 0.083871 0.07961 0.075295 0.070917 0.066476 0.062019 0.057402 0.052785 0.048117 0.043398 0.03868 0.033997 0.029318 0.024664 0.020035 0.015459 0.010955 0.0067094
75 0.091856 0.087845 0.083661 0.079434 0.075174 0.070867 0.066515 0.06214 0.057545 0.05295 0.048283 0.043544 0.038805 0.034109 0.029417 0.024747 0.020099 0.015484 0.010915 0.0066092
76 0.091567 0.087642 0.083564 0.079396 0.07516 0.070875 0.06654 0.062183 0.057599 0.053014 0.048357 0.043626 0.038895 0.034201 0.02951 0.024828 0.020154 0.015502 0.010881 0.006505
77 0.091108 0.087394 0.083451 0.079354 0.075144 0.070881 0.066565 0.062227 0.057661 0.053095 0.04845 0.043725 0.039001 0.034308 0.029618 0.024925 0.020228 0.015543 0.010873 0.0064488
78 0.090748 0.08708 0.083175 0.079124 0.074962 0.070749 0.066483 0.062199 0.057724 0.053248 0.048643 0.043909 0.039175 0.034478 0.029785 0.02508 0.020362 0.015646 0.010932 0.0064957
79 0.090213 0.086796 0.082926 0.07892 0.074812 0.070651 0.066438 0.062209 0.057809 0.053409 0.048839 0.0441 0.03936 0.034656 0.029956 0.025227 0.02047 0.015722 0.010984 0.0065037
80 0.089822 0.086343 0.082591 0.07869 0.074678 0.070605 0.066472 0.062316 0.057928 0.053541 0.048991 0.044279 0.039566 0.034853 0.03014 0.025371 0.020547 0.015764 0.011036 0.0064685
81 0.08949 0.085887 0.082256 0.078465 0.074552 0.070565 0.066503 0.062414 0.058035 0.053657 0.049126 0.044442 0.039758 0.035037 0.030312 0.025519 0.020656 0.015833 0.011063 0.0064301
82 0.08906 0.085566 0.082011 0.078299 0.074468 0.07054 0.066513 0.062457 0.058088 0.05372 0.049214 0.04457 0.039926 0.035203 0.030473 0.025675 0.020809 0.015942 0.011073 0.0063912
83 0.088526 0.085263 0.081788 0.078157 0.074409 0.070542 0.066557 0.062537 0.058164 0.053792 0.049307 0.04471 0.040113 0.035379 0.030632 0.025807 0.020904 0.015992 0.011067 0.0063543
84 0.088127 0.084891 0.081523 0.077989 0.07433 0.07054 0.066618 0.062655 0.058257 0.05386 0.049393 0.044858 0.040323 0.035571 0.030799 0.025929 0.02096 0.016002 0.011055 0.0063205
85 0.08765 0.084469 0.081237 0.077798 0.074204 0.070484 0.066638 0.062744 0.058355 0.053967 0.049529 0.045041 0.040554 0.035784 0.030987 0.026086 0.021083 0.016076 0.011066 0.0062491
86 0.087038 0.084097 0.08104 0.077658 0.074031 0.070342 0.066589 0.062785 0.05845 0.054115 0.049716 0.045255 0.040794 0.036003 0.031181 0.026258 0.021235 0.016179 0.011081 0.0061546
87 0.08659 0.083672 0.080744 0.077431 0.07383 0.070199 0.066537 0.062822 0.058561 0.0543 0.049944 0.045493 0.041043 0.036222 0.031366 0.026416 0.02137 0.016267 0.011087 0.0061051
88 0.086128 0.08332 0.080356 0.077104 0.073634 0.070105 0.066518 0.062878 0.058699 0.05452 0.050202 0.045746 0.041289 0.036433 0.031539 0.026558 0.021492 0.016343 0.011082 0.0060544
89 0.085897 0.082821 0.079892 0.076746 0.073436 0.070012 0.066475 0.062889 0.058801 0.054713 0.050443 0.04599 0.041537 0.036655 0.031731 0.026718 0.021613 0.016436 0.01116 0.0060349
90 0.08497 0.082273 0.079491 0.076504 0.073363 0.070028 0.066499 0.062929 0.058931 0.054933 0.05071 0.046261 0.041812 0.036903 0.031948 0.026895 0.021745 0.016536 0.011251 0.0060201
91 0.084521 0.081673 0.078999 0.07612 0.073089 0.06986 0.066434 0.062966 0.059052 0.055138 0.050952 0.046496 0.042039 0.037152 0.032223 0.027167 0.021985 0.016714 0.011324 0.0060972
92 0.083862 0.081291 0.078608 0.075739 0.072729 0.069598 0.066346 0.063042 0.059199 0.055356 0.051198 0.046724 0.042251 0.037396 0.032505 0.027452 0.022235 0.016899 0.011402 0.006169
93 0.08287 0.080802 0.078158 0.075384 0.072511 0.069493 0.066328 0.063107 0.059303 0.0555 0.051391 0.046976 0.042561 0.037716 0.03283 0.027752 0.022484 0.017093 0.011539 0.0062013
94 0.082235 0.080255 0.077678 0.075049 0.072381 0.069478 0.066339 0.063142 0.059354 0.055566 0.051505 0.047173 0.042841 0.038007 0.033125 0.028025 0.022708 0.017268 0.011666 0.0062041
95 0.081513 0.07979 0.077326 0.07478 0.072172 0.069336 0.066271 0.063149 0.059449 0.055748 0.051749 0.047451 0.043153 0.03829 0.033373 0.028237 0.022883 0.017411 0.011784 0.0061339
96 0.080289 0.079487 0.077139 0.074611 0.071947 0.069131 0.066165 0.063143 0.059548 0.055953 0.052019 0.047747 0.043474 0.038591 0.033648 0.028475 0.023074 0.017561 0.011899 0.006099
97 0.07986 0.079045 0.076812 0.074377 0.07179 0.069037 0.066119 0.063147 0.059611 0.056075 0.052164 0.047878 0.043592 0.038783 0.033923 0.028749 0.023261 0.017677 0.011968 0.0061326
98 0.079984 0.07853 0.076398 0.074079 0.07162 0.068941 0.066042 0.063093 0.059617 0.056141 0.052266 0.047991 0.043715 0.038965 0.034168 0.02899 0.023431 0.017796 0.012061 0.0061713
99 0.07939 0.078106 0.07589 0.073685 0.071486 0.068965 0.06612 0.063223 0.059776 0.05633 0.05249 0.048258 0.044025 0.039184 0.034284 0.029055 0.023496 0.017873 0.012163 0.0062013
100 0.079243 0.077729 0.075283 0.073155 0.071265 0.068919 0.066117 0.063261 0.059854 0.056446 0.052657 0.048486 0.044315 0.039415 0.034444 0.029187 0.023641 0.018022 0.012306 0.0062579
101 0.078468 0.07702 0.074939 0.072922 0.070955 0.068636 0.065964 0.063238 0.059942 0.056647 0.052927 0.048782 0.044637 0.039724 0.034738 0.029468 0.023915 0.018264 0.012482 0.0063313
102 0.077469 0.076195 0.074712 0.072831 0.070651 0.068307 0.065799 0.06323 0.060042 0.056854 0.053203 0.04909 0.044976 0.040073 0.035093 0.029821 0.024257 0.018528 0.012578 0.006291
103 0.076842 0.07569 0.074406 0.072732 0.070766 0.068507 0.065954 0.063338 0.060061 0.056784 0.053129 0.049096 0.045063 0.040238 0.035336 0.030106 0.024548 0.018724 0.012544 0.0061356
104 0.075924 0.075365 0.073994 0.072433 0.070731 0.06858 0.06598 0.063318 0.060024 0.05673 0.053125 0.049208 0.04529 0.040517 0.03566 0.030424 0.024806 0.018931 0.012713 0.0062457
105 0.074934 0.074705 0.073493 0.0721 0.070568 0.068494 0.065877 0.063213 0.06007 0.056926 0.053423 0.04956 0.045697 0.040888 0.035988 0.030675 0.02495 0.019056 0.012936 0.0064454
106 0.074142 0.073699 0.072704 0.071513 0.070175 0.068219 0.065647 0.063042 0.060096 0.05715 0.053774 0.049967 0.04616 0.041343 0.036428 0.031084 0.025312 0.019409 0.01333 0.0068041
107 0.072961 0.073078 0.071865 0.070781 0.069792 0.068057 0.065577 0.063068 0.06025 0.057432 0.054118 0.050309 0.046499 0.041686 0.036775 0.03143 0.02565 0.01976 0.013724 0.0071884
108 0.072087 0.072694 0.071136 0.070123 0.06952 0.068029 0.065651 0.063239 0.060482 0.057725 0.054446 0.050645 0.046845 0.041956 0.036962 0.031627 0.025951 0.020016 0.013735 0.0071319
109 0.07218 0.072533 0.071025 0.069981 0.069285 0.067821 0.065589 0.063307 0.060509 0.057712 0.054457 0.050745 0.047033 0.042059 0.036962 0.031675 0.026197 0.020245 0.013663 0.0070223
110 0.072174 0.071844 0.070406 0.069399 0.068715 0.067375 0.065381 0.063317 0.060536 0.057754 0.054555 0.050937 0.047319 0.042442 0.037442 0.032115 0.02646 0.020528 0.014224 0.0070777
111 0.071851 0.071326 0.069523 0.068589 0.068308 0.06726 0.065447 0.063544 0.060717 0.057889 0.054679 0.051087 0.047494 0.042765 0.037926 0.032538 0.026601 0.020654 0.014693 0.0071073
112 0.071476 0.070621 0.068525 0.067688 0.067797 0.067025 0.065373 0.063634 0.061001 0.058368 0.055227 0.051576 0.047925 0.043101 0.038164 0.032806 0.027026 0.020955 0.014494 0.0072178
113 0.070749 0.070697 0.068467 0.067454 0.067356 0.066509 0.064913 0.063265 0.061076 0.058887 0.055881 0.052057 0.048233 0.043246 0.038146 0.032842 0.027335 0.021223 0.014307 0.0073555
114 0.070813 0.070162 0.067863 0.066747 0.066519 0.065694 0.064273 0.062813 0.060941 0.059068 0.056229 0.052421 0.048614 0.04367 0.038616 0.033379 0.027957 0.021815 0.014713 0.007694
115 0.070747 0.069126 0.067104 0.066106 0.065878 0.065149 0.063917 0.062641 0.060902 0.059162 0.056431 0.052708 0.048984 0.044086 0.039074 0.0339 0.028564 0.022399 0.015131 0.0079894
