1 0 0 0 0 0 0 0 0 0 0 0 0 0 0 0 0 0 0 0 0
2 0 0 0 0 0 0 0 0 0 0 0 0 0 0 0 0 0 0 0 0
3 0 0 0 0 0 0 0 0 0 0 0 0 0 0 0 0 0 0 0 0
4 0 0 0 0 0 0 0 0 0 0 0 0 0 0 0 0 0 0 0 0
5 0 0 0 0 0 0 0 0 0 0 0 0 0 0 0 0 0 0 0 0
6 0 0 0 0 0 0 0 0 0 0 0 0 0 0 0 0 0 0 0 0
7 0 0 0 0 0 0 0 0 0 0 0 0 0 0 0 0 0 0 0 0
8 0 0 0 0 0 0 0 0 0 0 0 0 0 0 0 0 0 0 0 0
9 0 0 0 0 0 0 0 0 0 0 0 0 0 0 0 0 0 0 0 0
10 0 0 0 0 0 0 0 0 0 0 0 0 0 0 0 0 0 0 0 0
11 0 0 0 0 0 0 0 0 0 0 0 0 0 0 0 0 0 0 0 0
12 0 0 0 0 0 0 0 0 0 0 0 0 0 0 0 0 0 0 0 0
13 0 0 0 0 0 0 0 0 0 0 0 0 0 0 0 0 0 0 0 0
14 0 0 0 0 0 0 0 0 0 0 0 0 0 0 0 0 0 0 0 0
15 0 0 0 0 0 0 0 0 0 0 0 0 0 0 0 0 0 0 0 0
16 0.069357 0.059706 0.056827 0.055658 0.055772 0.056142 0.056768 0.057245 0.056185 0.055126 0.053445 0.051144 0.048844 0.046419 0.043983 0.041352 0.038527 0.036357 0.03506 0.026081
17 0.070747 0.062925 0.059773 0.058318 0.058136 0.057993 0.057889 0.057652 0.056053 0.054453 0.052289 0.04956 0.046832 0.044189 0.041555 0.039326 0.037502 0.035307 0.032618 0.026883
18 0.073795 0.068807 0.066232 0.064414 0.063164 0.061571 0.059635 0.057589 0.054415 0.051241 0.048321 0.045654 0.042988 0.040672 0.03839 0.036663 0.03549 0.033265 0.029638 0.028056
19 0.076171 0.072151 0.069478 0.066836 0.064218 0.061521 0.058744 0.055984 0.0534 0.050816 0.048178 0.045483 0.042789 0.040415 0.038072 0.035799 0.033598 0.031169 0.028439 0.026739
20 0.075492 0.073132 0.070033 0.066969 0.063932 0.061098 0.058468 0.055845 0.05328 0.050716 0.048191 0.045705 0.043219 0.040793 0.038374 0.03591 0.033402 0.030885 0.028354 0.026201
21 0.0763 0.073111 0.070328 0.067338 0.064191 0.061236 0.058472 0.055729 0.053192 0.050656 0.048106 0.045543 0.042979 0.040492 0.038013 0.035607 0.033275 0.030914 0.028514 0.026003
22 0.077445 0.074065 0.070887 0.06778 0.064727 0.061727 0.058782 0.055856 0.05314 0.050424 0.047738 0.045083 0.042427 0.039995 0.037586 0.035174 0.032761 0.030418 0.028168 0.025816
23 0.078089 0.074727 0.071331 0.068197 0.06526 0.062233 0.059119 0.056032 0.053232 0.050432 0.047658 0.044909 0.04216 0.039631 0.037123 0.034643 0.032189 0.029857 0.027688 0.025492
24 0.078821 0.075495 0.071959 0.068604 0.065386 0.06227 0.059255 0.056248 0.053329 0.05041 0.047571 0.044814 0.042057 0.039402 0.036758 0.034217 0.031779 0.029424 0.027178 0.025025
25 0.079192 0.075803 0.072548 0.069279 0.065999 0.062744 0.059512 0.056302 0.053321 0.05034 0.047445 0.044635 0.041825 0.039131 0.036449 0.033873 0.031404 0.029002 0.026691 0.024505
26 0.080018 0.076537 0.073011 0.069578 0.066214 0.062897 0.059625 0.056373 0.053325 0.050276 0.047342 0.044521 0.0417 0.038922 0.036148 0.033515 0.031022 0.028601 0.026277 0.024099
27 0.080568 0.077056 0.073447 0.069919 0.066452 0.063088 0.059829 0.056579 0.053431 0.050283 0.047253 0.044341 0.041429 0.038655 0.035894 0.033249 0.030722 0.028246 0.025839 0.023722
28 0.080991 0.077452 0.073876 0.07031 0.06675 0.063317 0.060011 0.056712 0.053494 0.050276 0.04719 0.044237 0.041284 0.038473 0.035677 0.032982 0.03039 0.027869 0.025442 0.023267
29 0.08145 0.077862 0.07425 0.070642 0.067035 0.063543 0.060165 0.056799 0.053554 0.050308 0.047182 0.044176 0.041169 0.038304 0.035452 0.032702 0.030053 0.027498 0.025065 0.02279
30 0.08199 0.078319 0.074584 0.070913 0.06729 0.063754 0.060305 0.056872 0.05361 0.050348 0.047181 0.04411 0.041038 0.038122 0.03522 0.032423 0.02973 0.027142 0.024694 0.022355
31 0.082527 0.078744 0.07494 0.071218 0.067558 0.063969 0.060452 0.056952 0.053634 0.050316 0.047105 0.044002 0.040899 0.037946 0.035008 0.03217 0.029432 0.026805 0.024327 0.021995
32 0.082987 0.079028 0.075252 0.071519 0.067819 0.064187 0.060624 0.057076 0.05369 0.050305 0.047037 0.043888 0.040739 0.037758 0.034794 0.031937 0.029187 0.02653 0.023997 0.021643
33 0.083416 0.079372 0.075575 0.071808 0.068062 0.064384 0.060773 0.057181 0.053776 0.050372 0.047062 0.043847 0.040632 0.037587 0.034558 0.031655 0.028877 0.026185 0.023607 0.02127
34 0.083721 0.079721 0.07589 0.072093 0.068321 0.064595 0.060915 0.057257 0.053829 0.050402 0.047049 0.043771 0.040492 0.037426 0.034381 0.031445 0.028619 0.025889 0.023288 0.020894
35 0.084049 0.080109 0.076239 0.072378 0.068524 0.064745 0.061041 0.057358 0.053902 0.050446 0.047048 0.043709 0.040369 0.03727 0.034194 0.031223 0.028356 0.025589 0.022954 0.020496
36 0.084444 0.080496 0.076563 0.072617 0.068661 0.064836 0.061141 0.057467 0.054001 0.050535 0.047102 0.043702 0.040302 0.037134 0.033988 0.030968 0.028072 0.025276 0.022613 0.020083
37 0.084769 0.080791 0.076718 0.072754 0.068873 0.065042 0.061261 0.05751 0.05407 0.05063 0.047184 0.043732 0.04028 0.037039 0.033819 0.030739 0.0278 0.024977 0.022308 0.019704
38 0.085199 0.081157 0.076957 0.07297 0.069143 0.065327 0.061523 0.057737 0.054133 0.050529 0.047011 0.04358 0.040148 0.036897 0.033663 0.030549 0.027555 0.024647 0.021853 0.019421
39 0.085128 0.081106 0.077163 0.073263 0.069395 0.06556 0.061757 0.057964 0.05426 0.050556 0.046984 0.043543 0.040103 0.036801 0.033514 0.030371 0.027373 0.024445 0.02161 0.019104
40 0.094664 0.089751 0.084794 0.079893 0.075032 0.07017 0.065305 0.060462 0.055827 0.051192 0.046594 0.042031 0.037469 0.03319 0.028939 0.024774 0.020694 0.016738 0.01295 0.0095311
41 0.09474 0.089825 0.084913 0.08 0.075087 0.070221 0.065402 0.060597 0.05593 0.051263 0.046647 0.042082 0.037518 0.033174 0.028852 0.024641 0.02054 0.016561 0.012744 0.009262
42 0.095019 0.089928 0.085002 0.080092 0.075192 0.07033 0.065506 0.060694 0.056001 0.051308 0.046669 0.042084 0.037499 0.033117 0.028756 0.024511 0.020383 0.016377 0.012533 0.0089973
43 0.094988 0.090029 0.085077 0.080178 0.07532 0.07047 0.06563 0.060801 0.056087 0.051373 0.046711 0.042102 0.037492 0.033079 0.028685 0.02441 0.020253 0.016217 0.012343 0.0087549
44 0.095051 0.090027 0.085106 0.080215 0.075347 0.070512 0.065712 0.060916 0.056166 0.051416 0.046741 0.042143 0.037545 0.033105 0.02868 0.024363 0.020156 0.016074 0.012159 0.0085655
45 0.094848 0.090007 0.085135 0.080255 0.07537 0.070553 0.065804 0.061052 0.056265 0.051477 0.046792 0.042209 0.037625 0.033157 0.0287 0.024341 0.020079 0.015948 0.011991 0.0083919
46 0.094839 0.089911 0.08507 0.080241 0.075422 0.070637 0.065886 0.061132 0.056356 0.051579 0.046889 0.042285 0.037681 0.033175 0.028679 0.024289 0.020006 0.015846 0.011849 0.0082287
47 0.094563 0.089819 0.085014 0.080244 0.075502 0.070751 0.065992 0.061232 0.056466 0.0517 0.047003 0.042374 0.037746 0.033202 0.028667 0.024247 0.019944 0.015754 0.011713 0.0080675
48 0.09454 0.089698 0.084978 0.080241 0.075493 0.070758 0.066035 0.06131 0.056558 0.051806 0.0471 0.04244 0.037781 0.033217 0.028661 0.024235 0.019937 0.015716 0.011595 0.0079014
49 0.094303 0.089614 0.084975 0.08027 0.075516 0.070793 0.066101 0.061405 0.056661 0.051917 0.047199 0.042509 0.037819 0.033234 0.028659 0.024221 0.01992 0.015667 0.011478 0.0077381
50 0.094216 0.089463 0.084862 0.080206 0.075509 0.070825 0.066155 0.061479 0.056745 0.052011 0.047294 0.042595 0.037895 0.033296 0.028707 0.024242 0.019901 0.015611 0.011389 0.0075995
51 0.093949 0.08935 0.084788 0.080177 0.07553 0.070878 0.066221 0.061558 0.05683 0.052103 0.047386 0.042678 0.03797 0.033357 0.028752 0.02426 0.01988 0.015557 0.011311 0.0074664
52 0.093741 0.089105 0.084658 0.080128 0.075536 0.070913 0.066262 0.061604 0.056894 0.052183 0.047477 0.042776 0.038076 0.033449 0.028829 0.024308 0.019887 0.015536 0.011279 0.00736
53 0.093427 0.088916 0.084562 0.080101 0.075561 0.070963 0.066308 0.061651 0.056962 0.052274 0.047579 0.042877 0.038176 0.033534 0.028898 0.024351 0.019891 0.015507 0.011223 0.007239
54 0.093172 0.088716 0.084407 0.080008 0.075542 0.070981 0.066326 0.061672 0.057034 0.052395 0.047721 0.043009 0.038298 0.03364 0.028988 0.024415 0.01992 0.015492 0.011152 0.0071116
55 0.092794 0.088552 0.084283 0.079935 0.075526 0.071005 0.066371 0.061739 0.057124 0.052509 0.047843 0.043127 0.038411 0.033743 0.02908 0.024479 0.019941 0.015469 0.011085 0.0069864
56 0.092583 0.088325 0.084111 0.079808 0.075439 0.070978 0.066424 0.061864 0.057235 0.052606 0.047938 0.043232 0.038527 0.033856 0.02919 0.024561 0.01997 0.015452 0.011031 0.0068699
57 0.092265 0.088122 0.08394 0.079674 0.075345 0.070944 0.066469 0.061981 0.057355 0.052728 0.04806 0.043351 0.038642 0.033964 0.029289 0.024641 0.020018 0.015459 0.010985 0.0067662
58 0.091963 0.087883 0.083709 0.079478 0.075204 0.070874 0.066488 0.062083 0.057486 0.052888 0.048226 0.043501 0.038775 0.034085 0.029399 0.024736 0.020095 0.015496 0.010953 0.0066746
59 0.091642 0.087684 0.083565 0.079379 0.075143 0.070858 0.066522 0.062165 0.057582 0.052998 0.04834 0.043609 0.038877 0.034182 0.029491 0.024813 0.02015 0.015514 0.010915 0.0065707
60 0.091233 0.087444 0.083456 0.079343 0.075134 0.070873 0.06656 0.062224 0.057651 0.053079 0.04843 0.043706 0.038982 0.034287 0.029595 0.024904 0.020213 0.015537 0.010883 0.0064657
61 0.090826 0.087154 0.08325 0.079193 0.075022 0.070798 0.06652 0.062222 0.05771 0.053198 0.048579 0.043852 0.039125 0.03443 0.029737 0.025035 0.020324 0.015619 0.010921 0.0064839
62 0.090365 0.086825 0.082962 0.078955 0.07484 0.070669 0.066444 0.062201 0.057783 0.053365 0.048787 0.044049 0.039312 0.034612 0.029915 0.025201 0.020467 0.015729 0.010985 0.0065337
63 0.089915 0.086456 0.082673 0.078745 0.074707 0.070609 0.066452 0.062275 0.05789 0.053505 0.048952 0.04423 0.039507 0.034798 0.03009 0.025339 0.020545 0.015774 0.011033 0.0065028
64 0.089504 0.085979 0.08232 0.078502 0.074566 0.070561 0.066487 0.062387 0.058016 0.053645 0.049112 0.044418 0.039723 0.035005 0.030284 0.025491 0.020627 0.015819 0.011087 0.0064672
65 0.089142 0.085608 0.082043 0.078317 0.074469 0.070532 0.066504 0.062447 0.058084 0.053721 0.04921 0.044552 0.039893 0.035171 0.030442 0.025643 0.020773 0.015922 0.011096 0.0064295
66 0.088607 0.085276 0.081792 0.07815 0.074388 0.070513 0.066523 0.062501 0.058148 0.053795 0.04931 0.044693 0.040076 0.035351 0.030615 0.025807 0.020928 0.01603 0.011106 0.0063909
67 0.088133 0.084939 0.081552 0.077999 0.074324 0.070519 0.066586 0.062614 0.05824 0.053866 0.049399 0.044839 0.040279 0.035536 0.030775 0.025924 0.020983 0.01604 0.011095 0.0063591
68 0.087734 0.08453 0.081258 0.07781 0.07423 0.070508 0.066644 0.062732 0.058333 0.053935 0.049489 0.044996 0.040503 0.035742 0.030956 0.026062 0.021062 0.01607 0.011092 0.0063152
69 0.087142 0.084133 0.081029 0.077649 0.074062 0.070381 0.066606 0.06278 0.058433 0.054086 0.049678 0.04521 0.040742 0.035961 0.03115 0.026234 0.021213 0.016174 0.011109 0.0062271
70 0.086631 0.083711 0.080795 0.077478 0.073859 0.070213 0.066539 0.062811 0.058527 0.054242 0.049879 0.045437 0.040996 0.036192 0.031353 0.026412 0.021369 0.016279 0.011126 0.0061512
71 0.08612 0.083339 0.080421 0.077171 0.073672 0.070122 0.066522 0.062869 0.058666 0.054463 0.050137 0.04569 0.041242 0.036403 0.031527 0.026557 0.021493 0.016357 0.011125 0.0061052
72 0.085905 0.08291 0.079959 0.076779 0.073427 0.069991 0.066471 0.062899 0.058787 0.054676 0.050396 0.045947 0.041498 0.036627 0.031715 0.026714 0.021622 0.016446 0.01116 0.0060703
73 0.085207 0.082356 0.079546 0.076522 0.073337 0.06999 0.06648 0.062926 0.058902 0.054878 0.050645 0.046201 0.041758 0.036861 0.031921 0.026883 0.021747 0.016543 0.011247 0.0060509
74 0.084518 0.081679 0.079041 0.076191 0.07318 0.069939 0.066468 0.062956 0.059028 0.0551 0.050915 0.046473 0.042031 0.037128 0.03218 0.027118 0.021942 0.01669 0.011337 0.006086
75 0.084012 0.081292 0.078648 0.075809 0.072822 0.069677 0.066373 0.063021 0.059162 0.055304 0.051146 0.046689 0.042232 0.037361 0.03245 0.027391 0.022182 0.016865 0.011404 0.0061611
76 0.083046 0.080842 0.07821 0.075413 0.072492 0.069457 0.066307 0.0631 0.059309 0.055518 0.051402 0.046961 0.04252 0.03767 0.03278 0.027708 0.022451 0.017071 0.011525 0.0062176
77 0.082268 0.080318 0.077751 0.075096 0.072373 0.06945 0.066326 0.063144 0.059368 0.055592 0.051523 0.04716 0.042798 0.037959 0.033074 0.027981 0.022677 0.017248 0.011651 0.0062419
78 0.081611 0.079741 0.077271 0.074753 0.0722 0.069385 0.066308 0.063175 0.05945 0.055725 0.051713 0.047412 0.043112 0.038263 0.033361 0.028235 0.022887 0.017416 0.01178 0.0062048
79 0.080584 0.079431 0.077075 0.074577 0.071972 0.06918 0.0662 0.063164 0.059541 0.055919 0.051971 0.047699 0.043426 0.038547 0.03361 0.028449 0.023064 0.017561 0.011901 0.0061283
80 0.079741 0.079023 0.076794 0.074354 0.071756 0.069009 0.066115 0.063164 0.059629 0.056093 0.052191 0.047923 0.043655 0.038808 0.033905 0.028725 0.023268 0.017703 0.011995 0.0061498
81 0.07976 0.078539 0.076409 0.074083 0.071608 0.068934 0.066059 0.063131 0.059649 0.056168 0.052289 0.048012 0.043735 0.038974 0.034166 0.02899 0.023445 0.017811 0.012058 0.0061807
82 0.079366 0.078001 0.075912 0.073718 0.071445 0.068894 0.066066 0.063184 0.059754 0.056323 0.052486 0.048244 0.044002 0.039206 0.034356 0.029145 0.023572 0.017925 0.012178 0.0062231
83 0.078982 0.077711 0.075404 0.073284 0.071305 0.068921 0.066133 0.063289 0.05988 0.05647 0.05267 0.04848 0.04429 0.039403 0.034448 0.029188 0.023622 0.017992 0.012277 0.006252
84 0.07887 0.077079 0.074832 0.072812 0.070963 0.068693 0.066 0.063253 0.059933 0.056612 0.052881 0.048738 0.044595 0.03969 0.034712 0.029442 0.02388 0.018228 0.012457 0.0063295
85 0.077462 0.076308 0.074632 0.072743 0.070695 0.068397 0.065848 0.063241 0.060044 0.056846 0.053189 0.049074 0.04496 0.040041 0.035045 0.029761 0.024189 0.018496 0.012639 0.0063901
86 0.076773 0.075513 0.074304 0.072634 0.070616 0.068363 0.065874 0.063322 0.060113 0.056905 0.053273 0.049219 0.045164 0.040302 0.035362 0.030103 0.024526 0.01873 0.012642 0.006262
87 0.076091 0.07533 0.07404 0.072476 0.070707 0.068545 0.065991 0.063371 0.060072 0.056773 0.053143 0.049182 0.045221 0.040451 0.035604 0.030393 0.02482 0.018944 0.012663 0.006181
88 0.07487 0.074738 0.073501 0.07209 0.070547 0.068489 0.065917 0.063292 0.060109 0.056927 0.053399 0.049525 0.045652 0.040861 0.035981 0.030699 0.025012 0.019105 0.012903 0.0063834
89 0.074226 0.073953 0.072924 0.071689 0.070299 0.068313 0.065729 0.063108 0.060095 0.057081 0.053672 0.049865 0.046058 0.041249 0.036342 0.031003 0.025231 0.019312 0.013199 0.0066522
90 0.073115 0.073058 0.072012 0.070945 0.069861 0.068079 0.065598 0.063085 0.060238 0.057391 0.054071 0.050279 0.046486 0.041672 0.03676 0.031407 0.025613 0.019693 0.013604 0.0070314
91 0.072012 0.072537 0.071168 0.070177 0.069471 0.067928 0.065549 0.063142 0.060435 0.057728 0.054472 0.050665 0.046859 0.042018 0.037078 0.031722 0.025952 0.020012 0.013845 0.007229
92 0.071804 0.072295 0.070826 0.069848 0.06924 0.067812 0.065565 0.063274 0.060532 0.057791 0.054555 0.050826 0.047097 0.042172 0.037131 0.031815 0.026222 0.020258 0.013801 0.0071353
93 0.071981 0.071969 0.070552 0.069542 0.068838 0.067447 0.065369 0.063231 0.060477 0.057723 0.054545 0.050942 0.04734 0.042409 0.03735 0.032051 0.026514 0.020557 0.014043 0.0071176
94 0.071634 0.071247 0.069644 0.068733 0.068342 0.067223 0.065378 0.063452 0.060681 0.05791 0.054734 0.051153 0.047573 0.042776 0.037861 0.032499 0.026689 0.020737 0.014595 0.0071395
95 0.071338 0.070615 0.068617 0.067792 0.067848 0.067056 0.065415 0.063675 0.060912 0.05815 0.054992 0.051437 0.047882 0.043141 0.038285 0.032909 0.027011 0.020968 0.01473 0.007226
96 0.070674 0.070378 0.068256 0.067366 0.067401 0.066635 0.065068 0.063431 0.061085 0.058739 0.055705 0.051983 0.048262 0.043361 0.038347 0.033005 0.027337 0.021203 0.014448 0.0073143
97 0.070513 0.070179 0.067922 0.066847 0.06666 0.065836 0.064377 0.06288 0.060996 0.059113 0.056262 0.052445 0.048627 0.043669 0.0386 0.033325 0.027844 0.021687 0.014631 0.0075851
98 0.070417 0.069216 0.067155 0.066172 0.065999 0.065283 0.064024 0.062722 0.060967 0.059211 0.056465 0.052728 0.048992 0.044077 0.039049 0.03384 0.028451 0.022269 0.015031 0.007932
99 0.070367 0.067958 0.066211 0.065371 0.065212 0.064647 0.063677 0.062651 0.061038 0.059426 0.056803 0.053167 0.049532 0.044597 0.039535 0.034342 0.029017 0.022824 0.015475 0.0081511
100 0.069918 0.067589 0.065859 0.064958 0.064677 0.064238 0.063641 0.062945 0.061235 0.059525 0.056896 0.053349 0.049802 0.044793 0.039642 0.034465 0.029262 0.023141 0.015798 0.0082657
101 0.069536 0.067423 0.065509 0.064407 0.063914 0.06356 0.063344 0.062994 0.061266 0.059538 0.056961 0.053537 0.050112 0.045234 0.040215 0.034987 0.029548 0.023343 0.016117 0.0084557
102 0.06892 0.066876 0.065566 0.064379 0.063284 0.062708 0.062652 0.06247 0.060982 0.059495 0.0571 0.053798 0.050496 0.045873 0.041122 0.035792 0.029884 0.023489 0.016446 0.0086676
103 0.068824 0.065789 0.065255 0.064038 0.062307 0.06158 0.061857 0.061997 0.06073 0.059462 0.057304 0.054255 0.051206 0.04655 0.041739 0.036377 0.030464 0.024097 0.017124 0.0090444
104 0.068577 0.064938 0.064062 0.062819 0.061298 0.060922 0.061689 0.062269 0.060906 0.059543 0.057492 0.054754 0.052015 0.047146 0.042072 0.036666 0.030928 0.024692 0.017795 0.0094164
105 0.067927 0.063683 0.062422 0.061294 0.060266 0.060324 0.061469 0.062392 0.061015 0.059639 0.057721 0.055263 0.052804 0.047975 0.042916 0.037522 0.031794 0.025462 0.018327 0.0097846
106 0.067841 0.063493 0.062254 0.061329 0.06064 0.060601 0.061212 0.061653 0.06033 0.059007 0.057242 0.055038 0.052833 0.048175 0.043281 0.037994 0.032316 0.025974 0.018747 0.010041
107 0.068511 0.063372 0.062194 0.061456 0.061047 0.060786 0.060675 0.060468 0.059272 0.058077 0.056479 0.054479 0.052479 0.048063 0.043413 0.038465 0.033216 0.027154 0.020008 0.010387
108 0.068816 0.064796 0.063414 0.062376 0.061595 0.060683 0.05964 0.058609 0.057701 0.056792 0.055456 0.053691 0.051926 0.047836 0.04352 0.038927 0.034057 0.028237 0.021154 0.010773
109 0.06931 0.066401 0.064582 0.063155 0.062022 0.060696 0.059177 0.057729 0.057022 0.056314 0.055233 0.053778 0.052323 0.047797 0.042974 0.038132 0.033271 0.027718 0.021243 0.01112
110 0.071788 0.066993 0.064131 0.062398 0.061513 0.060434 0.059162 0.057926 0.057066 0.056206 0.055178 0.053981 0.052784 0.047705 0.042251 0.037212 0.032587 0.027448 0.021626 0.011611
111 0.073691 0.067073 0.063355 0.061404 0.060779 0.060128 0.059449 0.058689 0.057077 0.055466 0.054222 0.053346 0.052471 0.047422 0.04197 0.037198 0.033107 0.028318 0.022602 0.012232
112 0.074715 0.069346 0.064898 0.062265 0.060995 0.06034 0.060301 0.059998 0.056972 0.053946 0.052196 0.051722 0.051248 0.046307 0.040934 0.036542 0.033131 0.028703 0.022921 0.012519
113 0.075357 0.071656 0.066146 0.063054 0.061779 0.061108 0.061043 0.060634 0.056665 0.052696 0.05074 0.050795 0.05085 0.045556 0.039745 0.035521 0.032883 0.028722 0.022531 0.012519
114 0.07687 0.072728 0.065951 0.063143 0.063317 0.062928 0.061975 0.060684 0.055883 0.051083 0.049014 0.049677 0.05034 0.044975 0.039025 0.034954 0.03276 0.028884 0.022769 0.013038
115 0.077958 0.072189 0.065502 0.06305 0.06378 0.063385 0.061866 0.060046 0.055111 0.050175 0.048161 0.049067 0.049974 0.045304 0.040094 0.035877 0.03265 0.028535 0.023235 0.014041
