1 0 0 0 0 0 0 0 0 0 0 0 0 0 0 0 0 0 0 0 0
2 0 0 0 0 0 0 0 0 0 0 0 0 0 0 0 0 0 0 0 0
3 0 0 0 0 0 0 0 0 0 0 0 0 0 0 0 0 0 0 0 0
4 0 0 0 0 0 0 0 0 0 0 0 0 0 0 0 0 0 0 0 0
5 0 0 0 0 0 0 0 0 0 0 0 0 0 0 0 0 0 0 0 0
6 0 0 0 0 0 0 0 0 0 0 0 0 0 0 0 0 0 0 0 0
7 0 0 0 0 0 0 0 0 0 0 0 0 0 0 0 0 0 0 0 0
8 0 0 0 0 0 0 0 0 0 0 0 0 0 0 0 0 0 0 0 0
9 0 0 0 0 0 0 0 0 0 0 0 0 0 0 0 0 0 0 0 0
10 0 0 0 0 0 0 0 0 0 0 0 0 0 0 0 0 0 0 0 0
11 0 0 0 0 0 0 0 0 0 0 0 0 0 0 0 0 0 0 0 0
12 0 0 0 0 0 0 0 0 0 0 0 0 0 0 0 0 0 0 0 0
13 0 0 0 0 0 0 0 0 0 0 0 0 0 0 0 0 0 0 0 0
14 0 0 0 0 0 0 0 0 0 0 0 0 0 0 0 0 0 0 0 0
15 0 0 0 0 0 0 0 0 0 0 0 0 0 0 0 0 0 0 0 0
16 0 0 0 0 0 0 0 0 0 0 0 0 0 0 0 0 0 0 0 0
17 0 0 0 0 0 0 0 0 0 0 0 0 0 0 0 0 0 0 0 0
18 0 0 0 0 0 0 0 0 0 0 0 0 0 0 0 0 0 0 0 0
19 0 0 0 0 0 0 0 0 0 0 0 0 0 0 0 0 0 0 0 0
20 0 0 0 0 0 0 0 0 0 0 0 0 0 0 0 0 0 0 0 0
21 0 0 0 0 0 0 0 0 0 0 0 0 0 0 0 0 0 0 0 0
22 0 0 0 0 0 0 0 0 0 0 0 0 0 0 0 0 0 0 0 0
23 0 0 0 0 0 0 0 0 0 0 0 0 0 0 0 0 0 0 0 0
24 0 0 0 0 0 0 0 0 0 0 0 0 0 0 0 0 0 0 0 0
25 0 0 0 0 0 0 0 0 0 0 0 0 0 0 0 0 0 0 0 0
26 0 0 0 0 0 0 0 0 0 0 0 0 0 0 0 0 0 0 0 0
27 0 0 0 0 0 0 0 0 0 0 0 0 0 0 0 0 0 0 0 0
28 0 0 0 0 0 0 0 0 0 0 0 0 0 0 0 0 0 0 0 0
29 0.06928 0.059647 0.056779 0.055619 0.05574 0.056117 0.05675 0.057235 0.056182 0.05513 0.053456 0.051162 0.048867 0.046447 0.044015 0.041388 0.038565 0.036398 0.035104 0.026118
30 0.071372 0.063763 0.060831 0.059304 0.058832 0.058443 0.058136 0.057696 0.055875 0.054054 0.051759 0.04899 0.046221 0.043531 0.040847 0.038741 0.037212 0.035046 0.032034 0.027313
31 0.073492 0.068714 0.066224 0.064551 0.063492 0.061874 0.059698 0.057448 0.054443 0.051438 0.048575 0.045854 0.043134 0.040642 0.038172 0.036359 0.035203 0.033063 0.029613 0.028012
32 0.075922 0.072119 0.06964 0.066969 0.064155 0.061386 0.058664 0.055955 0.053383 0.050811 0.048196 0.045537 0.042878 0.040518 0.038187 0.035858 0.033531 0.031086 0.028483 0.026722
33 0.075433 0.073067 0.069895 0.06686 0.063929 0.061121 0.058436 0.055767 0.053264 0.050761 0.04826 0.045763 0.043266 0.040821 0.038382 0.035925 0.033453 0.030962 0.028449 0.026186
34 0.076437 0.073169 0.070333 0.067326 0.06419 0.06124 0.058474 0.055727 0.053171 0.050615 0.048059 0.045502 0.042945 0.040463 0.037987 0.035592 0.033278 0.030933 0.028547 0.026011
35 0.077429 0.074046 0.070883 0.067806 0.064792 0.061798 0.058822 0.055869 0.053143 0.050416 0.047721 0.045058 0.042395 0.039973 0.037575 0.03516 0.032728 0.030386 0.028164 0.025837
36 0.078135 0.074786 0.07136 0.068191 0.065216 0.062191 0.059117 0.056066 0.053254 0.050441 0.047664 0.044922 0.042179 0.039631 0.037102 0.034613 0.032165 0.029835 0.027659 0.025473
37 0.078804 0.07548 0.071994 0.068662 0.065445 0.062318 0.05928 0.056253 0.053331 0.050409 0.047567 0.044806 0.042044 0.039388 0.036741 0.034199 0.031759 0.029398 0.027141 0.024982
38 0.079244 0.075854 0.072574 0.069293 0.06601 0.062752 0.059521 0.056311 0.053325 0.050339 0.047442 0.044633 0.041825 0.039122 0.036429 0.033847 0.031375 0.028972 0.026658 0.024474
39 0.080087 0.0766 0.073052 0.069605 0.066234 0.062913 0.05964 0.056386 0.053331 0.050275 0.047334 0.044509 0.041684 0.038901 0.036123 0.033485 0.030988 0.028563 0.026232 0.024058
40 0.089133 0.085298 0.080535 0.075952 0.071502 0.067262 0.063232 0.059185 0.054971 0.050756 0.046668 0.042705 0.038742 0.035118 0.031528 0.028041 0.024658 0.021378 0.018236 0.015101
41 0.088698 0.085192 0.08093 0.076492 0.071921 0.067622 0.063595 0.059549 0.055307 0.051065 0.046905 0.042828 0.038751 0.034984 0.031247 0.027667 0.024244 0.020891 0.017632 0.014479
42 0.089489 0.0861 0.081526 0.076984 0.072465 0.068064 0.063779 0.059499 0.055259 0.05102 0.046848 0.042743 0.038638 0.034767 0.03092 0.027225 0.023683 0.020255 0.016978 0.013759
43 0.09136 0.086638 0.081911 0.077308 0.072798 0.068313 0.063851 0.059409 0.055156 0.050903 0.046713 0.042583 0.038454 0.034524 0.030614 0.026849 0.023229 0.01975 0.016458 0.013179
44 0.091624 0.087113 0.082427 0.077794 0.073198 0.068611 0.064033 0.059477 0.055165 0.050854 0.046613 0.042443 0.038273 0.034318 0.030384 0.026581 0.022909 0.019389 0.016072 0.012721
45 0.09232 0.087492 0.082802 0.078138 0.073493 0.068851 0.064213 0.059596 0.055203 0.05081 0.046511 0.042306 0.038102 0.034122 0.030164 0.026323 0.022599 0.019024 0.015646 0.012288
46 0.092863 0.087848 0.083095 0.078396 0.073739 0.06909 0.064449 0.05982 0.055312 0.050804 0.046431 0.042193 0.037956 0.033949 0.029964 0.026082 0.022302 0.018655 0.015182 0.011873
47 0.093061 0.088252 0.083421 0.078659 0.073949 0.069279 0.064648 0.060022 0.05544 0.050858 0.046421 0.042129 0.037837 0.033797 0.029781 0.025855 0.022021 0.018314 0.014776 0.011482
48 0.093419 0.088648 0.083725 0.078877 0.074085 0.069386 0.064782 0.060177 0.055555 0.050934 0.046444 0.042084 0.037725 0.03365 0.029602 0.025635 0.02175 0.017994 0.014413 0.011115
49 0.093866 0.088958 0.084035 0.079146 0.074283 0.069528 0.064881 0.060236 0.055612 0.050988 0.046467 0.042049 0.03763 0.033502 0.029401 0.025394 0.021479 0.017695 0.014085 0.010765
50 0.094245 0.089175 0.084321 0.079429 0.074508 0.069684 0.064958 0.060243 0.05564 0.051037 0.046501 0.042032 0.037563 0.033374 0.029212 0.025166 0.021234 0.017431 0.013799 0.010448
51 0.094461 0.089392 0.08451 0.07962 0.074724 0.069875 0.065074 0.06029 0.055689 0.051089 0.046532 0.04202 0.037507 0.033293 0.029108 0.025021 0.021033 0.017171 0.013478 0.010114
52 0.094504 0.089582 0.084631 0.07975 0.074922 0.070073 0.065204 0.060359 0.055755 0.051151 0.046573 0.042022 0.037472 0.033245 0.029049 0.024924 0.020868 0.016938 0.013176 0.0098034
53 0.094628 0.089721 0.084777 0.079882 0.075024 0.070168 0.065314 0.060479 0.055845 0.051211 0.046613 0.042052 0.037491 0.033206 0.028947 0.024776 0.020691 0.016731 0.012937 0.0095074
54 0.094708 0.089794 0.084894 0.079988 0.075078 0.070219 0.065409 0.060612 0.055946 0.05128 0.046666 0.042103 0.03754 0.03319 0.028861 0.024644 0.020539 0.016555 0.012733 0.0092404
55 0.094998 0.089908 0.084987 0.080083 0.075193 0.070337 0.065516 0.060707 0.056015 0.051323 0.046684 0.042098 0.037511 0.033126 0.028761 0.024512 0.02038 0.016369 0.012519 0.0089744
56 0.09494 0.090011 0.085064 0.080172 0.075322 0.070479 0.065642 0.060815 0.056102 0.051389 0.046727 0.042117 0.037506 0.03309 0.028692 0.024412 0.02025 0.016208 0.012328 0.0087343
57 0.095029 0.09 0.085088 0.080203 0.075338 0.07051 0.065718 0.06093 0.056178 0.051427 0.046754 0.042159 0.037563 0.03312 0.028692 0.024371 0.020156 0.016067 0.012146 0.0085497
58 0.094818 0.089999 0.085135 0.08026 0.075377 0.070563 0.065819 0.06107 0.056279 0.051488 0.046801 0.042216 0.037631 0.033159 0.028697 0.024334 0.020071 0.015937 0.011975 0.0083729
59 0.094817 0.089885 0.085051 0.08023 0.07542 0.070641 0.065892 0.061141 0.056367 0.051594 0.046905 0.0423 0.037696 0.033186 0.028685 0.024292 0.020006 0.015841 0.011838 0.0082135
60 0.094562 0.089825 0.085018 0.080246 0.0755 0.070748 0.065991 0.061234 0.056471 0.051707 0.04701 0.04238 0.037749 0.033204 0.028666 0.024247 0.019945 0.01575 0.0117 0.0080482
61 0.094521 0.089683 0.084971 0.080238 0.075491 0.070758 0.06604 0.061319 0.056568 0.051818 0.047112 0.04245 0.037788 0.033222 0.028664 0.024237 0.019939 0.015714 0.011584 0.0078831
62 0.094305 0.089606 0.084969 0.080267 0.075516 0.070796 0.066105 0.06141 0.056667 0.051924 0.047207 0.042516 0.037825 0.033239 0.028663 0.024222 0.019916 0.015659 0.011467 0.0077209
63 0.0942 0.089457 0.084857 0.080204 0.07551 0.070829 0.066161 0.061486 0.056753 0.05202 0.047303 0.042602 0.037902 0.033301 0.028711 0.024243 0.019898 0.015604 0.011378 0.0075824
64 0.093949 0.089345 0.084787 0.080179 0.075534 0.070882 0.066224 0.06156 0.056833 0.052106 0.047389 0.042682 0.037975 0.03336 0.028754 0.02426 0.019876 0.015551 0.011304 0.0074513
65 0.093738 0.089101 0.084658 0.080131 0.07554 0.070918 0.066265 0.061607 0.056896 0.052186 0.047481 0.042781 0.03808 0.033452 0.028831 0.024308 0.019882 0.015529 0.011271 0.0073447
66 0.093451 0.088922 0.084566 0.080105 0.075565 0.070967 0.066309 0.061649 0.056963 0.052277 0.047582 0.04288 0.038177 0.033534 0.028897 0.024347 0.019885 0.015497 0.011208 0.0072196
67 0.093182 0.088725 0.084413 0.080014 0.075548 0.070986 0.066327 0.061671 0.057035 0.052399 0.047725 0.043012 0.038299 0.03364 0.028987 0.024412 0.019914 0.015483 0.011138 0.0070918
68 0.092817 0.088567 0.084295 0.079943 0.07553 0.071008 0.066376 0.061745 0.057126 0.052507 0.04784 0.043123 0.038407 0.033739 0.029076 0.024474 0.019932 0.015457 0.011071 0.006967
69 0.092598 0.088343 0.084124 0.079818 0.075445 0.070982 0.06643 0.061871 0.057238 0.052604 0.047935 0.043229 0.038523 0.033853 0.029186 0.024555 0.01996 0.015439 0.011016 0.0068499
70 0.092299 0.088144 0.083954 0.079682 0.075348 0.070945 0.066471 0.061983 0.057356 0.052729 0.048059 0.043347 0.038635 0.033956 0.029281 0.024632 0.02001 0.015449 0.010971 0.0067483
71 0.091991 0.087907 0.083724 0.079487 0.075208 0.070876 0.06649 0.062086 0.057487 0.052889 0.048225 0.043497 0.038768 0.034078 0.029391 0.024728 0.020087 0.015486 0.010938 0.006656
72 0.091685 0.08772 0.083596 0.079403 0.07516 0.070867 0.066527 0.062164 0.057576 0.052989 0.048329 0.043596 0.038863 0.034168 0.029477 0.0248 0.020136 0.015499 0.010898 0.0065496
73 0.091275 0.087482 0.08349 0.079369 0.075152 0.070884 0.066565 0.062223 0.057646 0.053069 0.048418 0.043692 0.038966 0.034272 0.029581 0.024889 0.020198 0.015522 0.010865 0.0064435
74 0.090876 0.08719 0.083274 0.079208 0.075028 0.070797 0.066514 0.062212 0.057702 0.053191 0.048572 0.043842 0.039112 0.034417 0.029725 0.025024 0.020314 0.01561 0.010912 0.0064792
75 0.090405 0.086865 0.08299 0.078973 0.074848 0.070671 0.066439 0.062192 0.057775 0.053358 0.04878 0.044039 0.039299 0.034599 0.029903 0.025189 0.020457 0.015719 0.010975 0.0065235
76 0.089978 0.086499 0.082706 0.078768 0.074722 0.070618 0.066456 0.062274 0.057883 0.053493 0.048937 0.044214 0.039492 0.034782 0.030074 0.025321 0.020523 0.015753 0.01102 0.0064862
77 0.089576 0.086025 0.082354 0.078527 0.074582 0.07057 0.066491 0.062385 0.058008 0.053631 0.049096 0.044401 0.039707 0.034987 0.030265 0.025472 0.020608 0.0158 0.011066 0.0064492
78 0.089216 0.085669 0.08209 0.078351 0.074492 0.070544 0.066508 0.062441 0.058071 0.053701 0.049186 0.044528 0.039869 0.035147 0.030418 0.025622 0.020756 0.015905 0.011075 0.006411
79 0.088689 0.085347 0.081847 0.078191 0.074418 0.070531 0.066531 0.062499 0.058138 0.053777 0.049288 0.044669 0.04005 0.035323 0.030585 0.025776 0.020895 0.015998 0.01108 0.0063718
80 0.088228 0.085013 0.081609 0.078042 0.074353 0.070537 0.066594 0.062612 0.058227 0.053842 0.04937 0.044811 0.040252 0.035507 0.030745 0.025892 0.020949 0.016007 0.011068 0.0063391
81 0.087828 0.084602 0.081313 0.077849 0.074256 0.070522 0.066647 0.062726 0.058321 0.053916 0.049466 0.044971 0.040475 0.035713 0.030925 0.026033 0.021036 0.016046 0.011067 0.0062887
82 0.087238 0.084216 0.081096 0.077698 0.074089 0.070393 0.066607 0.062772 0.058418 0.054065 0.049653 0.045182 0.040711 0.035929 0.031117 0.026202 0.021185 0.016148 0.011083 0.0061986
83 0.086739 0.083793 0.080861 0.077525 0.073885 0.070223 0.066539 0.062801 0.058514 0.054226 0.049859 0.045412 0.040964 0.036158 0.031316 0.026375 0.021336 0.016249 0.011097 0.0061286
84 0.086233 0.083432 0.080488 0.077218 0.073703 0.070139 0.066526 0.062861 0.058653 0.054444 0.050113 0.04566 0.041207 0.036365 0.031486 0.026516 0.021457 0.016324 0.011094 0.0060808
85 0.086031 0.082999 0.080024 0.076827 0.073463 0.070013 0.066476 0.062888 0.058771 0.054653 0.050367 0.045914 0.04146 0.036587 0.031674 0.026673 0.021583 0.016413 0.011137 0.006049
86 0.085321 0.082453 0.079621 0.076578 0.073377 0.070013 0.066486 0.062915 0.058884 0.054854 0.050615 0.046166 0.041718 0.036819 0.031877 0.026839 0.021706 0.016507 0.011223 0.0060281
87 0.084645 0.081781 0.079117 0.076242 0.073209 0.069951 0.066469 0.062946 0.05901 0.055074 0.050881 0.046432 0.041983 0.037083 0.032139 0.027082 0.02191 0.016661 0.01131 0.0060742
88 0.084142 0.081401 0.078729 0.075864 0.072853 0.06969 0.066375 0.063011 0.059144 0.055277 0.051111 0.046646 0.042182 0.037314 0.032407 0.027352 0.022148 0.016834 0.011374 0.0061485
89 0.083168 0.08095 0.078291 0.075473 0.072535 0.069483 0.066314 0.06309 0.059286 0.055482 0.051358 0.046916 0.042474 0.037625 0.032737 0.027666 0.022413 0.017038 0.011501 0.0061983
90 0.082411 0.080432 0.077838 0.075159 0.072419 0.069477 0.066333 0.063132 0.059342 0.055552 0.051475 0.047112 0.042748 0.037911 0.033027 0.027936 0.022637 0.017213 0.011625 0.0062211
91 0.081759 0.079867 0.077371 0.074826 0.072245 0.069407 0.066313 0.063162 0.059428 0.055693 0.051673 0.047367 0.043061 0.038209 0.033305 0.028181 0.022837 0.017374 0.011751 0.006172
92 0.080736 0.079567 0.077183 0.074656 0.072021 0.069205 0.066206 0.063151 0.059518 0.055885 0.05193 0.047651 0.043372 0.03849 0.03355 0.02839 0.023011 0.017517 0.01187 0.006093
93 0.079909 0.079164 0.076905 0.074438 0.071815 0.069045 0.066128 0.063155 0.059604 0.056054 0.052139 0.04786 0.043582 0.038741 0.033845 0.028669 0.023212 0.017653 0.011956 0.0061278
94 0.079952 0.078689 0.076527 0.074172 0.071671 0.068971 0.066071 0.063119 0.059622 0.056125 0.052232 0.047944 0.043656 0.038901 0.034101 0.028929 0.023385 0.017757 0.012017 0.0061575
95 0.079547 0.078154 0.076027 0.073804 0.071509 0.068936 0.066085 0.063181 0.059733 0.056285 0.052436 0.048188 0.043939 0.039134 0.034274 0.029063 0.0235 0.017866 0.012139 0.0061988
96 0.079182 0.077872 0.075525 0.073374 0.071371 0.068963 0.06615 0.063283 0.059855 0.056426 0.052614 0.048417 0.04422 0.039323 0.034358 0.0291 0.02355 0.017938 0.012245 0.0062334
97 0.079063 0.077232 0.074958 0.072906 0.071021 0.068721 0.066006 0.063237 0.059903 0.056569 0.052826 0.048675 0.044523 0.039617 0.034638 0.029373 0.023821 0.018181 0.012421 0.0063078
98 0.077669 0.076476 0.07477 0.072847 0.07076 0.068429 0.065856 0.063226 0.060014 0.056801 0.053133 0.049008 0.044884 0.039965 0.034968 0.029691 0.024132 0.018443 0.012582 0.0063447
99 0.07699 0.075694 0.07445 0.072748 0.070703 0.068421 0.065902 0.063319 0.060083 0.056847 0.053197 0.049134 0.045071 0.040213 0.035278 0.030028 0.024462 0.018671 0.012579 0.0062117
100 0.076315 0.075515 0.074187 0.07259 0.070791 0.068598 0.066011 0.063359 0.060031 0.056702 0.053054 0.049086 0.045118 0.04036 0.035526 0.030322 0.024748 0.018883 0.012632 0.0061732
101 0.075084 0.074915 0.073642 0.072197 0.070622 0.068533 0.06593 0.063275 0.060077 0.056879 0.053339 0.049456 0.045574 0.040779 0.035895 0.030611 0.024926 0.019033 0.012864 0.006373
102 0.074437 0.074125 0.073057 0.071785 0.070362 0.068342 0.065725 0.063072 0.060043 0.057014 0.053597 0.049792 0.045987 0.041176 0.036268 0.030933 0.025171 0.019269 0.01318 0.0066606
103 0.073324 0.073228 0.072142 0.07104 0.069927 0.068117 0.065609 0.063069 0.060206 0.057343 0.054009 0.050204 0.046399 0.041584 0.036671 0.031324 0.025543 0.019642 0.013581 0.0070392
104 0.072262 0.072746 0.071332 0.070305 0.069567 0.067993 0.065584 0.063146 0.060414 0.057682 0.054405 0.050583 0.04676 0.041908 0.036956 0.031609 0.025866 0.019939 0.013767 0.0071767
105 0.072069 0.072526 0.071014 0.069995 0.069347 0.067883 0.065603 0.06328 0.060507 0.057733 0.054476 0.050733 0.046991 0.042053 0.037 0.031691 0.026128 0.020179 0.013715 0.0070781
106 0.072228 0.072182 0.070719 0.069664 0.068916 0.067486 0.065374 0.063203 0.060436 0.057669 0.054477 0.050859 0.047241 0.042317 0.037266 0.031966 0.026415 0.020478 0.014027 0.0070784
107 0.071889 0.071462 0.069813 0.068862 0.068435 0.067284 0.065409 0.063453 0.060652 0.057851 0.054651 0.051054 0.047457 0.042668 0.037764 0.032401 0.026577 0.020647 0.014575 0.0070956
108 0.071606 0.070841 0.068792 0.067923 0.067941 0.067113 0.065439 0.063668 0.060894 0.058121 0.054944 0.051363 0.047783 0.043025 0.038153 0.032784 0.026919 0.020882 0.014617 0.0071917
109 0.070963 0.070615 0.068448 0.067516 0.067509 0.066703 0.065096 0.063422 0.061064 0.058706 0.055653 0.051903 0.048153 0.043234 0.038201 0.032868 0.027236 0.021109 0.014324 0.0072767
110 0.070764 0.070398 0.068094 0.066973 0.06674 0.065879 0.064393 0.062868 0.060959 0.05905 0.05618 0.052349 0.048518 0.043559 0.038491 0.033227 0.027767 0.021628 0.014586 0.0075749
111 0.070688 0.069455 0.067341 0.06631 0.066094 0.065339 0.064045 0.062707 0.060924 0.059141 0.056374 0.052622 0.048871 0.043956 0.038929 0.033732 0.028366 0.022204 0.014982 0.0079208
112 0.070645 0.068205 0.066401 0.065513 0.065314 0.064715 0.063716 0.062661 0.061014 0.059368 0.05672 0.053069 0.049418 0.04447 0.039397 0.034208 0.028902 0.022734 0.015418 0.0081115
113 0.070214 0.067831 0.066058 0.065114 0.064791 0.064315 0.063687 0.06296 0.061212 0.059465 0.056809 0.053245 0.04968 0.044658 0.039494 0.034321 0.029139 0.023045 0.015737 0.0082264
114 0.069844 0.067674 0.065712 0.064564 0.064026 0.063628 0.063371 0.062982 0.061225 0.059468 0.056869 0.053428 0.049986 0.045121 0.040118 0.034884 0.029418 0.023219 0.016045 0.0084177
115 0.069255 0.067153 0.065785 0.064545 0.063402 0.06278 0.062679 0.062454 0.060935 0.059416 0.056997 0.053676 0.050355 0.045747 0.041014 0.035678 0.029739 0.023358 0.016389 0.008643
