1 0 0 0 0 0 0 0 0 0 0 0 0 0 0 0 0 0 0 0 0
2 0 0 0 0 0 0 0 0 0 0 0 0 0 0 0 0 0 0 0 0
3 0 0 0 0 0 0 0 0 0 0 0 0 0 0 0 0 0 0 0 0
4 0 0 0 0 0 0 0 0 0 0 0 0 0 0 0 0 0 0 0 0
5 0 0 0 0 0 0 0 0 0 0 0 0 0 0 0 0 0 0 0 0
6 0 0 0 0 0 0 0 0 0 0 0 0 0 0 0 0 0 0 0 0
7 0 0 0 0 0 0 0 0 0 0 0 0 0 0 0 0 0 0 0 0
8 0 0 0 0 0 0 0 0 0 0 0 0 0 0 0 0 0 0 0 0
9 0 0 0 0 0 0 0 0 0 0 0 0 0 0 0 0 0 0 0 0
10 0 0 0 0 0 0 0 0 0 0 0 0 0 0 0 0 0 0 0 0
11 0 0 0 0 0 0 0 0 0 0 0 0 0 0 0 0 0 0 0 0
12 0 0 0 0 0 0 0 0 0 0 0 0 0 0 0 0 0 0 0 0
13 0 0 0 0 0 0 0 0 0 0 0 0 0 0 0 0 0 0 0 0
14 0 0 0 0 0 0 0 0 0 0 0 0 0 0 0 0 0 0 0 0
15 0 0 0 0 0 0 0 0 0 0 0 0 0 0 0 0 0 0 0 0
16 0 0 0 0 0 0 0 0 0 0 0 0 0 0 0 0 0 0 0 0
17 0 0 0 0 0 0 0 0 0 0 0 0 0 0 0 0 0 0 0 0
18 0 0 0 0 0 0 0 0 0 0 0 0 0 0 0 0 0 0 0 0
19 0 0 0 0 0 0 0 0 0 0 0 0 0 0 0 0 0 0 0 0
20 0 0 0 0 0 0 0 0 0 0 0 0 0 0 0 0 0 0 0 0
21 0 0 0 0 0 0 0 0 0 0 0 0 0 0 0 0 0 0 0 0
22 0 0 0 0 0 0 0 0 0 0 0 0 0 0 0 0 0 0 0 0
23 0 0 0 0 0 0 0 0 0 0 0 0 0 0 0 0 0 0 0 0
24 0.068959 0.059918 0.056592 0.055409 0.055835 0.056332 0.056901 0.057342 0.056475 0.055607 0.053886 0.051312 0.048739 0.046269 0.043808 0.041218 0.038497 0.036292 0.034772 0.025837
25 0.074133 0.068647 0.065501 0.063185 0.061491 0.060011 0.058744 0.057357 0.054731 0.052105 0.049364 0.046508 0.043651 0.041255 0.038903 0.037132 0.035942 0.033597 0.029714 0.028029
26 0.076349 0.071878 0.068769 0.066246 0.064163 0.061678 0.05879 0.055937 0.053446 0.050954 0.048283 0.045432 0.042581 0.040315 0.038106 0.035969 0.033904 0.031508 0.028671 0.027022
27 0.075338 0.073028 0.070146 0.067048 0.06379 0.060925 0.058454 0.055968 0.053334 0.050699 0.048135 0.045642 0.043149 0.040792 0.038448 0.035976 0.033377 0.030865 0.028469 0.026417
28 0.075755 0.072907 0.070193 0.067239 0.064105 0.061168 0.058426 0.055708 0.053236 0.050763 0.048244 0.04568 0.043116 0.040629 0.038149 0.035726 0.033361 0.030969 0.028541 0.026083
29 0.077279 0.07391 0.070754 0.067619 0.064499 0.061512 0.058659 0.055822 0.053146 0.050471 0.047819 0.045192 0.042564 0.040119 0.037691 0.035293 0.032924 0.030582 0.028275 0.02587
30 0.077803 0.074441 0.071147 0.06812 0.065295 0.062288 0.059099 0.055947 0.053191 0.050434 0.047679 0.044926 0.042173 0.039693 0.037239 0.03478 0.032317 0.029986 0.027828 0.025615
31 0.078715 0.075409 0.071777 0.068393 0.065194 0.062122 0.059176 0.056234 0.053334 0.050433 0.047613 0.044873 0.042133 0.039488 0.036852 0.034318 0.031887 0.029545 0.027323 0.025181
32 0.079006 0.075643 0.072385 0.069128 0.065874 0.062649 0.059456 0.056283 0.053322 0.050361 0.04748 0.044681 0.041881 0.039205 0.03654 0.033982 0.031529 0.029136 0.026822 0.024637
33 0.079801 0.076347 0.072888 0.069497 0.066156 0.062856 0.059596 0.056357 0.053326 0.050295 0.047371 0.044554 0.041737 0.038979 0.036227 0.033607 0.031119 0.028703 0.026382 0.024202
34 0.08043 0.076926 0.073335 0.06983 0.06639 0.063039 0.059777 0.056528 0.053405 0.050282 0.047277 0.044388 0.0415 0.038724 0.035958 0.033316 0.030797 0.028334 0.025947 0.023815
35 0.080893 0.077361 0.073768 0.070207 0.06667 0.063257 0.059969 0.056688 0.053484 0.05028 0.047205 0.044257 0.04131 0.038512 0.035729 0.03305 0.030476 0.027964 0.025537 0.023385
36 0.081317 0.077746 0.074171 0.070579 0.066974 0.063492 0.060132 0.056783 0.053536 0.05029 0.047174 0.044188 0.041202 0.03835 0.035512 0.032773 0.030135 0.027586 0.025156 0.022905
37 0.081862 0.078218 0.0745 0.070842 0.067228 0.063705 0.060272 0.056855 0.053606 0.050357 0.047199 0.044134 0.041069 0.038161 0.035269 0.032482 0.029801 0.027222 0.02478 0.022438
38 0.082378 0.078631 0.074842 0.071133 0.067485 0.063912 0.060412 0.05693 0.053628 0.050326 0.047129 0.044036 0.040943 0.037999 0.035069 0.032239 0.029507 0.026889 0.024421 0.02209
39 0.082879 0.078964 0.075179 0.071448 0.067757 0.064135 0.060583 0.057046 0.053677 0.050307 0.047054 0.043915 0.040777 0.037803 0.034845 0.031992 0.029244 0.026595 0.024075 0.021726
40 0.092641 0.087765 0.083026 0.078333 0.073674 0.069022 0.064377 0.059748 0.055275 0.050802 0.046452 0.042223 0.037995 0.033997 0.03002 0.026152 0.022392 0.018769 0.01533 0.012006
41 0.093031 0.088118 0.083315 0.078582 0.073899 0.069236 0.064592 0.059954 0.055385 0.050817 0.046399 0.042132 0.037866 0.033839 0.029836 0.025928 0.022115 0.018428 0.014909 0.011619
42 0.093404 0.088535 0.083637 0.078812 0.074042 0.069349 0.064733 0.060117 0.055507 0.050897 0.046423 0.042085 0.037748 0.033685 0.029648 0.025696 0.021829 0.018092 0.014527 0.011232
43 0.093632 0.08891 0.083955 0.079062 0.074215 0.069481 0.064861 0.060239 0.055604 0.050969 0.046451 0.042051 0.037651 0.033545 0.029467 0.025475 0.021567 0.017791 0.014191 0.010883
44 0.09426 0.089113 0.084232 0.079337 0.074431 0.069627 0.064925 0.06023 0.055618 0.051007 0.046475 0.042023 0.037571 0.033403 0.029263 0.02523 0.021306 0.017511 0.013888 0.01055
45 0.094338 0.089354 0.084493 0.079594 0.074668 0.069815 0.065035 0.06027 0.055669 0.051067 0.046516 0.042016 0.037517 0.033307 0.029125 0.025053 0.02109 0.017255 0.013589 0.010229
46 0.094499 0.089539 0.084607 0.079718 0.074863 0.070011 0.065162 0.060334 0.055729 0.051124 0.046552 0.042014 0.037475 0.033253 0.02906 0.024948 0.020916 0.017011 0.013275 0.0099066
47 0.094607 0.089711 0.084747 0.079853 0.075011 0.070153 0.06528 0.060429 0.055805 0.051181 0.046588 0.042027 0.037466 0.033205 0.028972 0.024818 0.020742 0.016792 0.013009 0.0096043
48 0.094664 0.089789 0.08487 0.079965 0.075069 0.070207 0.06538 0.060568 0.055911 0.051254 0.046644 0.04208 0.037517 0.033189 0.028884 0.024683 0.020586 0.016611 0.012799 0.0093305
49 0.094947 0.089891 0.084976 0.080066 0.075158 0.070295 0.065478 0.060672 0.055986 0.0513 0.046668 0.042089 0.037511 0.033137 0.028783 0.024546 0.020424 0.016424 0.012586 0.0090619
50 0.095021 0.089983 0.085042 0.080144 0.075278 0.070429 0.065595 0.060773 0.056066 0.051359 0.046705 0.042102 0.0375 0.033095 0.028709 0.02444 0.02029 0.016261 0.012393 0.0088154
51 0.095006 0.090028 0.085096 0.080205 0.075343 0.070506 0.065694 0.060888 0.056148 0.051408 0.046738 0.042136 0.037534 0.033101 0.028683 0.024377 0.020182 0.016111 0.012205 0.0086116
52 0.094897 0.089998 0.085116 0.080236 0.075358 0.070539 0.065779 0.061018 0.056242 0.051465 0.046783 0.042197 0.037611 0.03315 0.028701 0.024352 0.020104 0.015984 0.012035 0.008437
53 0.094834 0.089939 0.08509 0.080246 0.075408 0.070614 0.065865 0.061113 0.056333 0.051553 0.046864 0.042266 0.037668 0.033172 0.028685 0.024302 0.020025 0.015872 0.011884 0.0082684
54 0.094647 0.089819 0.085006 0.080224 0.075465 0.070708 0.065956 0.061202 0.056438 0.051673 0.046982 0.042362 0.037743 0.033208 0.028682 0.024268 0.019967 0.015782 0.011753 0.0081142
55 0.09458 0.089729 0.084985 0.080239 0.075491 0.070752 0.06602 0.061286 0.056531 0.051777 0.047074 0.042423 0.037771 0.033212 0.028662 0.024238 0.019939 0.015725 0.011624 0.0079414
56 0.094379 0.089604 0.084953 0.080245 0.075496 0.070774 0.06608 0.061381 0.056639 0.051896 0.047184 0.0425 0.037817 0.033236 0.028665 0.024233 0.019938 0.015691 0.01151 0.0077787
57 0.094294 0.0895 0.084888 0.080219 0.075507 0.070813 0.066137 0.061456 0.05672 0.051983 0.047267 0.04257 0.037873 0.033278 0.028692 0.024234 0.019904 0.015623 0.011409 0.007632
58 0.093987 0.089372 0.084797 0.080176 0.075519 0.070864 0.066209 0.061547 0.05682 0.052092 0.047374 0.042667 0.037959 0.033347 0.028744 0.024257 0.019886 0.015568 0.011322 0.007494
59 0.093806 0.089178 0.084698 0.080144 0.075536 0.070905 0.066251 0.061591 0.056875 0.05216 0.047451 0.042748 0.038046 0.033422 0.028806 0.024293 0.019882 0.015539 0.011285 0.0073843
60 0.093455 0.088963 0.084598 0.080124 0.075569 0.070966 0.066313 0.061655 0.056952 0.052249 0.047547 0.042847 0.038147 0.033509 0.028876 0.024334 0.019883 0.015509 0.011238 0.0072681
61 0.093267 0.088782 0.084457 0.080039 0.07555 0.070977 0.06632 0.061664 0.057012 0.052359 0.047678 0.042969 0.03826 0.033607 0.028959 0.024393 0.019908 0.015491 0.011166 0.00714
62 0.092877 0.088627 0.084341 0.079976 0.075554 0.071014 0.066357 0.061704 0.057091 0.052478 0.047812 0.043093 0.038374 0.033707 0.029045 0.024451 0.019927 0.015467 0.011093 0.0070105
63 0.092675 0.088404 0.08417 0.079851 0.075468 0.070987 0.06641 0.061827 0.057201 0.052574 0.047906 0.043197 0.038488 0.033819 0.029153 0.024532 0.019955 0.01545 0.01104 0.0068949
64 0.092346 0.088209 0.084019 0.079739 0.075391 0.070967 0.066466 0.061954 0.057318 0.052682 0.048012 0.043306 0.038599 0.033925 0.029253 0.024608 0.019991 0.015443 0.010987 0.0067838
65 0.092093 0.087969 0.083788 0.079542 0.075249 0.070895 0.066482 0.062052 0.057445 0.052837 0.048173 0.043451 0.038729 0.034043 0.02936 0.024701 0.020066 0.015479 0.010955 0.0066927
66 0.091767 0.087777 0.083616 0.079405 0.075157 0.07086 0.066515 0.062149 0.057559 0.05297 0.048308 0.043574 0.038839 0.034144 0.029453 0.02478 0.020124 0.015499 0.010915 0.0065903
67 0.091395 0.087539 0.083508 0.079367 0.075146 0.070873 0.06655 0.062204 0.057626 0.053048 0.048395 0.043667 0.03894 0.034245 0.029554 0.024867 0.020185 0.015521 0.010883 0.0064863
68 0.090953 0.087275 0.083351 0.079274 0.075082 0.070838 0.066542 0.062225 0.057686 0.053148 0.048516 0.04379 0.039065 0.03437 0.029679 0.024982 0.020277 0.015582 0.010898 0.0064669
69 0.090559 0.086948 0.083065 0.079037 0.074899 0.070708 0.066463 0.0622 0.057754 0.053307 0.048716 0.04398 0.039245 0.034547 0.029852 0.025142 0.020416 0.015689 0.010959 0.0065152
70 0.090055 0.086621 0.082796 0.07883 0.074758 0.070629 0.066445 0.062243 0.057851 0.053459 0.048897 0.044167 0.039436 0.034729 0.030025 0.025285 0.020509 0.015749 0.01101 0.0065042
71 0.089635 0.086158 0.082453 0.078595 0.074622 0.070584 0.066481 0.062353 0.057975 0.053596 0.049055 0.044351 0.039648 0.034932 0.030215 0.025434 0.020589 0.015793 0.011063 0.006469
72 0.089314 0.085742 0.082145 0.078387 0.074508 0.070547 0.066503 0.062431 0.058061 0.05369 0.04917 0.044499 0.039828 0.035106 0.030379 0.025583 0.020716 0.015879 0.011081 0.0064308
73 0.088827 0.085414 0.081896 0.07822 0.074425 0.070524 0.066517 0.062478 0.058118 0.053758 0.049263 0.044633 0.040003 0.035279 0.030547 0.025745 0.020876 0.015993 0.011093 0.0063919
74 0.088316 0.085096 0.081666 0.078075 0.074364 0.07053 0.066571 0.062576 0.058203 0.053831 0.049355 0.044777 0.040199 0.03546 0.030707 0.025869 0.020946 0.016018 0.011083 0.0063579
75 0.087937 0.084705 0.081387 0.077897 0.074279 0.070524 0.066632 0.062695 0.058297 0.0539 0.049444 0.044929 0.040415 0.035658 0.030878 0.025994 0.021005 0.016029 0.011071 0.0063238
76 0.087398 0.084293 0.081127 0.077719 0.074129 0.07043 0.066621 0.062762 0.058395 0.054028 0.049605 0.045128 0.04065 0.035875 0.031071 0.026163 0.02115 0.016127 0.011089 0.0062395
77 0.086828 0.083899 0.080914 0.077566 0.073945 0.070278 0.066566 0.0628 0.058488 0.054177 0.049796 0.045346 0.040895 0.036099 0.03127 0.026339 0.021306 0.016233 0.011105 0.0061495
78 0.08635 0.083498 0.080577 0.077297 0.073748 0.070159 0.066529 0.062846 0.058614 0.054383 0.050043 0.045594 0.041145 0.036316 0.03145 0.026489 0.021434 0.016314 0.011108 0.0061065
79 0.086013 0.083113 0.080157 0.076941 0.073529 0.070047 0.066495 0.062891 0.058745 0.0546 0.0503 0.045847 0.041393 0.036529 0.031626 0.026636 0.021559 0.016396 0.011119 0.0060627
80 0.085581 0.082577 0.07971 0.076626 0.07338 0.069997 0.066474 0.062905 0.05885 0.054796 0.050544 0.046097 0.041649 0.03676 0.031828 0.026803 0.021682 0.016491 0.011205 0.006044
81 0.084734 0.081981 0.079268 0.076351 0.073281 0.069991 0.06648 0.062929 0.058968 0.055008 0.050808 0.046368 0.041928 0.037019 0.032065 0.027007 0.021845 0.016616 0.011298 0.0060551
82 0.084287 0.081472 0.078814 0.075957 0.07295 0.069764 0.066401 0.062992 0.059106 0.055221 0.05105 0.046594 0.042138 0.037259 0.032339 0.027281 0.022086 0.016791 0.011366 0.0061299
83 0.083465 0.08107 0.078405 0.075558 0.072574 0.069491 0.066309 0.06307 0.05926 0.055449 0.051313 0.046852 0.04239 0.03754 0.032653 0.02759 0.022353 0.016992 0.011469 0.0061964
84 0.082558 0.080552 0.077948 0.075235 0.072439 0.06947 0.066326 0.063126 0.059337 0.055549 0.05146 0.047072 0.042684 0.037842 0.032956 0.02787 0.022584 0.017173 0.011597 0.006223
85 0.081923 0.079967 0.077434 0.074873 0.072292 0.069444 0.066331 0.063162 0.059403 0.055644 0.05161 0.047299 0.042988 0.038146 0.033254 0.02814 0.022806 0.017349 0.011728 0.0062076
86 0.081096 0.079596 0.077188 0.074668 0.072064 0.069252 0.066231 0.063153 0.059493 0.055833 0.05186 0.047575 0.043291 0.038421 0.033494 0.028345 0.022976 0.017488 0.011844 0.0061327
87 0.08002 0.07924 0.076955 0.074463 0.071813 0.069033 0.066121 0.063153 0.059595 0.056036 0.052122 0.047851 0.043581 0.038714 0.03379 0.028612 0.023181 0.01764 0.011953 0.0061274
88 0.079799 0.078782 0.076602 0.074223 0.071695 0.068983 0.066088 0.063139 0.059632 0.056124 0.05223 0.047949 0.043669 0.038883 0.034049 0.028874 0.023357 0.017748 0.012016 0.0061581
89 0.079675 0.078179 0.076115 0.073878 0.07151 0.0689 0.066048 0.063144 0.059698 0.056252 0.0524 0.04814 0.04388 0.039105 0.03428 0.029084 0.023515 0.017871 0.012126 0.0062012
90 0.079141 0.077901 0.075641 0.07348 0.071394 0.068943 0.066128 0.063259 0.059832 0.056405 0.052586 0.048375 0.044164 0.0393 0.034373 0.029128 0.023565 0.017937 0.012223 0.0062278
91 0.079061 0.077408 0.074984 0.072909 0.071095 0.068816 0.06607 0.063269 0.059906 0.056543 0.052782 0.048625 0.044468 0.039565 0.03459 0.029325 0.023769 0.018132 0.012386 0.0062964
92 0.077787 0.076665 0.074788 0.072838 0.070832 0.068525 0.065916 0.06325 0.060004 0.056758 0.05307 0.04894 0.04481 0.039894 0.034902 0.029624 0.02406 0.018388 0.012572 0.0063746
93 0.077067 0.075693 0.074463 0.072734 0.070632 0.068338 0.06585 0.063301 0.060103 0.056905 0.053263 0.049178 0.045093 0.040209 0.035247 0.029979 0.024406 0.01864 0.012618 0.0062818
94 0.076484 0.075502 0.074218 0.072601 0.070735 0.068526 0.065975 0.063359 0.060072 0.056786 0.053144 0.049148 0.045151 0.040351 0.035474 0.030255 0.024692 0.018832 0.012576 0.006117
95 0.075298 0.075035 0.073721 0.072242 0.070638 0.068544 0.06596 0.063317 0.06008 0.056842 0.053275 0.04938 0.045485 0.040702 0.035833 0.030572 0.024919 0.019026 0.012813 0.0063166
96 0.074578 0.07433 0.073212 0.0719 0.070441 0.068413 0.065814 0.063173 0.060095 0.057017 0.053561 0.049725 0.045889 0.041072 0.03616 0.030823 0.025061 0.019152 0.013048 0.0065361
97 0.07361 0.07331 0.072333 0.071225 0.070019 0.068154 0.065629 0.063071 0.060176 0.05728 0.053933 0.050133 0.046334 0.041518 0.036604 0.031254 0.02547 0.019557 0.013471 0.0069187
98 0.072455 0.072779 0.071491 0.070456 0.069611 0.067975 0.065548 0.063092 0.060331 0.057571 0.05429 0.050489 0.046688 0.041877 0.036968 0.031616 0.025822 0.019902 0.013813 0.0072259
99 0.071929 0.072474 0.070968 0.069977 0.069374 0.067917 0.065606 0.063257 0.060509 0.057762 0.054506 0.050742 0.046978 0.042072 0.037055 0.031728 0.026092 0.020142 0.013774 0.0071369
100 0.072083 0.072273 0.070812 0.069787 0.069089 0.067663 0.065509 0.063299 0.060513 0.057726 0.054499 0.05083 0.047162 0.042186 0.037083 0.031803 0.026347 0.020415 0.013847 0.0070731
101 0.071875 0.071533 0.070015 0.069059 0.068523 0.067297 0.065379 0.063385 0.060611 0.057836 0.05465 0.051052 0.047454 0.042616 0.037658 0.032314 0.026582 0.020638 0.014411 0.0071114
102 0.071594 0.070977 0.069078 0.068201 0.068091 0.067173 0.065448 0.063625 0.060804 0.057983 0.054788 0.051217 0.047647 0.042944 0.038132 0.032759 0.026825 0.020821 0.014722 0.0071707
103 0.071058 0.070486 0.068379 0.067518 0.067592 0.066826 0.065218 0.063533 0.061044 0.058556 0.055469 0.051785 0.0481 0.043239 0.038264 0.032914 0.027188 0.021085 0.014478 0.0072683
104 0.070586 0.070447 0.068206 0.067164 0.067024 0.066182 0.064638 0.063053 0.061036 0.059018 0.056088 0.052246 0.048404 0.04344 0.038367 0.033087 0.027598 0.021466 0.014476 0.0074735
105 0.070595 0.069675 0.067498 0.066451 0.066253 0.065485 0.064148 0.062769 0.060956 0.059144 0.056353 0.052581 0.04881 0.043881 0.03884 0.033616 0.02821 0.022046 0.014875 0.0078139
106 0.070555 0.068564 0.066681 0.065763 0.065567 0.064902 0.063767 0.062585 0.060917 0.05925 0.056586 0.052927 0.049268 0.044359 0.039329 0.034147 0.028812 0.022629 0.015314 0.0080768
107 0.070218 0.067729 0.066028 0.065161 0.064919 0.06443 0.063695 0.062875 0.061176 0.059476 0.056834 0.053248 0.049662 0.044668 0.039538 0.034356 0.029123 0.022992 0.015664 0.0082075
108 0.069848 0.067633 0.065753 0.064686 0.06423 0.063841 0.063521 0.06307 0.061275 0.059479 0.056848 0.053382 0.049916 0.044977 0.039895 0.034694 0.029372 0.023225 0.01598 0.0083737
109 0.0693 0.067219 0.065664 0.064472 0.063553 0.063027 0.062895 0.062634 0.061051 0.059468 0.057001 0.053649 0.050296 0.045598 0.040769 0.035469 0.029697 0.023367 0.016296 0.0085743
110 0.069079 0.06642 0.065603 0.064328 0.062709 0.061923 0.061968 0.061899 0.060635 0.059371 0.05717 0.054033 0.050895 0.046288 0.041539 0.036194 0.030251 0.023869 0.016901 0.0089222
111 0.068838 0.065345 0.064573 0.063317 0.061697 0.061181 0.061769 0.062185 0.06083 0.059475 0.057375 0.05453 0.051685 0.046872 0.041869 0.036479 0.0307 0.024446 0.017556 0.0092791
112 0.068444 0.06435 0.063124 0.06181 0.060428 0.060311 0.061459 0.062382 0.060975 0.059567 0.057599 0.055069 0.052539 0.047679 0.042593 0.037195 0.031483 0.025195 0.018137 0.0096592
113 0.067852 0.063713 0.062452 0.061441 0.060619 0.060587 0.061346 0.061918 0.060554 0.05919 0.057359 0.05506 0.052762 0.048047 0.043099 0.037776 0.032079 0.025721 0.018484 0.009939
114 0.068448 0.063512 0.062237 0.061436 0.060992 0.06083 0.06095 0.060944 0.059647 0.058349 0.056661 0.054582 0.052502 0.048001 0.043265 0.038217 0.032856 0.026732 0.019591 0.010248
115 0.068952 0.064441 0.063105 0.062144 0.061462 0.060735 0.059962 0.059166 0.058138 0.05711 0.055666 0.053808 0.05195 0.047761 0.043345 0.038709 0.033851 0.028053 0.021001 0.010639
