1 0 0 0 0 0 0 0 0 0 0 0 0 0 0 0 0 0 0 0 0
2 0 0 0 0 0 0 0 0 0 0 0 0 0 0 0 0 0 0 0 0
3 0 0 0 0 0 0 0 0 0 0 0 0 0 0 0 0 0 0 0 0
4 0 0 0 0 0 0 0 0 0 0 0 0 0 0 0 0 0 0 0 0
5 0 0 0 0 0 0 0 0 0 0 0 0 0 0 0 0 0 0 0 0
6 0 0 0 0 0 0 0 0 0 0 0 0 0 0 0 0 0 0 0 0
7 0 0 0 0 0 0 0 0 0 0 0 0 0 0 0 0 0 0 0 0
8 0 0 0 0 0 0 0 0 0 0 0 0 0 0 0 0 0 0 0 0
9 0 0 0 0 0 0 0 0 0 0 0 0 0 0 0 0 0 0 0 0
10 0 0 0 0 0 0 0 0 0 0 0 0 0 0 0 0 0 0 0 0
11 0 0 0 0 0 0 0 0 0 0 0 0 0 0 0 0 0 0 0 0
12 0 0 0 0 0 0 0 0 0 0 0 0 0 0 0 0 0 0 0 0
13 0 0 0 0 0 0 0 0 0 0 0 0 0 0 0 0 0 0 0 0
14 0 0 0 0 0 0 0 0 0 0 0 0 0 0 0 0 0 0 0 0
15 0 0 0 0 0 0 0 0 0 0 0 0 0 0 0 0 0 0 0 0
16 0 0 0 0 0 0 0 0 0 0 0 0 0 0 0 0 0 0 0 0
17 0 0 0 0 0 0 0 0 0 0 0 0 0 0 0 0 0 0 0 0
18 0 0 0 0 0 0 0 0 0 0 0 0 0 0 0 0 0 0 0 0
19 0 0 0 0 0 0 0 0 0 0 0 0 0 0 0 0 0 0 0 0
20 0 0 0 0 0 0 0 0 0 0 0 0 0 0 0 0 0 0 0 0
21 0 0 0 0 0 0 0 0 0 0 0 0 0 0 0 0 0 0 0 0
22 0 0 0 0 0 0 0 0 0 0 0 0 0 0 0 0 0 0 0 0
23 0.069415 0.059749 0.056863 0.055688 0.055796 0.056161 0.056781 0.057253 0.056188 0.055122 0.053437 0.051132 0.048826 0.046399 0.043959 0.041326 0.038498 0.036326 0.035026 0.026054
24 0.074005 0.068174 0.064618 0.062127 0.060436 0.059176 0.058349 0.057386 0.055013 0.05264 0.050022 0.047159 0.044296 0.041703 0.039136 0.037313 0.036231 0.033997 0.030228 0.027989
25 0.076076 0.07148 0.068078 0.065689 0.064062 0.061803 0.058913 0.056059 0.05358 0.051101 0.048434 0.045581 0.042727 0.040387 0.038097 0.035993 0.034075 0.031748 0.028875 0.027241
26 0.075487 0.072854 0.070113 0.067104 0.063894 0.061024 0.058493 0.055955 0.053357 0.050758 0.048178 0.045616 0.043055 0.040726 0.038419 0.035938 0.033283 0.030779 0.028475 0.026494
27 0.075449 0.072975 0.07016 0.067189 0.064099 0.061173 0.058409 0.055673 0.05323 0.050786 0.048287 0.04573 0.043174 0.040687 0.038206 0.035773 0.033387 0.030976 0.02853 0.026107
28 0.077194 0.073768 0.070672 0.067549 0.064406 0.061426 0.058607 0.055802 0.053148 0.050494 0.047861 0.045251 0.04264 0.040185 0.037745 0.035354 0.033013 0.03067 0.028327 0.025889
29 0.077693 0.074326 0.071087 0.068079 0.065246 0.06224 0.059063 0.055922 0.053164 0.050406 0.04766 0.044926 0.042191 0.03974 0.037317 0.03487 0.0324 0.030066 0.027915 0.025689
30 0.078614 0.07527 0.071669 0.068313 0.065141 0.062086 0.059149 0.056215 0.053329 0.050443 0.047633 0.044899 0.042165 0.039531 0.036907 0.034379 0.031949 0.029619 0.027422 0.025268
31 0.078973 0.075617 0.072311 0.069038 0.06579 0.062584 0.059422 0.056277 0.053323 0.050369 0.047496 0.044704 0.041912 0.039239 0.036578 0.034022 0.031572 0.029186 0.026883 0.024704
32 0.079694 0.076252 0.072828 0.069458 0.066128 0.062836 0.059581 0.056347 0.053325 0.050303 0.047384 0.044568 0.041753 0.039006 0.036266 0.033654 0.031169 0.028756 0.026436 0.024255
33 0.080364 0.076863 0.07328 0.069786 0.06636 0.063014 0.059749 0.056498 0.053389 0.05028 0.047288 0.044412 0.041537 0.038759 0.035991 0.033349 0.030834 0.02838 0.026005 0.023864
34 0.080845 0.077316 0.073712 0.070152 0.066627 0.063224 0.059945 0.056673 0.053477 0.050282 0.047211 0.044266 0.041321 0.038531 0.035755 0.033085 0.030521 0.028016 0.025588 0.02345
35 0.081245 0.077684 0.074128 0.070545 0.06694 0.063463 0.060113 0.056773 0.053526 0.050279 0.047169 0.044194 0.041219 0.038375 0.035544 0.032813 0.03018 0.027635 0.025206 0.02297
36 0.081761 0.078132 0.074436 0.070791 0.067183 0.063669 0.060248 0.056844 0.053601 0.050357 0.047208 0.044152 0.041096 0.038196 0.03531 0.03253 0.029856 0.027283 0.024843 0.022504
37 0.082307 0.078574 0.074795 0.071093 0.06745 0.063883 0.060393 0.056919 0.053625 0.05033 0.047138 0.044049 0.04096 0.038021 0.035097 0.032272 0.029548 0.026935 0.024471 0.022138
38 0.082814 0.078924 0.075135 0.071406 0.06772 0.064105 0.060559 0.057029 0.053669 0.050309 0.047063 0.043931 0.040799 0.037829 0.034875 0.032025 0.029279 0.026633 0.024121 0.021775
39 0.083276 0.079256 0.075466 0.071709 0.067978 0.064315 0.06072 0.057142 0.053741 0.05034 0.047044 0.043854 0.040664 0.037645 0.034641 0.031756 0.028989 0.02631 0.023749 0.021404
40 0.093036 0.088053 0.083264 0.078543 0.073873 0.069214 0.064567 0.059927 0.055364 0.050801 0.046392 0.042136 0.03788 0.033859 0.029861 0.02596 0.022155 0.018476 0.014964 0.011676
41 0.093346 0.088487 0.0836 0.078786 0.074027 0.069337 0.064716 0.060097 0.055492 0.050886 0.046419 0.042091 0.037762 0.033703 0.029671 0.025725 0.021865 0.018134 0.014575 0.011282
42 0.093544 0.088883 0.083917 0.079023 0.074184 0.069461 0.064852 0.06024 0.055601 0.050962 0.046446 0.042054 0.037661 0.033564 0.029496 0.025509 0.021604 0.017831 0.014235 0.010932
43 0.09426 0.089083 0.084191 0.079296 0.074398 0.069603 0.064911 0.060226 0.055611 0.050996 0.046467 0.042022 0.037577 0.033417 0.029285 0.025259 0.021337 0.017545 0.013926 0.010592
44 0.094315 0.089331 0.084479 0.079578 0.074641 0.069787 0.065017 0.060261 0.055659 0.051058 0.04651 0.042016 0.037522 0.033313 0.029133 0.025066 0.021114 0.017289 0.013634 0.010276
45 0.094504 0.089516 0.084592 0.079702 0.074837 0.069984 0.065144 0.060324 0.055719 0.051115 0.046545 0.042012 0.037478 0.033257 0.029067 0.02496 0.020938 0.017042 0.013315 0.0099485
46 0.094589 0.089704 0.084733 0.07984 0.075004 0.070147 0.065267 0.060409 0.05579 0.05117 0.04658 0.042019 0.037458 0.033206 0.028984 0.024837 0.020764 0.016817 0.013038 0.0096434
47 0.094655 0.089782 0.084856 0.079952 0.075062 0.070201 0.065367 0.060549 0.055896 0.051243 0.046636 0.042072 0.037509 0.03319 0.028895 0.0247 0.020606 0.016634 0.012827 0.0093666
48 0.094896 0.089885 0.084973 0.080059 0.075145 0.07028 0.065464 0.060661 0.055977 0.051294 0.046664 0.042089 0.037513 0.033144 0.028794 0.024561 0.020444 0.016448 0.012614 0.0090971
49 0.09505 0.089969 0.085031 0.080131 0.07526 0.070408 0.065577 0.060757 0.056053 0.051349 0.046697 0.042098 0.037499 0.033098 0.028717 0.024453 0.020306 0.016281 0.012418 0.008848
50 0.094993 0.090036 0.085097 0.080204 0.075344 0.070504 0.065684 0.060871 0.056136 0.051402 0.046732 0.042128 0.037524 0.033094 0.028681 0.024381 0.020193 0.016129 0.01223 0.0086363
51 0.094933 0.090001 0.085112 0.080231 0.075355 0.070533 0.065767 0.060999 0.056227 0.051456 0.046776 0.042187 0.037599 0.033142 0.028697 0.024354 0.020113 0.016 0.012057 0.0084603
52 0.094839 0.089959 0.085104 0.080252 0.075402 0.070602 0.065854 0.061102 0.05632 0.051537 0.046849 0.042254 0.037658 0.033167 0.028685 0.024307 0.020033 0.015884 0.011903 0.0082901
53 0.094706 0.089832 0.085015 0.080225 0.075455 0.070693 0.065941 0.061187 0.056421 0.051655 0.046964 0.042347 0.037731 0.033202 0.028681 0.024272 0.019974 0.015794 0.011771 0.0081348
54 0.094603 0.089747 0.08499 0.080238 0.075491 0.070749 0.066012 0.061274 0.056517 0.05176 0.047059 0.042412 0.037765 0.033209 0.028662 0.024239 0.019939 0.01573 0.01164 0.007964
55 0.094438 0.089618 0.084954 0.080242 0.075493 0.070769 0.066069 0.061366 0.056622 0.051878 0.047167 0.042488 0.037809 0.033232 0.028664 0.024232 0.019937 0.015695 0.011525 0.0078008
56 0.094296 0.089521 0.084905 0.080229 0.075509 0.070809 0.066131 0.061447 0.056709 0.051971 0.047254 0.042559 0.037863 0.03327 0.028686 0.024232 0.019907 0.015631 0.011422 0.0076514
57 0.094028 0.089387 0.084808 0.08018 0.075516 0.070855 0.066198 0.061534 0.056805 0.052076 0.047359 0.042653 0.037947 0.033338 0.02874 0.024257 0.019892 0.015578 0.011334 0.0075139
58 0.093833 0.08921 0.084715 0.080151 0.075535 0.0709 0.066245 0.061585 0.056867 0.052149 0.047439 0.042735 0.038032 0.03341 0.028796 0.024287 0.019882 0.015542 0.011289 0.0073993
59 0.093497 0.088977 0.084597 0.080114 0.075552 0.070947 0.066296 0.061641 0.05694 0.052238 0.047538 0.042841 0.038144 0.033508 0.028878 0.024339 0.01989 0.01552 0.011254 0.0072897
60 0.093304 0.088807 0.084477 0.080051 0.075552 0.070974 0.066318 0.061661 0.057002 0.052343 0.047659 0.042952 0.038244 0.033593 0.028948 0.024385 0.019904 0.015494 0.011176 0.007158
61 0.092918 0.088623 0.084338 0.079973 0.075549 0.071007 0.066349 0.061696 0.057086 0.052477 0.047811 0.043089 0.038368 0.0337 0.029037 0.024447 0.019929 0.015474 0.011103 0.0070281
62 0.092698 0.088432 0.084192 0.079867 0.075479 0.070991 0.066402 0.061811 0.057186 0.052561 0.047894 0.043183 0.038473 0.033804 0.029139 0.024522 0.019952 0.015453 0.011048 0.0069116
63 0.092369 0.088226 0.08404 0.07976 0.075411 0.07098 0.066468 0.061944 0.057305 0.052665 0.047994 0.043289 0.038585 0.033912 0.029241 0.024598 0.019983 0.01544 0.010993 0.0067969
64 0.09214 0.087998 0.083816 0.079567 0.075266 0.070904 0.066479 0.062037 0.057427 0.052816 0.048151 0.043431 0.038711 0.034027 0.029346 0.024689 0.020056 0.015474 0.01096 0.006706
65 0.091784 0.087807 0.08363 0.07941 0.075159 0.07086 0.066512 0.062143 0.057553 0.052963 0.0483 0.043564 0.038829 0.034133 0.029442 0.02477 0.020118 0.015497 0.01092 0.006605
66 0.09145 0.087568 0.083519 0.07937 0.075145 0.07087 0.066544 0.062196 0.057617 0.053037 0.048384 0.043655 0.038927 0.034233 0.029541 0.024856 0.020177 0.015519 0.010888 0.0065016
67 0.090996 0.087314 0.083386 0.079304 0.075105 0.070855 0.066553 0.062229 0.057678 0.053128 0.048491 0.043767 0.039043 0.034349 0.029658 0.024962 0.020261 0.015569 0.010891 0.0064611
68 0.09062 0.086988 0.083101 0.079067 0.074922 0.070724 0.066473 0.062204 0.057745 0.053286 0.048689 0.043955 0.039221 0.034523 0.029829 0.025121 0.020398 0.015675 0.010952 0.006509
69 0.090094 0.086678 0.082838 0.078859 0.074775 0.070635 0.066441 0.062229 0.057836 0.053443 0.048879 0.044145 0.039411 0.034705 0.030003 0.025268 0.020501 0.015745 0.011004 0.0065098
70 0.08968 0.086218 0.082498 0.078626 0.07464 0.07059 0.066476 0.062339 0.057959 0.053579 0.049035 0.044328 0.039621 0.034906 0.030191 0.025415 0.02058 0.015789 0.011057 0.0064749
71 0.089359 0.08578 0.082175 0.078407 0.074518 0.07055 0.066502 0.062426 0.058055 0.053684 0.04916 0.044484 0.039808 0.035086 0.03036 0.025564 0.020698 0.015866 0.011081 0.006437
72 0.088896 0.085453 0.081926 0.078239 0.074434 0.070525 0.066514 0.062472 0.058111 0.05375 0.049252 0.044616 0.039981 0.035257 0.030525 0.025725 0.020855 0.015978 0.011093 0.0063984
73 0.088364 0.085139 0.081696 0.078094 0.074373 0.070529 0.066563 0.062561 0.058192 0.053823 0.049346 0.044759 0.040173 0.035437 0.030687 0.025855 0.020941 0.016019 0.011086 0.0063634
74 0.087981 0.084753 0.08142 0.077918 0.074289 0.070523 0.066623 0.062679 0.058286 0.053892 0.049434 0.044911 0.040387 0.035633 0.030857 0.025979 0.020999 0.01603 0.011074 0.0063298
75 0.087466 0.084337 0.081149 0.077734 0.07415 0.070448 0.066627 0.062757 0.058384 0.05401 0.049583 0.045102 0.040622 0.035849 0.031048 0.026143 0.021133 0.016116 0.011089 0.0062533
76 0.086875 0.08395 0.080941 0.077586 0.07397 0.0703 0.066575 0.062798 0.058479 0.05416 0.049773 0.045319 0.040865 0.036072 0.031246 0.026318 0.021288 0.016221 0.011105 0.0061584
77 0.086409 0.083537 0.080621 0.077335 0.073771 0.070169 0.066531 0.062839 0.058597 0.054356 0.050011 0.045563 0.041116 0.036291 0.03143 0.026473 0.02142 0.016306 0.011111 0.0061144
78 0.086015 0.083165 0.080215 0.076992 0.073562 0.070066 0.066504 0.06289 0.058733 0.054576 0.05027 0.045818 0.041365 0.036504 0.031605 0.026618 0.021545 0.016384 0.011109 0.0060655
79 0.085702 0.08264 0.079755 0.076653 0.073387 0.069992 0.06647 0.0629 0.058834 0.054768 0.050512 0.046064 0.041616 0.036731 0.031803 0.026782 0.021668 0.01648 0.011195 0.0060479
80 0.084774 0.082071 0.079337 0.076398 0.073305 0.070002 0.06649 0.062938 0.058964 0.05499 0.050782 0.046339 0.041897 0.036984 0.032025 0.026968 0.021811 0.016592 0.011288 0.0060449
81 0.084335 0.081516 0.078862 0.076005 0.072996 0.069799 0.066414 0.062985 0.059091 0.055197 0.051023 0.046569 0.042116 0.037232 0.032307 0.027248 0.022056 0.01677 0.011359 0.0061209
82 0.083583 0.081124 0.078462 0.075615 0.07263 0.069534 0.066327 0.063065 0.059244 0.055423 0.051278 0.046809 0.04234 0.037491 0.032605 0.027547 0.022317 0.016965 0.01145 0.0061918
83 0.082636 0.080614 0.078004 0.075274 0.072453 0.06947 0.066324 0.063122 0.059332 0.055543 0.051448 0.04705 0.042651 0.037808 0.032921 0.027837 0.022557 0.017152 0.011582 0.0062213
84 0.082001 0.080047 0.077506 0.074926 0.072316 0.069451 0.066333 0.063158 0.059386 0.055614 0.051571 0.047258 0.042945 0.038109 0.033221 0.028113 0.022784 0.017331 0.011713 0.0062176
85 0.081236 0.079626 0.077205 0.074685 0.07209 0.069276 0.066243 0.063154 0.059481 0.055808 0.051828 0.04754 0.043252 0.038386 0.033464 0.028321 0.022956 0.017472 0.01183 0.0061452
86 0.080076 0.079298 0.076998 0.074497 0.071847 0.069056 0.066126 0.06314 0.059578 0.056015 0.0521 0.047832 0.043565 0.038689 0.033754 0.028577 0.023158 0.017626 0.011945 0.0061237
87 0.079758 0.078837 0.076647 0.074255 0.071712 0.068992 0.066097 0.063146 0.059633 0.056119 0.052222 0.047944 0.043665 0.038868 0.03402 0.028844 0.023338 0.017738 0.012011 0.0061559
88 0.079748 0.078281 0.076198 0.073928 0.071517 0.068883 0.066025 0.063115 0.059669 0.056223 0.052368 0.048103 0.043839 0.039077 0.034266 0.029077 0.023508 0.017862 0.012114 0.006198
89 0.079174 0.077928 0.0757 0.073532 0.071407 0.068936 0.066118 0.063245 0.059817 0.056388 0.052565 0.048348 0.044131 0.03928 0.034367 0.029128 0.023564 0.017933 0.012213 0.0062261
90 0.079077 0.077489 0.07503 0.072944 0.071138 0.068854 0.066093 0.063277 0.059901 0.056524 0.052755 0.048595 0.044435 0.039533 0.034559 0.029295 0.02374 0.018106 0.012367 0.0062888
91 0.07794 0.076758 0.074807 0.072842 0.070865 0.068564 0.065937 0.063255 0.059993 0.056732 0.053035 0.048902 0.044769 0.039854 0.034864 0.029588 0.024024 0.018356 0.012549 0.0063653
92 0.077133 0.075846 0.074513 0.072726 0.070598 0.068295 0.065818 0.063279 0.060094 0.056909 0.05327 0.049176 0.045082 0.040188 0.035216 0.029943 0.024369 0.018616 0.012625 0.0063034
93 0.076551 0.075512 0.07424 0.072612 0.070715 0.068497 0.065956 0.063351 0.060079 0.056807 0.053166 0.049158 0.04515 0.040338 0.035449 0.030222 0.024657 0.01881 0.012586 0.0061434
94 0.075483 0.075099 0.073764 0.072267 0.070649 0.068549 0.065968 0.063328 0.060072 0.056817 0.053238 0.049337 0.045435 0.040657 0.035795 0.030544 0.024905 0.019014 0.012786 0.0062917
95 0.074645 0.074418 0.073276 0.071943 0.070466 0.068431 0.065836 0.063197 0.060098 0.056999 0.053527 0.049684 0.04584 0.041028 0.036122 0.030796 0.025048 0.019139 0.013012 0.0064948
96 0.073753 0.073364 0.072427 0.071312 0.070065 0.068174 0.065638 0.06307 0.060159 0.057248 0.053894 0.050096 0.046297 0.041481 0.036566 0.031216 0.025432 0.019516 0.013423 0.0068699
97 0.072578 0.072832 0.07159 0.070547 0.069654 0.067989 0.06555 0.063082 0.060304 0.057527 0.054238 0.050439 0.046639 0.041828 0.036919 0.031569 0.025777 0.019874 0.013825 0.0072414
98 0.071903 0.07248 0.070971 0.069987 0.069398 0.067939 0.065612 0.063248 0.060508 0.057767 0.054509 0.050735 0.046961 0.042066 0.037062 0.031729 0.026067 0.020118 0.013787 0.0071545
99 0.07202 0.072302 0.070837 0.06982 0.069138 0.06771 0.065536 0.063308 0.060528 0.057749 0.054518 0.050837 0.047155 0.042174 0.037066 0.031783 0.026322 0.02037 0.013765 0.0070631
100 0.071902 0.071587 0.070118 0.069154 0.06857 0.067309 0.06537 0.063358 0.060591 0.057824 0.05464 0.051039 0.047439 0.042582 0.037603 0.032266 0.026571 0.020624 0.014342 0.0071127
101 0.071596 0.071035 0.069193 0.068307 0.068141 0.067182 0.065432 0.063587 0.060775 0.057963 0.054771 0.051197 0.047624 0.04292 0.038107 0.032722 0.026767 0.020779 0.014747 0.0071557
102 0.07113 0.07046 0.068373 0.067536 0.067639 0.066884 0.065272 0.063577 0.061034 0.05849 0.055388 0.051727 0.048066 0.043226 0.038273 0.032916 0.027157 0.021064 0.014527 0.0072605
103 0.07053 0.07048 0.068259 0.067245 0.067138 0.066309 0.064758 0.063161 0.061077 0.058993 0.056033 0.052198 0.048363 0.043388 0.038302 0.033012 0.027515 0.021389 0.014424 0.0074294
104 0.070588 0.069792 0.067584 0.066525 0.066329 0.065552 0.064192 0.062792 0.060965 0.059137 0.056333 0.052552 0.048771 0.043836 0.03879 0.033556 0.028135 0.021974 0.014826 0.0077687
105 0.070521 0.06871 0.06679 0.065856 0.065664 0.064987 0.063826 0.062618 0.060929 0.059241 0.056552 0.052864 0.049175 0.04428 0.039268 0.034092 0.02875 0.022565 0.015259 0.0080546
106 0.070256 0.067715 0.066039 0.065198 0.064985 0.064486 0.063704 0.062841 0.061158 0.059474 0.056834 0.053237 0.04964 0.044656 0.039538 0.034354 0.029103 0.022959 0.015627 0.0081962
107 0.069891 0.067651 0.065798 0.064761 0.064338 0.063938 0.063562 0.063061 0.061271 0.059482 0.056845 0.053361 0.049877 0.044908 0.039796 0.034606 0.029341 0.023215 0.015946 0.0083519
108 0.069356 0.067277 0.065639 0.06446 0.063628 0.063136 0.062985 0.062705 0.061092 0.05948 0.05699 0.053622 0.050255 0.045522 0.040656 0.03537 0.029662 0.023358 0.016258 0.0085494
109 0.069041 0.066547 0.065629 0.064369 0.062852 0.062105 0.062128 0.062032 0.060694 0.059355 0.057102 0.053933 0.050764 0.046187 0.041474 0.036138 0.03018 0.023786 0.016812 0.0088738
110 0.068847 0.065429 0.064713 0.063468 0.061824 0.061264 0.061789 0.06215 0.06081 0.059471 0.057358 0.054472 0.051586 0.046804 0.041838 0.036453 0.030649 0.024373 0.017469 0.0092318
111 0.068504 0.064497 0.063338 0.062035 0.060623 0.060449 0.061513 0.062358 0.060941 0.059524 0.057539 0.054987 0.052435 0.047565 0.042472 0.037073 0.031368 0.025097 0.018071 0.0096124
112 0.067758 0.063717 0.06246 0.061428 0.060563 0.060548 0.061381 0.06202 0.060652 0.059284 0.057434 0.055103 0.052772 0.048034 0.043064 0.037727 0.032023 0.02567 0.018453 0.0099084
113 0.06832 0.0635 0.062231 0.061404 0.06091 0.060786 0.061031 0.061139 0.059813 0.058486 0.056772 0.054669 0.052566 0.048029 0.043256 0.038159 0.032737 0.026572 0.019418 0.010202
114 0.068915 0.064237 0.062931 0.062012 0.061384 0.060747 0.060103 0.059422 0.058358 0.057295 0.05582 0.053932 0.052045 0.047811 0.04335 0.038652 0.03372 0.027874 0.020811 0.010582
115 0.069236 0.066008 0.064468 0.06321 0.062162 0.060831 0.059216 0.057684 0.057009 0.056334 0.055214 0.053648 0.052082 0.047757 0.043165 0.03843 0.033553 0.027884 0.02116 0.010951
