1 0 0 0 0 0 0 0 0 0 0 0 0 0 0 0 0 0 0 0 0
2 0 0 0 0 0 0 0 0 0 0 0 0 0 0 0 0 0 0 0 0
3 0 0 0 0 0 0 0 0 0 0 0 0 0 0 0 0 0 0 0 0
4 0 0 0 0 0 0 0 0 0 0 0 0 0 0 0 0 0 0 0 0
5 0 0 0 0 0 0 0 0 0 0 0 0 0 0 0 0 0 0 0 0
6 0 0 0 0 0 0 0 0 0 0 0 0 0 0 0 0 0 0 0 0
7 0 0 0 0 0 0 0 0 0 0 0 0 0 0 0 0 0 0 0 0
8 0 0 0 0 0 0 0 0 0 0 0 0 0 0 0 0 0 0 0 0
9 0 0 0 0 0 0 0 0 0 0 0 0 0 0 0 0 0 0 0 0
10 0 0 0 0 0 0 0 0 0 0 0 0 0 0 0 0 0 0 0 0
11 0 0 0 0 0 0 0 0 0 0 0 0 0 0 0 0 0 0 0 0
12 0 0 0 0 0 0 0 0 0 0 0 0 0 0 0 0 0 0 0 0
13 0 0 0 0 0 0 0 0 0 0 0 0 0 0 0 0 0 0 0 0
14 0 0 0 0 0 0 0 0 0 0 0 0 0 0 0 0 0 0 0 0
15 0 0 0 0 0 0 0 0 0 0 0 0 0 0 0 0 0 0 0 0
16 0.069397 0.059735 0.056852 0.055678 0.055789 0.056155 0.056777 0.05725 0.056187 0.055123 0.05344 0.051136 0.048832 0.046405 0.043967 0.041334 0.038507 0.036336 0.035037 0.026063
17 0.071308 0.063637 0.060646 0.059125 0.058708 0.058365 0.058095 0.057692 0.055914 0.054135 0.051864 0.049099 0.046335 0.043652 0.040977 0.03884 0.03724 0.035066 0.032128 0.027174
18 0.073457 0.068637 0.066244 0.064584 0.063475 0.061854 0.059722 0.05751 0.054459 0.051408 0.048525 0.045812 0.043098 0.040643 0.038213 0.036417 0.035254 0.033091 0.029597 0.027999
19 0.07604 0.072181 0.069651 0.066977 0.064196 0.061434 0.058693 0.055966 0.053386 0.050805 0.04818 0.045508 0.042837 0.040471 0.038133 0.035816 0.033517 0.031075 0.02844 0.026694
20 0.07551 0.073135 0.069968 0.066919 0.063957 0.061136 0.058456 0.05579 0.053268 0.050746 0.048235 0.045736 0.043237 0.040792 0.038353 0.035892 0.033412 0.030915 0.028396 0.026145
21 0.076472 0.073208 0.070373 0.06736 0.064214 0.061255 0.058483 0.05573 0.053174 0.050617 0.048058 0.045496 0.042934 0.040448 0.037969 0.03557 0.03325 0.0309 0.02851 0.02598
22 0.077488 0.074096 0.070921 0.06783 0.064801 0.061799 0.058823 0.055869 0.05314 0.050411 0.047714 0.045049 0.042384 0.039958 0.037555 0.03514 0.032711 0.030368 0.028138 0.025805
23 0.078177 0.074817 0.071388 0.068218 0.065243 0.062211 0.059124 0.056061 0.053247 0.050433 0.047653 0.044906 0.042159 0.039613 0.037087 0.034599 0.032149 0.029818 0.027643 0.025455
24 0.078849 0.075518 0.072016 0.068674 0.065451 0.06232 0.059281 0.056252 0.053328 0.050403 0.047559 0.044796 0.042033 0.039375 0.036728 0.034185 0.031745 0.029385 0.02713 0.024973
25 0.079272 0.075875 0.072593 0.069308 0.06602 0.062759 0.059523 0.056309 0.053322 0.050334 0.047435 0.044624 0.041813 0.039111 0.036419 0.033838 0.031367 0.028963 0.02665 0.024466
26 0.080103 0.076614 0.073065 0.069616 0.066242 0.062917 0.05964 0.056382 0.053326 0.05027 0.047329 0.044504 0.04168 0.038896 0.036116 0.033478 0.030982 0.028558 0.02623 0.024055
27 0.080611 0.077098 0.073483 0.069947 0.066471 0.063104 0.059846 0.056597 0.053441 0.050284 0.047246 0.044326 0.041405 0.038632 0.035873 0.033228 0.030697 0.028217 0.025803 0.023691
28 0.081023 0.077481 0.073913 0.070345 0.066778 0.063338 0.060026 0.056721 0.053498 0.050275 0.047185 0.044231 0.041276 0.038461 0.035659 0.032959 0.030361 0.027836 0.025409 0.023225
29 0.081497 0.077902 0.074278 0.070664 0.067057 0.063562 0.060177 0.056806 0.05356 0.050315 0.047186 0.044172 0.041158 0.038288 0.035431 0.032676 0.030024 0.027466 0.025033 0.022748
30 0.082036 0.078356 0.074615 0.070939 0.067314 0.063773 0.060318 0.056879 0.053612 0.050345 0.047175 0.044101 0.041027 0.038107 0.035202 0.032401 0.029704 0.027112 0.024662 0.022324
31 0.082568 0.078769 0.074968 0.071245 0.067581 0.063988 0.060467 0.056963 0.053639 0.050315 0.047099 0.043992 0.040885 0.03793 0.034989 0.03215 0.02941 0.026781 0.024298 0.021964
32 0.083034 0.079059 0.075285 0.071551 0.067847 0.064211 0.060643 0.05709 0.053698 0.050307 0.047033 0.043879 0.040724 0.037739 0.034771 0.031911 0.029158 0.026498 0.023959 0.021604
33 0.083452 0.079402 0.075603 0.071833 0.068083 0.064401 0.060786 0.05719 0.053785 0.05038 0.047066 0.043845 0.040623 0.037572 0.034537 0.03163 0.028849 0.026154 0.023572 0.021236
34 0.083741 0.079752 0.075917 0.072118 0.068345 0.064615 0.060928 0.057263 0.053833 0.050403 0.047047 0.043763 0.040479 0.037413 0.034368 0.03143 0.028598 0.025865 0.023262 0.020861
35 0.084086 0.080146 0.076272 0.072402 0.068534 0.06475 0.06105 0.057371 0.053912 0.050454 0.047052 0.043707 0.040362 0.037257 0.034175 0.031199 0.028331 0.02556 0.022922 0.020459
36 0.084469 0.080519 0.076574 0.072627 0.068679 0.064853 0.061151 0.057469 0.054007 0.050545 0.047111 0.043707 0.040302 0.037127 0.033974 0.030948 0.028049 0.025251 0.022589 0.020048
37 0.084805 0.080822 0.076738 0.072772 0.068896 0.065066 0.061283 0.057529 0.054075 0.050622 0.047169 0.043719 0.040269 0.037027 0.033806 0.030723 0.02778 0.024949 0.02227 0.01968
38 0.085239 0.081191 0.076979 0.07299 0.069168 0.065354 0.061548 0.057758 0.054138 0.050518 0.046993 0.043564 0.040135 0.036883 0.033648 0.030531 0.027533 0.024618 0.021816 0.019394
39 0.085112 0.081093 0.077183 0.073293 0.069419 0.065582 0.06178 0.057986 0.054274 0.050561 0.046984 0.043542 0.0401 0.036793 0.0335 0.030354 0.027356 0.024426 0.021589 0.019074
40 0.094675 0.089758 0.084805 0.079903 0.075037 0.070174 0.065314 0.060474 0.055836 0.051199 0.046598 0.042036 0.037473 0.033189 0.028931 0.024761 0.020679 0.016722 0.01293 0.0095059
41 0.094757 0.089831 0.084923 0.080009 0.075091 0.070225 0.06541 0.060608 0.055938 0.051268 0.046651 0.042086 0.037522 0.033173 0.028844 0.024629 0.020526 0.016545 0.012726 0.0092386
42 0.095034 0.089936 0.085008 0.080098 0.075202 0.070342 0.065516 0.060703 0.056008 0.051313 0.046672 0.042085 0.037497 0.033113 0.028748 0.024501 0.020371 0.016362 0.012515 0.0089747
43 0.094971 0.09004 0.085085 0.080187 0.075332 0.070484 0.065642 0.060811 0.056095 0.051379 0.046716 0.042104 0.037492 0.033076 0.028679 0.024401 0.020241 0.016203 0.012326 0.0087341
44 0.09506 0.090022 0.085106 0.080216 0.075347 0.070514 0.065719 0.060927 0.056173 0.05142 0.046745 0.042148 0.037551 0.033108 0.02868 0.02436 0.020148 0.016062 0.012143 0.0085494
45 0.094841 0.09002 0.085151 0.080272 0.075384 0.070566 0.065818 0.061065 0.056273 0.051481 0.046792 0.042207 0.037622 0.033149 0.028688 0.024327 0.020065 0.015933 0.011973 0.0083737
46 0.094837 0.089899 0.085061 0.080238 0.075426 0.070644 0.065893 0.061139 0.056364 0.051589 0.046899 0.042293 0.037687 0.033178 0.028678 0.024285 0.02 0.015838 0.011837 0.0082146
47 0.094573 0.089828 0.085021 0.080249 0.075502 0.070749 0.065991 0.061233 0.056469 0.051705 0.047007 0.042376 0.037745 0.0332 0.028663 0.024244 0.019942 0.015749 0.011701 0.0080518
48 0.094525 0.089687 0.084975 0.080242 0.075493 0.070759 0.06604 0.061318 0.056567 0.051816 0.04711 0.042447 0.037785 0.033219 0.028662 0.024234 0.019937 0.015712 0.011585 0.0078867
49 0.094302 0.0896 0.084964 0.080264 0.075515 0.070795 0.066106 0.061411 0.056668 0.051925 0.047208 0.042517 0.037826 0.033239 0.028663 0.024223 0.019918 0.015662 0.01147 0.0077256
50 0.094187 0.089451 0.084853 0.080202 0.07551 0.07083 0.066162 0.061488 0.056754 0.052021 0.047304 0.042603 0.037903 0.033302 0.028712 0.024244 0.0199 0.015606 0.011381 0.0075872
51 0.09393 0.089328 0.084776 0.080173 0.07553 0.070881 0.066224 0.061562 0.056836 0.05211 0.047394 0.042687 0.03798 0.033365 0.028759 0.024264 0.019881 0.015556 0.011308 0.0074569
52 0.09371 0.089084 0.084647 0.080125 0.075537 0.070918 0.066266 0.061609 0.0569 0.052191 0.047486 0.042786 0.038086 0.033458 0.028836 0.024313 0.019888 0.015534 0.011276 0.0073505
53 0.093425 0.088896 0.084546 0.080091 0.075557 0.070963 0.066308 0.061651 0.056967 0.052283 0.04759 0.042888 0.038186 0.033543 0.028906 0.024356 0.019893 0.015505 0.011216 0.0072275
54 0.093145 0.088698 0.084393 0.08 0.07554 0.070983 0.066328 0.061674 0.05704 0.052407 0.047734 0.043021 0.038309 0.03365 0.028997 0.024421 0.019923 0.015491 0.011146 0.0071
55 0.092773 0.088532 0.084268 0.079924 0.075518 0.071002 0.066376 0.06175 0.057134 0.052517 0.047852 0.043136 0.038421 0.033753 0.02909 0.024486 0.019944 0.015468 0.01108 0.0069762
56 0.092545 0.088306 0.084097 0.079798 0.075433 0.070977 0.06643 0.061877 0.057246 0.052616 0.047948 0.043243 0.038538 0.033868 0.029201 0.024569 0.019973 0.015451 0.011027 0.0068594
57 0.092246 0.0881 0.083919 0.079656 0.075332 0.070937 0.06647 0.06199 0.057366 0.052742 0.048075 0.043364 0.038653 0.033975 0.029299 0.024649 0.020025 0.015462 0.010982 0.0067581
58 0.091928 0.087861 0.083688 0.07946 0.075192 0.070868 0.06649 0.062093 0.057498 0.052903 0.048242 0.043515 0.038788 0.034097 0.02941 0.024745 0.020103 0.0155 0.010951 0.0066662
59 0.09161 0.087662 0.083554 0.079375 0.075142 0.070859 0.066525 0.06217 0.057588 0.053005 0.048348 0.043617 0.038886 0.034192 0.0295 0.024821 0.020155 0.015516 0.010912 0.0065615
60 0.091191 0.087422 0.083446 0.079339 0.075133 0.070875 0.066564 0.06223 0.057658 0.053087 0.048439 0.043715 0.038992 0.034297 0.029605 0.024912 0.020219 0.01554 0.01088 0.006456
61 0.090796 0.087124 0.083223 0.079171 0.075005 0.070785 0.066513 0.062219 0.057716 0.053212 0.048597 0.043869 0.039141 0.034446 0.029753 0.02505 0.020337 0.015628 0.010927 0.0064882
62 0.090304 0.086796 0.082937 0.078935 0.074824 0.070659 0.066438 0.062201 0.057791 0.053381 0.048807 0.044069 0.03933 0.03463 0.029933 0.025217 0.020481 0.01574 0.010991 0.0065361
63 0.089875 0.086414 0.082642 0.078724 0.074695 0.070605 0.066456 0.062285 0.057902 0.053518 0.048966 0.044246 0.039527 0.034817 0.030108 0.025353 0.020552 0.015778 0.011038 0.0064998
64 0.089477 0.085933 0.082285 0.078478 0.074552 0.070555 0.06649 0.062397 0.058027 0.053657 0.049127 0.044435 0.039744 0.035024 0.030301 0.025506 0.020638 0.015826 0.011087 0.0064635
65 0.089098 0.085578 0.082021 0.078302 0.074461 0.070529 0.066505 0.062452 0.05809 0.053727 0.049219 0.044564 0.039909 0.035186 0.030457 0.025658 0.020788 0.015933 0.011097 0.0064262
66 0.088556 0.08525 0.081773 0.078138 0.074385 0.070515 0.066528 0.06251 0.058157 0.053805 0.049321 0.044707 0.040093 0.035365 0.030627 0.025816 0.020932 0.01603 0.011104 0.0063878
67 0.088093 0.084904 0.081526 0.077983 0.074316 0.070519 0.066592 0.062625 0.058249 0.053872 0.049407 0.044853 0.040299 0.035554 0.030791 0.025936 0.020989 0.016041 0.011094 0.0063563
68 0.087683 0.084485 0.081223 0.077786 0.074216 0.070502 0.066644 0.062739 0.058345 0.053951 0.049508 0.045017 0.040526 0.035763 0.030975 0.026079 0.021076 0.01608 0.011094 0.006308
69 0.087077 0.084098 0.081011 0.077636 0.074046 0.070368 0.066602 0.062785 0.058442 0.0541 0.049696 0.04523 0.040765 0.035982 0.031169 0.026251 0.021228 0.016184 0.011111 0.0062188
70 0.086584 0.083662 0.080765 0.077457 0.073841 0.070201 0.066535 0.062815 0.058539 0.054264 0.049905 0.045462 0.04102 0.036212 0.03137 0.026426 0.021381 0.016287 0.011127 0.0061477
71 0.086068 0.083305 0.080385 0.077141 0.073654 0.070114 0.066521 0.062875 0.058679 0.054484 0.050162 0.045714 0.041266 0.036424 0.031544 0.026571 0.021505 0.016365 0.011125 0.006101
72 0.085873 0.082858 0.079917 0.076751 0.073416 0.06999 0.066471 0.0629 0.058796 0.054693 0.050417 0.045968 0.04152 0.036647 0.031733 0.026728 0.021633 0.016455 0.011167 0.0060687
73 0.085112 0.082304 0.079509 0.076499 0.07333 0.069991 0.066483 0.06293 0.058915 0.054899 0.05067 0.046227 0.041784 0.036885 0.031942 0.0269 0.02176 0.016553 0.011256 0.0060494
74 0.084471 0.081645 0.079007 0.076157 0.073149 0.069917 0.06646 0.062962 0.05904 0.055118 0.050935 0.046492 0.042049 0.037149 0.032204 0.027142 0.021963 0.016705 0.011343 0.0060926
75 0.083934 0.081256 0.078612 0.075774 0.072789 0.069653 0.066366 0.063029 0.059177 0.055325 0.05117 0.046712 0.042253 0.037385 0.032478 0.027418 0.022206 0.016882 0.011411 0.0061686
76 0.082931 0.0808 0.078174 0.075389 0.072485 0.06946 0.066312 0.063107 0.059317 0.055527 0.051415 0.046981 0.042547 0.037697 0.032808 0.027733 0.022472 0.017087 0.011536 0.0062202
77 0.082207 0.080266 0.077705 0.075063 0.07236 0.069448 0.066326 0.063147 0.059373 0.055598 0.051534 0.047179 0.042824 0.037987 0.033103 0.028007 0.022699 0.017265 0.011663 0.0062443
78 0.081538 0.079711 0.077252 0.074736 0.072178 0.069365 0.066298 0.063173 0.059457 0.055741 0.051734 0.047436 0.043138 0.038287 0.033382 0.028254 0.022902 0.017428 0.01179 0.0061983
79 0.080454 0.079402 0.077057 0.074562 0.071952 0.069163 0.066192 0.063165 0.059552 0.05594 0.051999 0.047728 0.043458 0.038576 0.033636 0.028471 0.023082 0.017576 0.011914 0.0061213
80 0.079683 0.078985 0.076765 0.074335 0.071747 0.069007 0.066114 0.063166 0.059634 0.056103 0.052203 0.047934 0.043665 0.038825 0.03393 0.02875 0.023285 0.017714 0.012002 0.006153
81 0.079779 0.078489 0.076369 0.074054 0.071592 0.068925 0.066052 0.063126 0.05965 0.056174 0.052297 0.04802 0.043743 0.03899 0.034191 0.029016 0.023463 0.017822 0.012065 0.0061839
82 0.079302 0.077978 0.07587 0.073682 0.071435 0.068898 0.066073 0.063195 0.059766 0.056338 0.052504 0.048267 0.044029 0.039225 0.034366 0.02915 0.023578 0.017932 0.012187 0.0062258
83 0.078993 0.077675 0.075348 0.073235 0.071285 0.068918 0.066134 0.063294 0.059887 0.05648 0.052684 0.0485 0.044315 0.039419 0.034455 0.029191 0.02363 0.018004 0.012294 0.0062604
84 0.07875 0.077012 0.074814 0.072805 0.07094 0.068667 0.065987 0.063251 0.059942 0.056632 0.052907 0.048767 0.044626 0.03972 0.034741 0.02947 0.023907 0.018252 0.012474 0.0063368
85 0.077396 0.076227 0.074607 0.072732 0.070664 0.068363 0.065829 0.063236 0.060051 0.056865 0.053217 0.049105 0.044993 0.040075 0.035078 0.029794 0.024223 0.018521 0.012643 0.006381
86 0.076719 0.075496 0.074281 0.07262 0.070624 0.068379 0.065884 0.063326 0.06011 0.056894 0.053263 0.049217 0.04517 0.040316 0.035383 0.030129 0.024553 0.018748 0.012639 0.0062479
87 0.076001 0.075301 0.074004 0.072451 0.070706 0.068554 0.065994 0.063368 0.060061 0.056754 0.053127 0.049182 0.045236 0.040479 0.035644 0.030433 0.024848 0.018966 0.012689 0.006201
88 0.074816 0.074672 0.073454 0.072057 0.070527 0.068476 0.065904 0.063279 0.06011 0.056942 0.053424 0.049556 0.045688 0.040894 0.036011 0.030722 0.025026 0.019117 0.012923 0.0064018
89 0.074159 0.073857 0.072849 0.071631 0.070258 0.068279 0.065695 0.063075 0.060079 0.057083 0.053692 0.049905 0.046118 0.041307 0.036397 0.031054 0.025277 0.019356 0.013241 0.006688
90 0.072997 0.073009 0.071936 0.070875 0.069824 0.068063 0.06559 0.063086 0.060252 0.057417 0.054104 0.050311 0.046519 0.041705 0.036793 0.03144 0.025646 0.019726 0.013641 0.0070669
91 0.071926 0.072506 0.071105 0.070122 0.069453 0.067933 0.065564 0.063165 0.060457 0.05775 0.054494 0.050691 0.046887 0.042039 0.037089 0.031736 0.02598 0.020037 0.013844 0.0072226
92 0.071808 0.072277 0.070812 0.069832 0.069216 0.067791 0.065558 0.06328 0.060535 0.05779 0.054558 0.050837 0.047117 0.042184 0.037134 0.031821 0.026246 0.020281 0.013796 0.0071256
93 0.07197 0.071892 0.070481 0.069469 0.068756 0.067375 0.065327 0.063218 0.060486 0.057753 0.054586 0.050985 0.047383 0.042461 0.037411 0.032105 0.026542 0.020583 0.014097 0.007123
94 0.071602 0.071194 0.069558 0.068655 0.068301 0.067211 0.065383 0.063472 0.060697 0.057923 0.054746 0.051168 0.04759 0.042807 0.037908 0.03254 0.026704 0.020753 0.014647 0.0071411
95 0.071296 0.070534 0.068497 0.067681 0.067783 0.067022 0.0654 0.06368 0.060952 0.058224 0.055075 0.051505 0.047935 0.043178 0.038307 0.032931 0.027051 0.020997 0.014713 0.0072367
96 0.070603 0.070383 0.068249 0.067344 0.06736 0.066588 0.065026 0.063399 0.061094 0.058789 0.055768 0.052031 0.048294 0.043378 0.038349 0.033011 0.027367 0.021224 0.014419 0.0073223
97 0.070513 0.070114 0.067846 0.066764 0.066573 0.065765 0.06434 0.062875 0.061002 0.059129 0.056287 0.052476 0.048665 0.04371 0.038644 0.033374 0.0279 0.02174 0.014667 0.0076156
98 0.070406 0.069115 0.06708 0.066109 0.065936 0.06523 0.06399 0.062706 0.060963 0.05922 0.056485 0.052756 0.049028 0.044118 0.039093 0.033891 0.028511 0.022326 0.015071 0.0079662
99 0.07033 0.06779 0.066075 0.065277 0.065165 0.064641 0.063702 0.062703 0.061082 0.059461 0.056836 0.053207 0.049578 0.044634 0.039563 0.034368 0.029052 0.022862 0.01551 0.0081647
100 0.069894 0.067583 0.065838 0.064919 0.06462 0.06419 0.06363 0.062967 0.061248 0.059529 0.0569 0.053362 0.049825 0.044809 0.03965 0.034475 0.029284 0.023171 0.015829 0.0082775
101 0.069483 0.067397 0.065497 0.064381 0.063854 0.06349 0.063287 0.062952 0.061244 0.059537 0.056976 0.053561 0.050147 0.04529 0.040293 0.035056 0.029578 0.023357 0.016146 0.0084739
102 0.068856 0.066813 0.065569 0.064375 0.063219 0.06262 0.062581 0.062415 0.060952 0.059489 0.057113 0.053823 0.050534 0.045936 0.041212 0.035872 0.029917 0.023508 0.016495 0.0087015
103 0.068795 0.065647 0.065138 0.063941 0.062228 0.061531 0.061849 0.062027 0.060752 0.059476 0.057327 0.054304 0.05128 0.046606 0.041773 0.036407 0.030508 0.024151 0.017184 0.0090769
104 0.068551 0.064858 0.063943 0.062694 0.061195 0.060854 0.061671 0.062295 0.060923 0.059551 0.057511 0.054803 0.052095 0.047206 0.042106 0.036699 0.030987 0.02476 0.017847 0.0094517
105 0.067793 0.063635 0.062407 0.061309 0.060309 0.06036 0.06146 0.062342 0.06097 0.059599 0.057694 0.055256 0.052819 0.048003 0.042957 0.03757 0.031844 0.025507 0.018357 0.0098086
106 0.06788 0.063463 0.062223 0.061318 0.060662 0.060614 0.061173 0.061566 0.060249 0.058931 0.057183 0.055004 0.052825 0.048185 0.043306 0.038042 0.032391 0.026068 0.018849 0.010068
107 0.068586 0.063479 0.062285 0.061522 0.061082 0.060768 0.060579 0.060304 0.059133 0.057961 0.056386 0.054406 0.052426 0.048038 0.043418 0.038505 0.033302 0.027269 0.020131 0.01042
108 0.068869 0.064979 0.063577 0.062508 0.06169 0.060712 0.059574 0.05846 0.05758 0.0567 0.05539 0.053648 0.051906 0.047811 0.043488 0.03889 0.034017 0.028215 0.021177 0.01081
109 0.069522 0.066457 0.064553 0.063101 0.061989 0.060683 0.059184 0.057754 0.057034 0.056315 0.055238 0.053804 0.05237 0.047794 0.042913 0.038043 0.033185 0.02766 0.021248 0.011153
110 0.071989 0.067004 0.064037 0.062275 0.061416 0.060364 0.059118 0.057906 0.057031 0.056156 0.055135 0.053966 0.052797 0.047717 0.04226 0.037239 0.032655 0.027541 0.021723 0.011671
111 0.073816 0.067248 0.063471 0.061464 0.060787 0.060135 0.05951 0.058788 0.05706 0.055332 0.054047 0.053205 0.052363 0.047325 0.041881 0.037143 0.033112 0.028366 0.022669 0.012278
112 0.074777 0.06957 0.065048 0.062346 0.061011 0.060356 0.060382 0.060126 0.056957 0.053788 0.052006 0.051613 0.051219 0.046252 0.040844 0.036465 0.033116 0.028709 0.022893 0.012521
113 0.075413 0.071771 0.066156 0.063087 0.061929 0.061282 0.061145 0.060664 0.056627 0.052589 0.050621 0.050722 0.050823 0.045491 0.039634 0.035426 0.032867 0.028732 0.022497 0.012523
114 0.077033 0.072752 0.065851 0.063077 0.063402 0.063043 0.062 0.060619 0.055737 0.050856 0.048803 0.049578 0.050353 0.045046 0.039152 0.035064 0.032785 0.028885 0.022831 0.013133
115 0.078006 0.072051 0.065657 0.063252 0.063842 0.063365 0.06182 0.059975 0.055029 0.050084 0.04807 0.048989 0.049908 0.045311 0.040181 0.035951 0.032621 0.028483 0.023269 0.014136
