1 0 0 0 0 0 0 0 0 0 0 0 0 0 0 0 0 0 0 0 0
2 0 0 0 0 0 0 0 0 0 0 0 0 0 0 0 0 0 0 0 0
3 0 0 0 0 0 0 0 0 0 0 0 0 0 0 0 0 0 0 0 0
4 0 0 0 0 0 0 0 0 0 0 0 0 0 0 0 0 0 0 0 0
5 0 0 0 0 0 0 0 0 0 0 0 0 0 0 0 0 0 0 0 0
6 0 0 0 0 0 0 0 0 0 0 0 0 0 0 0 0 0 0 0 0
7 0 0 0 0 0 0 0 0 0 0 0 0 0 0 0 0 0 0 0 0
8 0 0 0 0 0 0 0 0 0 0 0 0 0 0 0 0 0 0 0 0
9 0 0 0 0 0 0 0 0 0 0 0 0 0 0 0 0 0 0 0 0
10 0 0 0 0 0 0 0 0 0 0 0 0 0 0 0 0 0 0 0 0
11 0 0 0 0 0 0 0 0 0 0 0 0 0 0 0 0 0 0 0 0
12 0 0 0 0 0 0 0 0 0 0 0 0 0 0 0 0 0 0 0 0
13 0 0 0 0 0 0 0 0 0 0 0 0 0 0 0 0 0 0 0 0
14 0 0 0 0 0 0 0 0 0 0 0 0 0 0 0 0 0 0 0 0
15 0 0 0 0 0 0 0 0 0 0 0 0 0 0 0 0 0 0 0 0
16 0 0 0 0 0 0 0 0 0 0 0 0 0 0 0 0 0 0 0 0
17 0 0 0 0 0 0 0 0 0 0 0 0 0 0 0 0 0 0 0 0
18 0 0 0 0 0 0 0 0 0 0 0 0 0 0 0 0 0 0 0 0
19 0 0 0 0 0 0 0 0 0 0 0 0 0 0 0 0 0 0 0 0
20 0.06876 0.059253 0.056454 0.055351 0.055522 0.055948 0.05663 0.057164 0.056162 0.055159 0.053531 0.051277 0.049024 0.046635 0.044233 0.04163 0.038824 0.036676 0.035404 0.026363
21 0.069207 0.060988 0.057407 0.056132 0.056588 0.056987 0.057329 0.057542 0.056426 0.055309 0.053436 0.050805 0.048175 0.045642 0.043119 0.040646 0.038222 0.035971 0.033949 0.02612
22 0.074094 0.068753 0.065776 0.063608 0.062047 0.06053 0.059059 0.05747 0.054659 0.051849 0.049018 0.046167 0.043317 0.041002 0.03874 0.037016 0.03583 0.033474 0.029563 0.028029
23 0.076359 0.071991 0.069008 0.066444 0.064193 0.061643 0.058793 0.055969 0.053417 0.050865 0.048201 0.045427 0.042653 0.040354 0.0381 0.035923 0.033822 0.031399 0.028549 0.026889
24 0.075406 0.07308 0.070134 0.067045 0.063848 0.06099 0.058473 0.055943 0.053292 0.050641 0.048087 0.045631 0.043174 0.0408 0.038433 0.035963 0.033389 0.030875 0.028439 0.026358
25 0.075913 0.072892 0.07022 0.067278 0.064133 0.061188 0.058445 0.055724 0.053232 0.05074 0.048212 0.045647 0.043083 0.040595 0.038114 0.035696 0.033339 0.030956 0.028535 0.026061
26 0.077333 0.073983 0.070801 0.067665 0.064563 0.061572 0.058692 0.05583 0.053142 0.050455 0.047793 0.045158 0.042522 0.04008 0.037658 0.035256 0.032874 0.030532 0.028241 0.025851
27 0.077888 0.074525 0.071202 0.068144 0.065287 0.062274 0.059105 0.055971 0.053202 0.050432 0.047672 0.04492 0.042168 0.039674 0.037205 0.03474 0.03228 0.029948 0.027787 0.025578
28 0.078749 0.075436 0.071831 0.068454 0.065249 0.062164 0.059198 0.056238 0.053332 0.050426 0.0476 0.044856 0.042111 0.039463 0.036824 0.034288 0.031855 0.029509 0.027281 0.025136
29 0.079035 0.075667 0.072429 0.069178 0.065918 0.062684 0.059474 0.056286 0.05332 0.050355 0.04747 0.044666 0.041863 0.039184 0.036517 0.033957 0.031503 0.029106 0.026787 0.0246
30 0.079865 0.076403 0.072925 0.069521 0.066173 0.062868 0.059605 0.056361 0.053325 0.050289 0.047362 0.044544 0.041725 0.038962 0.036204 0.03358 0.031091 0.028673 0.026351 0.024172
31 0.080471 0.076964 0.073368 0.069856 0.066408 0.063053 0.059792 0.056542 0.053412 0.050282 0.04727 0.044375 0.04148 0.038704 0.035939 0.033296 0.030775 0.028309 0.025917 0.023789
32 0.080922 0.077388 0.073799 0.070236 0.066692 0.063274 0.05998 0.056694 0.053487 0.050279 0.0472 0.044251 0.041302 0.038501 0.035714 0.033031 0.030452 0.027938 0.02551 0.023352
33 0.081354 0.077778 0.074193 0.070596 0.066991 0.063506 0.060141 0.056787 0.053541 0.050295 0.047176 0.044184 0.041193 0.038337 0.035495 0.032754 0.030112 0.027562 0.025131 0.022874
34 0.081897 0.078245 0.074523 0.070861 0.067245 0.063718 0.060281 0.056859 0.053607 0.050354 0.047194 0.044128 0.041061 0.038151 0.035256 0.032466 0.029782 0.027201 0.024757 0.022416
35 0.082413 0.078659 0.074865 0.071153 0.067502 0.063925 0.060421 0.056935 0.053629 0.050324 0.047124 0.044029 0.040934 0.037988 0.035056 0.032223 0.029488 0.026867 0.024398 0.022067
36 0.082907 0.07898 0.075198 0.071467 0.067773 0.064149 0.060593 0.057054 0.05368 0.050307 0.047049 0.043908 0.040767 0.037791 0.034832 0.031978 0.029229 0.026578 0.024054 0.021704
37 0.083353 0.079319 0.075526 0.071763 0.068024 0.064352 0.060749 0.057163 0.05376 0.050357 0.047054 0.04385 0.040646 0.037613 0.034596 0.031701 0.028928 0.026242 0.023672 0.021331
38 0.083695 0.079672 0.075846 0.07205 0.068279 0.06456 0.060892 0.057246 0.053822 0.050398 0.047052 0.043783 0.040515 0.037448 0.034402 0.03147 0.028653 0.02593 0.023332 0.020954
39 0.083993 0.080049 0.076183 0.072339 0.068511 0.06474 0.061026 0.057335 0.053882 0.05043 0.047039 0.043709 0.040379 0.037291 0.034226 0.031261 0.028398 0.025637 0.023011 0.020561
40 0.093702 0.088936 0.083984 0.079088 0.074235 0.069494 0.064865 0.060236 0.055602 0.050967 0.046448 0.042043 0.037639 0.033529 0.029447 0.025451 0.021543 0.017767 0.014166 0.010857
41 0.094277 0.089143 0.084263 0.079365 0.074453 0.069642 0.064932 0.060231 0.055619 0.051008 0.046474 0.042018 0.037562 0.03339 0.029245 0.025211 0.021286 0.01749 0.013866 0.010527
42 0.094375 0.089378 0.084508 0.079608 0.074685 0.069831 0.065044 0.060273 0.05567 0.051067 0.046514 0.042011 0.037508 0.033297 0.029115 0.02504 0.021073 0.017234 0.013564 0.010205
43 0.094519 0.089563 0.084623 0.079733 0.074881 0.070027 0.065171 0.060338 0.055731 0.051125 0.046551 0.042009 0.037468 0.033244 0.029051 0.024937 0.020901 0.016992 0.013252 0.009884
44 0.094627 0.089725 0.084763 0.079866 0.075018 0.070158 0.065287 0.060438 0.05581 0.051183 0.046589 0.042027 0.037465 0.033199 0.028962 0.024804 0.020727 0.016776 0.012991 0.0095836
45 0.094689 0.089802 0.084885 0.079976 0.075075 0.070212 0.065386 0.060575 0.055915 0.051255 0.046643 0.04208 0.037516 0.033184 0.028874 0.02467 0.020572 0.016596 0.012783 0.0093111
46 0.094976 0.089903 0.084985 0.080073 0.075167 0.070305 0.065485 0.060678 0.05599 0.051301 0.046667 0.042087 0.037506 0.03313 0.028774 0.024535 0.020412 0.01641 0.012571 0.0090437
47 0.095014 0.089998 0.085054 0.080155 0.075291 0.070441 0.065605 0.060781 0.056072 0.051362 0.046706 0.042101 0.037497 0.033089 0.028701 0.024431 0.020279 0.016248 0.012379 0.0087984
48 0.095021 0.090029 0.0851 0.080209 0.075345 0.070508 0.065699 0.060895 0.056153 0.05141 0.046738 0.042137 0.037536 0.033101 0.028681 0.024372 0.020174 0.0161 0.012192 0.0085987
49 0.094885 0.090002 0.085122 0.080242 0.075362 0.070543 0.065786 0.061028 0.056248 0.051468 0.046785 0.0422 0.037614 0.033151 0.028699 0.024348 0.020096 0.015974 0.012022 0.0084248
50 0.094837 0.089932 0.085085 0.080246 0.075412 0.07062 0.065871 0.061118 0.056339 0.05156 0.046871 0.042271 0.037671 0.033172 0.028682 0.024298 0.020019 0.015864 0.011874 0.0082574
51 0.094619 0.089815 0.085005 0.080226 0.075472 0.070717 0.065964 0.061209 0.056445 0.051682 0.046989 0.042368 0.037747 0.03321 0.028681 0.024265 0.019962 0.015776 0.011744 0.0081037
52 0.094569 0.089721 0.084983 0.08024 0.075492 0.070754 0.066024 0.061293 0.056539 0.051785 0.047081 0.042427 0.037774 0.033213 0.028662 0.024237 0.019938 0.015722 0.011616 0.0079305
53 0.094343 0.0896 0.084955 0.08025 0.0755 0.070779 0.066087 0.061391 0.056649 0.051907 0.047193 0.042507 0.037821 0.033238 0.028665 0.024231 0.019934 0.015685 0.0115 0.0077666
54 0.094279 0.089488 0.08488 0.080215 0.075507 0.070816 0.066142 0.061462 0.056727 0.051991 0.047274 0.042576 0.037879 0.033283 0.028696 0.024236 0.019903 0.01562 0.011404 0.0076233
55 0.09397 0.089369 0.084797 0.08018 0.075527 0.070874 0.06622 0.061559 0.056827 0.052096 0.047375 0.042666 0.037956 0.033344 0.028741 0.024254 0.019881 0.015563 0.011317 0.0074854
56 0.093786 0.089156 0.084686 0.080139 0.075536 0.070907 0.066254 0.061595 0.056881 0.052167 0.047459 0.042757 0.038054 0.03343 0.028813 0.024298 0.019884 0.015538 0.011283 0.007378
57 0.093441 0.088965 0.0846 0.080127 0.07557 0.070964 0.066308 0.061649 0.05695 0.052252 0.047552 0.042853 0.038153 0.033514 0.02888 0.024337 0.019884 0.015507 0.011233 0.00726
58 0.093238 0.088761 0.084442 0.080029 0.075547 0.070978 0.066322 0.061667 0.057018 0.05237 0.047691 0.042981 0.038271 0.033617 0.028968 0.0244 0.019912 0.015492 0.011163 0.0071327
59 0.09285 0.088604 0.084323 0.079963 0.075545 0.071011 0.066361 0.061714 0.057101 0.052488 0.047822 0.043103 0.038385 0.033718 0.029055 0.02446 0.019932 0.015469 0.011092 0.0070045
60 0.092651 0.088378 0.084151 0.079837 0.075458 0.070984 0.066413 0.061838 0.05721 0.052583 0.047916 0.043208 0.0385 0.03383 0.029164 0.024541 0.01996 0.015451 0.011038 0.0068887
61 0.092319 0.088181 0.083995 0.079719 0.075377 0.07096 0.066467 0.061962 0.057329 0.052696 0.048026 0.04332 0.038613 0.033937 0.029264 0.024619 0.019999 0.015448 0.010988 0.0067797
62 0.092052 0.087941 0.083763 0.079522 0.075235 0.070889 0.066484 0.062061 0.057457 0.052853 0.048189 0.043466 0.038743 0.034056 0.029372 0.024712 0.020075 0.015485 0.010955 0.0066885
63 0.091731 0.087746 0.083598 0.079395 0.075151 0.070858 0.066517 0.062153 0.057566 0.052979 0.048319 0.043585 0.038851 0.034156 0.029465 0.024791 0.020132 0.015504 0.010916 0.0065857
64 0.091343 0.087508 0.08349 0.079358 0.075141 0.070873 0.066553 0.06221 0.057634 0.053058 0.048406 0.04368 0.038953 0.034259 0.029567 0.024879 0.020194 0.015527 0.010884 0.0064815
65 0.090911 0.087236 0.083319 0.079249 0.075064 0.070826 0.066536 0.062225 0.057694 0.053163 0.048535 0.043809 0.039084 0.034389 0.029698 0.024999 0.020292 0.015594 0.010906 0.0064723
66 0.090503 0.086908 0.083032 0.079011 0.07488 0.070696 0.066457 0.062201 0.057763 0.053325 0.048738 0.044002 0.039266 0.034567 0.029872 0.02516 0.020432 0.015701 0.010968 0.0065211
67 0.090009 0.086569 0.082757 0.078803 0.074741 0.070623 0.066447 0.062252 0.057863 0.053474 0.048915 0.044187 0.039458 0.034751 0.030046 0.025303 0.020522 0.015758 0.011017 0.0065049
68 0.089591 0.086101 0.082411 0.078566 0.074604 0.070576 0.066482 0.062364 0.057987 0.053611 0.049073 0.044372 0.039672 0.034955 0.030237 0.025452 0.020602 0.015802 0.011071 0.0064696
69 0.089261 0.085697 0.082111 0.078364 0.074495 0.070541 0.066503 0.062436 0.058068 0.053701 0.049183 0.044516 0.039849 0.035127 0.0304 0.025602 0.020734 0.015893 0.011087 0.0064316
70 0.088755 0.085368 0.081861 0.078195 0.074412 0.070519 0.066518 0.062485 0.058127 0.05377 0.049278 0.044652 0.040026 0.035302 0.030569 0.025767 0.020895 0.016008 0.011099 0.0063928
71 0.088255 0.085044 0.081628 0.07805 0.07435 0.070525 0.066575 0.062588 0.058215 0.053843 0.04937 0.044797 0.040225 0.035485 0.030729 0.025887 0.020959 0.016027 0.011088 0.0063596
72 0.087871 0.084649 0.081345 0.077869 0.074264 0.070519 0.066636 0.062707 0.05831 0.053913 0.04946 0.044951 0.040443 0.035685 0.030903 0.026014 0.021019 0.016039 0.011078 0.0063231
73 0.087321 0.084239 0.081093 0.077694 0.074107 0.070414 0.066616 0.062768 0.058407 0.054046 0.049628 0.045154 0.040679 0.035903 0.031097 0.026186 0.021171 0.016143 0.011097 0.0062376
74 0.086763 0.083838 0.080875 0.077538 0.073918 0.070259 0.066558 0.062805 0.0585 0.054195 0.04982 0.045373 0.040926 0.036129 0.031297 0.026363 0.021327 0.016249 0.011113 0.0061515
75 0.086274 0.083444 0.080526 0.077256 0.073723 0.070146 0.066526 0.062853 0.058631 0.054408 0.050073 0.045625 0.041177 0.036345 0.031476 0.026512 0.021454 0.016329 0.011115 0.0061078
76 0.085974 0.083047 0.080095 0.07689 0.073495 0.070028 0.066487 0.062894 0.058759 0.054623 0.050329 0.045878 0.041427 0.036561 0.031656 0.026662 0.021581 0.016414 0.011133 0.0060665
77 0.085461 0.082504 0.079656 0.076591 0.073365 0.069993 0.066476 0.062912 0.058867 0.054822 0.050576 0.04613 0.041684 0.036793 0.031859 0.02683 0.021705 0.016509 0.011219 0.0060476
78 0.084665 0.081888 0.079196 0.0763 0.073252 0.069975 0.06647 0.062926 0.058981 0.055036 0.050843 0.046403 0.041964 0.037056 0.032104 0.027044 0.021877 0.016641 0.011312 0.0060654
79 0.084215 0.081409 0.078758 0.075908 0.072908 0.069736 0.066391 0.063 0.059123 0.055247 0.05108 0.046625 0.042169 0.037292 0.032375 0.027316 0.022116 0.016815 0.011379 0.00614
80 0.083342 0.080999 0.078341 0.075502 0.072527 0.069458 0.066296 0.063078 0.059278 0.055478 0.05135 0.046894 0.042438 0.037588 0.032699 0.027632 0.022388 0.01702 0.011489 0.0062049
81 0.082462 0.080474 0.077884 0.075189 0.072416 0.069462 0.066326 0.063132 0.059348 0.055564 0.051482 0.047102 0.042721 0.03788 0.032995 0.027906 0.022615 0.017198 0.011615 0.00623
82 0.081823 0.079875 0.077357 0.074816 0.07226 0.069431 0.06633 0.063172 0.059423 0.055675 0.051647 0.04734 0.043032 0.038188 0.033292 0.028175 0.022835 0.017373 0.011746 0.0062094
83 0.080932 0.079537 0.077147 0.074636 0.072033 0.069229 0.066221 0.063157 0.059509 0.055861 0.051896 0.047616 0.043335 0.038462 0.033533 0.02838 0.023006 0.017513 0.011863 0.0061337
84 0.079925 0.079153 0.076895 0.074424 0.071793 0.069026 0.066121 0.063159 0.059608 0.056057 0.052147 0.047878 0.043609 0.038748 0.033829 0.02865 0.023211 0.017663 0.011968 0.0061358
85 0.079774 0.078699 0.076537 0.074175 0.071665 0.068966 0.066079 0.063138 0.059639 0.05614 0.052251 0.047972 0.043694 0.038915 0.034089 0.028913 0.023387 0.01777 0.012031 0.0061665
86 0.079569 0.078101 0.076044 0.073826 0.071488 0.068897 0.066054 0.063158 0.059717 0.056277 0.05243 0.048176 0.043922 0.039141 0.034309 0.029108 0.023538 0.017891 0.012145 0.0062095
87 0.079061 0.077835 0.075564 0.073417 0.071364 0.068935 0.066129 0.063269 0.059849 0.056428 0.052616 0.048411 0.044207 0.039337 0.034402 0.029152 0.023587 0.017958 0.012243 0.0062365
88 0.078991 0.077299 0.07493 0.072874 0.071052 0.068777 0.066049 0.063265 0.059916 0.056566 0.052815 0.048663 0.044511 0.039607 0.034631 0.029364 0.023806 0.018164 0.01241 0.0063077
89 0.077675 0.076546 0.074732 0.072802 0.070786 0.068484 0.065894 0.063248 0.060017 0.056787 0.053109 0.048984 0.04486 0.039943 0.03495 0.029669 0.024102 0.018424 0.012599 0.0063875
90 0.076963 0.075604 0.074401 0.0727 0.070624 0.068344 0.065858 0.063309 0.06011 0.056911 0.053273 0.049198 0.045122 0.040244 0.035288 0.030022 0.024447 0.018672 0.01263 0.0062794
91 0.076354 0.07544 0.074156 0.072558 0.070723 0.06853 0.06598 0.063365 0.060076 0.056788 0.053151 0.049165 0.04518 0.040388 0.035518 0.030301 0.024737 0.018867 0.012591 0.0061314
92 0.075104 0.074939 0.07365 0.072193 0.07061 0.068529 0.06595 0.063314 0.060094 0.056874 0.053319 0.049431 0.045542 0.040757 0.035885 0.030618 0.024954 0.019056 0.012843 0.0063376
93 0.074461 0.074209 0.07312 0.071833 0.070398 0.068384 0.065792 0.063159 0.060101 0.057044 0.053601 0.049773 0.045946 0.041127 0.036212 0.030872 0.025106 0.019196 0.013094 0.0065705
94 0.073448 0.073224 0.072228 0.071135 0.069968 0.068129 0.065619 0.063076 0.060196 0.057316 0.053978 0.050182 0.046385 0.04157 0.036656 0.031305 0.025518 0.019601 0.013512 0.0069519
95 0.072303 0.07269 0.07138 0.070361 0.06956 0.067954 0.065543 0.063103 0.06036 0.057617 0.054346 0.050548 0.04675 0.041934 0.03702 0.031665 0.02587 0.019939 0.013828 0.0072299
96 0.071874 0.072405 0.070913 0.069929 0.069327 0.067881 0.065591 0.063262 0.060518 0.057774 0.054526 0.050773 0.047021 0.042109 0.037086 0.031762 0.026137 0.020182 0.013787 0.0071402
97 0.072045 0.072176 0.070732 0.069714 0.069017 0.067604 0.065475 0.063288 0.060506 0.057724 0.054506 0.050851 0.047197 0.042244 0.037166 0.031887 0.026407 0.020465 0.013908 0.0070897
98 0.071786 0.071433 0.069893 0.068953 0.068463 0.067271 0.065377 0.063405 0.060634 0.057862 0.054681 0.051089 0.047497 0.042671 0.037725 0.032375 0.026621 0.020673 0.014467 0.0071227
99 0.071507 0.070861 0.068936 0.068077 0.068019 0.067141 0.065442 0.063645 0.060827 0.05801 0.054826 0.051276 0.047727 0.043015 0.03819 0.032815 0.026889 0.020872 0.014734 0.0071902
100 0.070924 0.070438 0.06833 0.067463 0.067528 0.066764 0.065171 0.063503 0.061058 0.058612 0.055543 0.051849 0.048156 0.043284 0.038298 0.03295 0.027239 0.021126 0.014478 0.0072845
101 0.070552 0.070356 0.068114 0.067065 0.066914 0.066075 0.064549 0.062983 0.061017 0.05905 0.05615 0.052315 0.048481 0.043518 0.038446 0.033166 0.027678 0.021537 0.014526 0.0075079
102 0.070524 0.069522 0.067384 0.066359 0.066171 0.065421 0.06411 0.062756 0.060962 0.059169 0.056392 0.052632 0.048872 0.043948 0.03891 0.03369 0.028287 0.022117 0.014925 0.0078498
103 0.070491 0.068377 0.066539 0.065645 0.065461 0.064817 0.063711 0.06256 0.060932 0.059304 0.056665 0.053013 0.049362 0.044445 0.039405 0.034219 0.028885 0.022696 0.015368 0.0081028
104 0.070106 0.067672 0.065965 0.06509 0.06484 0.064368 0.063676 0.062895 0.061195 0.059495 0.056858 0.053285 0.049712 0.044714 0.039579 0.034398 0.029173 0.023043 0.015708 0.0082277
105 0.069731 0.067551 0.065664 0.064587 0.06412 0.06375 0.063476 0.063069 0.061286 0.059503 0.056885 0.053433 0.04998 0.045059 0.039995 0.034786 0.029432 0.023267 0.016025 0.0084002
106 0.069164 0.067098 0.06562 0.064433 0.063465 0.062927 0.06282 0.062586 0.061034 0.059481 0.057037 0.053701 0.050365 0.045688 0.040881 0.035573 0.029762 0.023413 0.016346 0.0086041
107 0.068991 0.066222 0.065496 0.064227 0.06255 0.061781 0.061918 0.061932 0.060671 0.05941 0.057223 0.054112 0.051001 0.046381 0.041614 0.036263 0.030327 0.023946 0.016973 0.0089615
108 0.068738 0.065205 0.064405 0.063156 0.06157 0.061098 0.061742 0.062209 0.060855 0.0595 0.057417 0.054604 0.051791 0.046963 0.041941 0.036545 0.030777 0.024527 0.017634 0.009322
109 0.0683 0.064159 0.0629 0.061593 0.060251 0.060193 0.06142 0.062415 0.061019 0.059623 0.05767 0.055162 0.052653 0.047799 0.042719 0.037319 0.031599 0.025293 0.018208 0.0097038
110 0.067832 0.063633 0.062382 0.0614 0.06062 0.060589 0.061307 0.061843 0.060494 0.059145 0.057335 0.055066 0.052796 0.048098 0.043166 0.037851 0.032154 0.025789 0.018533 0.0099685
111 0.068447 0.063438 0.062173 0.061402 0.061003 0.060827 0.060875 0.060808 0.059543 0.058279 0.05662 0.054566 0.052512 0.048035 0.043324 0.038304 0.032973 0.026863 0.019716 0.010293
112 0.068871 0.064515 0.063168 0.062187 0.061479 0.060701 0.059852 0.058991 0.058001 0.057012 0.055603 0.053776 0.051948 0.047789 0.043404 0.038802 0.033982 0.028177 0.021062 0.01068
113 0.069103 0.066271 0.064682 0.063332 0.062159 0.060782 0.0592 0.057697 0.057002 0.056307 0.055203 0.053691 0.052178 0.047749 0.043037 0.038247 0.033379 0.027772 0.021182 0.011028
114 0.071422 0.067058 0.064421 0.062738 0.061771 0.060613 0.059263 0.057958 0.057115 0.056271 0.055214 0.053946 0.052677 0.047654 0.042267 0.037186 0.03241 0.027188 0.021371 0.011457
115 0.073557 0.067014 0.063232 0.061316 0.0608 0.060136 0.059324 0.058463 0.057092 0.055722 0.054555 0.053592 0.052629 0.047553 0.042078 0.037235 0.033024 0.028155 0.022412 0.012109
