1 0 0 0 0 0 0 0 0 0 0 0 0 0 0 0 0 0 0 0 0
2 0 0 0 0 0 0 0 0 0 0 0 0 0 0 0 0 0 0 0 0
3 0 0 0 0 0 0 0 0 0 0 0 0 0 0 0 0 0 0 0 0
4 0 0 0 0 0 0 0 0 0 0 0 0 0 0 0 0 0 0 0 0
5 0 0 0 0 0 0 0 0 0 0 0 0 0 0 0 0 0 0 0 0
6 0 0 0 0 0 0 0 0 0 0 0 0 0 0 0 0 0 0 0 0
7 0 0 0 0 0 0 0 0 0 0 0 0 0 0 0 0 0 0 0 0
8 0 0 0 0 0 0 0 0 0 0 0 0 0 0 0 0 0 0 0 0
9 0 0 0 0 0 0 0 0 0 0 0 0 0 0 0 0 0 0 0 0
10 0 0 0 0 0 0 0 0 0 0 0 0 0 0 0 0 0 0 0 0
11 0 0 0 0 0 0 0 0 0 0 0 0 0 0 0 0 0 0 0 0
12 0 0 0 0 0 0 0 0 0 0 0 0 0 0 0 0 0 0 0 0
13 0 0 0 0 0 0 0 0 0 0 0 0 0 0 0 0 0 0 0 0
14 0 0 0 0 0 0 0 0 0 0 0 0 0 0 0 0 0 0 0 0
15 0 0 0 0 0 0 0 0 0 0 0 0 0 0 0 0 0 0 0 0
16 0 0 0 0 0 0 0 0 0 0 0 0 0 0 0 0 0 0 0 0
17 0 0 0 0 0 0 0 0 0 0 0 0 0 0 0 0 0 0 0 0
18 0 0 0 0 0 0 0 0 0 0 0 0 0 0 0 0 0 0 0 0
19 0 0 0 0 0 0 0 0 0 0 0 0 0 0 0 0 0 0 0 0
20 0 0 0 0 0 0 0 0 0 0 0 0 0 0 0 0 0 0 0 0
21 0 0 0 0 0 0 0 0 0 0 0 0 0 0 0 0 0 0 0 0
22 0 0 0 0 0 0 0 0 0 0 0 0 0 0 0 0 0 0 0 0
23 0 0 0 0 0 0 0 0 0 0 0 0 0 0 0 0 0 0 0 0
24 0 0 0 0 0 0 0 0 0 0 0 0 0 0 0 0 0 0 0 0
25 0 0 0 0 0 0 0 0 0 0 0 0 0 0 0 0 0 0 0 0
26 0 0 0 0 0 0 0 0 0 0 0 0 0 0 0 0 0 0 0 0
27 0 0 0 0 0 0 0 0 0 0 0 0 0 0 0 0 0 0 0 0
28 0.069373 0.059718 0.056837 0.055666 0.055779 0.056147 0.056772 0.057247 0.056186 0.055125 0.053443 0.051141 0.048839 0.046414 0.043977 0.041345 0.038519 0.036348 0.035051 0.026074
29 0.073477 0.067342 0.063491 0.061218 0.06013 0.059217 0.05848 0.057606 0.055322 0.053039 0.05047 0.047616 0.044762 0.041981 0.039207 0.037346 0.036397 0.034289 0.030637 0.02797
30 0.075677 0.070971 0.067289 0.065041 0.063872 0.061909 0.059154 0.056414 0.053832 0.05125 0.048544 0.045713 0.042881 0.040457 0.038072 0.036026 0.034318 0.032061 0.029075 0.027444
31 0.075581 0.072611 0.070012 0.06711 0.06398 0.061114 0.058511 0.055912 0.05335 0.050788 0.048216 0.045634 0.043053 0.040717 0.038405 0.035919 0.03326 0.030766 0.028491 0.026569
32 0.075329 0.072999 0.070095 0.067112 0.06407 0.061159 0.058378 0.055629 0.053207 0.050784 0.048304 0.045767 0.043229 0.040746 0.038268 0.035827 0.033423 0.030995 0.028534 0.026144
33 0.077075 0.073602 0.070566 0.067473 0.064336 0.061366 0.058564 0.055778 0.053145 0.050512 0.0479 0.045308 0.042717 0.040254 0.037804 0.035421 0.033106 0.030764 0.028388 0.02592
34 0.077594 0.0742 0.071036 0.068016 0.065105 0.062098 0.058996 0.055923 0.053152 0.050382 0.047644 0.04494 0.042235 0.039812 0.037416 0.03498 0.032502 0.030167 0.028021 0.025783
35 0.078487 0.075145 0.071587 0.068276 0.065152 0.062106 0.059139 0.056181 0.053313 0.050445 0.047643 0.044909 0.042174 0.03956 0.036958 0.034439 0.032006 0.029675 0.027483 0.025322
36 0.078919 0.075573 0.072228 0.068943 0.065704 0.062519 0.059387 0.056271 0.053326 0.05038 0.047516 0.044731 0.041947 0.039279 0.036621 0.034069 0.031622 0.029241 0.026949 0.024774
37 0.079576 0.076148 0.072761 0.069413 0.066096 0.062814 0.059566 0.056339 0.053326 0.050313 0.0474 0.044587 0.041774 0.039037 0.036309 0.033704 0.031222 0.028811 0.026493 0.024311
38 0.080288 0.076793 0.073219 0.069739 0.066327 0.062988 0.059722 0.056472 0.053376 0.05028 0.047301 0.044438 0.041574 0.038796 0.036025 0.033385 0.030874 0.028427 0.026062 0.023913
39 0.080793 0.077269 0.073655 0.070099 0.066585 0.063193 0.059924 0.056661 0.053473 0.050285 0.04722 0.044277 0.041335 0.038551 0.035782 0.03312 0.030566 0.028065 0.025637 0.02351
40 0.089975 0.085492 0.081102 0.076623 0.072077 0.067739 0.063607 0.059466 0.055229 0.050991 0.04683 0.042745 0.03866 0.034854 0.031075 0.027451 0.023982 0.020602 0.017338 0.014162
41 0.090421 0.086333 0.081662 0.077089 0.072588 0.068156 0.063791 0.059438 0.055202 0.050966 0.046792 0.042681 0.03857 0.03467 0.030789 0.027061 0.023484 0.020035 0.016755 0.013518
42 0.09159 0.08683 0.082119 0.077503 0.072957 0.068429 0.063918 0.059429 0.055152 0.050875 0.046663 0.042517 0.038372 0.034432 0.030512 0.026732 0.023091 0.019596 0.016295 0.012987
43 0.091835 0.087266 0.082593 0.077948 0.073324 0.068703 0.064085 0.059492 0.05516 0.050829 0.046572 0.042389 0.038206 0.034243 0.030301 0.026486 0.022797 0.019265 0.015941 0.012567
44 0.092568 0.087641 0.082924 0.078245 0.073594 0.068948 0.064308 0.059685 0.055245 0.050804 0.046475 0.042257 0.038038 0.034048 0.030079 0.026221 0.022475 0.018871 0.015456 0.012118
45 0.092999 0.087981 0.083205 0.078493 0.07383 0.069177 0.064534 0.059899 0.055351 0.050803 0.046405 0.042155 0.037905 0.033889 0.029895 0.025999 0.0222 0.018528 0.015023 0.011731
46 0.093257 0.088414 0.083544 0.078746 0.074002 0.06932 0.064699 0.060081 0.055482 0.050884 0.046426 0.042106 0.037787 0.033733 0.029705 0.025763 0.021908 0.018182 0.014628 0.011333
47 0.093459 0.088804 0.083847 0.078966 0.074143 0.069434 0.064837 0.060237 0.055601 0.050965 0.046455 0.042071 0.037688 0.033599 0.029538 0.025556 0.021652 0.01788 0.014284 0.010983
48 0.0942 0.089033 0.084137 0.079247 0.07436 0.069578 0.064899 0.060226 0.055611 0.050996 0.046469 0.042031 0.037594 0.033442 0.029318 0.025296 0.021375 0.017585 0.013967 0.010635
49 0.094266 0.089287 0.084449 0.079551 0.074608 0.069757 0.064999 0.060255 0.055655 0.051056 0.046512 0.042024 0.037536 0.033329 0.02915 0.025089 0.021145 0.017328 0.013681 0.010322
50 0.094493 0.089471 0.084561 0.079673 0.074803 0.069954 0.065125 0.060316 0.055714 0.051111 0.046546 0.042018 0.037491 0.033271 0.029082 0.02498 0.020965 0.017077 0.013357 0.0099903
51 0.094527 0.089682 0.084708 0.079819 0.074994 0.07014 0.065255 0.060395 0.055781 0.051167 0.04658 0.04202 0.03746 0.033217 0.029004 0.024862 0.020791 0.016846 0.01307 0.0096819
52 0.094638 0.089756 0.084829 0.079928 0.075049 0.070191 0.065353 0.060533 0.055886 0.051238 0.046634 0.042072 0.03751 0.033199 0.028912 0.024723 0.02063 0.016661 0.012856 0.0094021
53 0.094828 0.089866 0.08496 0.080047 0.075128 0.070263 0.065452 0.060652 0.055972 0.051292 0.046666 0.042094 0.037522 0.033156 0.028811 0.024581 0.020466 0.016473 0.012642 0.0091307
54 0.095064 0.089942 0.085011 0.080112 0.075237 0.070386 0.065559 0.060743 0.056043 0.051343 0.046695 0.0421 0.037504 0.033107 0.02873 0.02447 0.020326 0.016304 0.012444 0.0088792
55 0.094967 0.090034 0.085091 0.080197 0.075341 0.0705 0.065674 0.060857 0.056128 0.051399 0.046731 0.042125 0.03752 0.033093 0.028684 0.024389 0.020208 0.016149 0.012254 0.0086601
56 0.094956 0.089994 0.085101 0.08022 0.075348 0.070526 0.065754 0.060982 0.056216 0.05145 0.046772 0.042183 0.037593 0.033139 0.028698 0.024361 0.020126 0.016018 0.01208 0.0084827
57 0.094834 0.089971 0.085113 0.080254 0.075394 0.07059 0.065843 0.061092 0.056308 0.051525 0.046837 0.042245 0.037652 0.033166 0.028689 0.024315 0.020043 0.015898 0.011921 0.0083103
58 0.094757 0.089839 0.085019 0.080221 0.075442 0.070677 0.065926 0.061174 0.056407 0.051639 0.046949 0.042336 0.037723 0.033199 0.028683 0.024278 0.019983 0.015806 0.011788 0.0081541
59 0.094616 0.089764 0.084994 0.080237 0.075491 0.070747 0.066005 0.061262 0.056504 0.051746 0.047046 0.042403 0.037761 0.033208 0.028663 0.024241 0.019941 0.015735 0.011654 0.0079841
60 0.094458 0.089634 0.084957 0.08024 0.075492 0.070765 0.066062 0.061354 0.056609 0.051864 0.047154 0.042479 0.037805 0.03323 0.028665 0.024234 0.019938 0.0157 0.01154 0.0078207
61 0.094299 0.089544 0.084922 0.080239 0.075511 0.070806 0.066124 0.061437 0.056698 0.051959 0.047242 0.042548 0.037853 0.033262 0.02868 0.024229 0.019909 0.015638 0.011433 0.0076677
62 0.094075 0.089406 0.084821 0.080187 0.075515 0.070849 0.066188 0.061521 0.056792 0.052062 0.047344 0.04264 0.037935 0.033329 0.028732 0.024253 0.019893 0.015584 0.011345 0.0075299
63 0.093868 0.089249 0.084736 0.08016 0.075536 0.070895 0.066239 0.061578 0.056857 0.052137 0.047425 0.04272 0.038016 0.033396 0.028784 0.024279 0.019879 0.015543 0.011292 0.007411
64 0.093565 0.089012 0.084615 0.080119 0.075549 0.070939 0.066287 0.061631 0.056927 0.052223 0.047522 0.042824 0.038126 0.033492 0.028864 0.024329 0.019887 0.015523 0.01126 0.0073045
65 0.093356 0.088843 0.084504 0.080068 0.075557 0.070973 0.066315 0.061657 0.05699 0.052324 0.047637 0.042931 0.038224 0.033575 0.028932 0.024373 0.019897 0.015492 0.011182 0.0071715
66 0.092999 0.088651 0.084358 0.079983 0.075546 0.070999 0.06634 0.061685 0.057069 0.052452 0.047786 0.043068 0.038351 0.033686 0.029026 0.02444 0.019929 0.015479 0.011111 0.0070426
67 0.092739 0.088477 0.084226 0.079892 0.075496 0.070997 0.066396 0.061793 0.057169 0.052545 0.047877 0.043165 0.038453 0.033784 0.029119 0.024506 0.019944 0.015451 0.011051 0.0069233
68 0.092434 0.088258 0.084061 0.079773 0.075417 0.070978 0.066458 0.061927 0.057288 0.052649 0.047978 0.043276 0.038574 0.0339 0.02923 0.024588 0.019974 0.015435 0.010996 0.0068067
69 0.092211 0.088046 0.083859 0.079602 0.07529 0.070915 0.066476 0.062021 0.057405 0.052789 0.048122 0.043404 0.038686 0.034003 0.029324 0.024669 0.02004 0.015464 0.010959 0.006714
70 0.091833 0.087827 0.083648 0.079424 0.075167 0.070864 0.066513 0.062141 0.057548 0.052955 0.048289 0.043551 0.038813 0.034117 0.029425 0.024755 0.020106 0.01549 0.01092 0.0066145
71 0.09154 0.087622 0.083549 0.079385 0.075153 0.070871 0.066539 0.062186 0.057603 0.05302 0.048364 0.043634 0.038904 0.034209 0.029518 0.024836 0.020161 0.015509 0.010887 0.0065105
72 0.09108 0.087373 0.083435 0.079344 0.075137 0.070877 0.066565 0.06223 0.057666 0.053101 0.048457 0.043734 0.03901 0.034317 0.029627 0.024933 0.020235 0.015549 0.010878 0.0064517
73 0.090718 0.087057 0.083158 0.079112 0.074955 0.070746 0.066484 0.062203 0.057729 0.053255 0.048651 0.043918 0.039185 0.034488 0.029795 0.025089 0.02037 0.015653 0.010937 0.0064988
74 0.090178 0.086768 0.082906 0.078906 0.074803 0.070646 0.066437 0.062212 0.057814 0.053417 0.048849 0.04411 0.039372 0.034667 0.029967 0.025238 0.02048 0.015731 0.01099 0.006509
75 0.089785 0.086314 0.082569 0.078675 0.074668 0.0706 0.066471 0.062319 0.057934 0.05355 0.049002 0.04429 0.039578 0.034865 0.030151 0.025382 0.020558 0.015773 0.011042 0.0064741
76 0.089451 0.085856 0.082233 0.078448 0.074541 0.070559 0.066502 0.062417 0.058042 0.053666 0.049137 0.044454 0.039771 0.03505 0.030325 0.025531 0.020666 0.015842 0.011071 0.0064361
77 0.089018 0.085533 0.081986 0.078281 0.074457 0.070534 0.066512 0.062461 0.058095 0.05373 0.049226 0.044583 0.03994 0.035218 0.030487 0.025688 0.020821 0.015952 0.011082 0.0063974
78 0.088479 0.085226 0.08176 0.078137 0.074396 0.070535 0.066555 0.062541 0.058172 0.053802 0.04932 0.044724 0.040128 0.035395 0.030648 0.025822 0.020918 0.016004 0.011077 0.0063609
79 0.088079 0.084851 0.081492 0.077967 0.074316 0.070532 0.066617 0.062659 0.058265 0.053871 0.049407 0.044873 0.04034 0.035588 0.030816 0.025945 0.020976 0.016015 0.011065 0.0063275
80 0.087598 0.084429 0.081207 0.077776 0.074189 0.070476 0.066636 0.062748 0.058363 0.053979 0.049543 0.045057 0.040571 0.035802 0.031004 0.026103 0.021097 0.016089 0.011076 0.0062573
81 0.086985 0.084053 0.081007 0.077634 0.074015 0.070333 0.066587 0.06279 0.058458 0.054127 0.049732 0.045272 0.040812 0.036022 0.031199 0.026276 0.02125 0.016192 0.011092 0.0061633
82 0.086534 0.083629 0.080709 0.077406 0.073814 0.07019 0.066535 0.062826 0.05857 0.054313 0.04996 0.045511 0.041062 0.036242 0.031386 0.026434 0.021387 0.016281 0.011099 0.0061129
83 0.086076 0.083273 0.080318 0.077075 0.073615 0.070095 0.066515 0.062882 0.058708 0.054533 0.050219 0.045764 0.04131 0.036454 0.03156 0.026578 0.02151 0.016358 0.011095 0.0060627
84 0.085838 0.082771 0.079854 0.076718 0.073419 0.070003 0.066473 0.062893 0.05881 0.054727 0.05046 0.046009 0.041559 0.036677 0.031753 0.026738 0.021632 0.016451 0.011171 0.0060428
85 0.084896 0.08222 0.079451 0.076475 0.073345 0.070019 0.066498 0.062935 0.058942 0.054949 0.050729 0.046283 0.041837 0.036927 0.031972 0.026918 0.021765 0.016553 0.011263 0.0060264
86 0.084458 0.081622 0.078958 0.07609 0.073068 0.069848 0.066431 0.062971 0.059062 0.055153 0.050972 0.046518 0.042064 0.037176 0.032246 0.027189 0.022004 0.01673 0.011337 0.0061038
87 0.083787 0.081238 0.078565 0.075706 0.072707 0.069586 0.066343 0.063048 0.059211 0.055373 0.051219 0.046748 0.042277 0.037422 0.032531 0.027475 0.022256 0.016916 0.011414 0.006177
88 0.082799 0.080746 0.078114 0.075352 0.072491 0.069482 0.066325 0.063112 0.059314 0.055517 0.051412 0.046999 0.042587 0.037742 0.032855 0.027776 0.022505 0.01711 0.011552 0.0062096
89 0.082161 0.080194 0.077629 0.075014 0.072359 0.069467 0.066336 0.063148 0.059365 0.055583 0.051527 0.047198 0.042868 0.038035 0.033152 0.028051 0.022731 0.017288 0.01168 0.0062145
90 0.081433 0.079731 0.077281 0.074746 0.072148 0.069321 0.066266 0.063154 0.059459 0.055765 0.051771 0.047476 0.043181 0.038319 0.033402 0.028264 0.022907 0.017431 0.011799 0.0061449
91 0.080213 0.079423 0.07709 0.074574 0.07192 0.069115 0.066159 0.063147 0.059559 0.055971 0.052043 0.047774 0.043505 0.038621 0.033677 0.028504 0.0231 0.017583 0.011915 0.0061081
92 0.079795 0.078977 0.076758 0.074336 0.071762 0.069021 0.066113 0.06315 0.059621 0.056092 0.052187 0.047905 0.043623 0.038814 0.033954 0.028778 0.023287 0.0177 0.011985 0.0061421
93 0.079902 0.078456 0.07634 0.074037 0.071592 0.068925 0.066036 0.063097 0.059629 0.056162 0.052292 0.04802 0.043748 0.038998 0.034203 0.029023 0.02346 0.01782 0.012078 0.0061813
94 0.079307 0.078038 0.075831 0.073639 0.071457 0.068949 0.066115 0.063227 0.059788 0.056349 0.052515 0.048286 0.044058 0.039218 0.034319 0.029088 0.023526 0.017898 0.012181 0.0062117
95 0.079168 0.077655 0.075219 0.073105 0.071233 0.068901 0.066111 0.063266 0.059867 0.056467 0.052684 0.048517 0.04435 0.03945 0.03448 0.02922 0.02367 0.018046 0.012323 0.0062678
96 0.078342 0.07694 0.074884 0.072884 0.070926 0.068618 0.065959 0.063244 0.059958 0.056671 0.052957 0.048816 0.044675 0.039763 0.034776 0.029504 0.023947 0.01829 0.012501 0.0063422
97 0.077366 0.076103 0.074649 0.072786 0.070616 0.068284 0.065792 0.063238 0.060058 0.056878 0.053233 0.049125 0.045016 0.040113 0.035133 0.029858 0.02429 0.018556 0.012601 0.0063062
98 0.07674 0.075614 0.074341 0.072683 0.070734 0.068489 0.065947 0.063341 0.060072 0.056804 0.053156 0.049129 0.045102 0.040277 0.035375 0.030143 0.024582 0.018753 0.012568 0.0061512
99 0.075807 0.075282 0.073923 0.072381 0.0707 0.068565 0.065975 0.063324 0.06004 0.056755 0.053157 0.049244 0.045331 0.040558 0.035702 0.030464 0.024843 0.018962 0.012734 0.0062548
100 0.074833 0.074615 0.073423 0.072047 0.070533 0.068473 0.065868 0.063216 0.060083 0.05695 0.053455 0.049597 0.045739 0.040931 0.036031 0.030717 0.024989 0.019088 0.012958 0.0064551
101 0.074034 0.073597 0.072624 0.071456 0.070142 0.068205 0.065645 0.063052 0.060115 0.057178 0.053809 0.050006 0.046204 0.041387 0.036472 0.031125 0.025348 0.019438 0.01335 0.0068113
102 0.072849 0.072995 0.07179 0.070721 0.069754 0.068037 0.06557 0.063074 0.060266 0.057458 0.054152 0.050348 0.046543 0.041731 0.03682 0.031473 0.025687 0.01979 0.013744 0.0071961
103 0.071991 0.072599 0.071062 0.070066 0.069475 0.067999 0.065636 0.06324 0.060493 0.057746 0.054476 0.050683 0.046889 0.042003 0.037011 0.031674 0.025992 0.020051 0.013765 0.0071501
104 0.072076 0.072436 0.070946 0.069918 0.069235 0.067787 0.065572 0.063306 0.06052 0.057734 0.054489 0.050785 0.047081 0.04211 0.037015 0.031726 0.026242 0.020284 0.013696 0.0070402
105 0.072069 0.071752 0.070322 0.069331 0.06867 0.06735 0.065371 0.063322 0.060551 0.057779 0.054588 0.050977 0.047366 0.042489 0.03749 0.032162 0.026505 0.020565 0.014245 0.0070942
106 0.071739 0.071223 0.069428 0.068513 0.068257 0.067231 0.065435 0.063549 0.060732 0.057916 0.054715 0.05113 0.047545 0.042817 0.037978 0.032589 0.02665 0.020698 0.014731 0.0071226
107 0.071353 0.070537 0.068453 0.067628 0.067747 0.066988 0.065352 0.063629 0.061011 0.058394 0.055262 0.051618 0.047973 0.043152 0.038217 0.032857 0.027071 0.020995 0.014531 0.0072336
108 0.070615 0.070607 0.06839 0.06739 0.067303 0.06647 0.064891 0.06326 0.061089 0.058918 0.055923 0.052105 0.048287 0.043303 0.038205 0.032898 0.027382 0.021261 0.014335 0.0073681
109 0.070711 0.070048 0.067776 0.06668 0.066467 0.06566 0.064257 0.062814 0.060955 0.059096 0.056267 0.052467 0.048667 0.043725 0.038672 0.033431 0.028004 0.021854 0.014742 0.0077072
110 0.070636 0.069 0.067007 0.066031 0.06582 0.065109 0.063898 0.062642 0.060917 0.059193 0.056473 0.052758 0.049043 0.044147 0.039136 0.033959 0.028618 0.022444 0.015163 0.0080083
111 0.070443 0.067809 0.066143 0.065316 0.065118 0.064592 0.063735 0.062806 0.061125 0.059444 0.056794 0.053175 0.049557 0.044579 0.039471 0.034284 0.02902 0.022874 0.015553 0.0081624
112 0.070078 0.06778 0.06594 0.06492 0.064517 0.064084 0.063623 0.063044 0.061258 0.059471 0.056817 0.053295 0.049774 0.044771 0.039624 0.034447 0.029238 0.023144 0.015869 0.0083064
113 0.069579 0.067477 0.065709 0.064523 0.063775 0.063305 0.063111 0.062788 0.061123 0.059459 0.05693 0.053535 0.050141 0.045371 0.040467 0.035195 0.029554 0.023284 0.016174 0.0084994
114 0.069124 0.066821 0.06575 0.064482 0.063067 0.062346 0.06232 0.062172 0.060764 0.059357 0.057031 0.053788 0.050544 0.045992 0.041313 0.035991 0.030027 0.023636 0.016676 0.0087994
115 0.06901 0.065662 0.064995 0.063738 0.062038 0.061404 0.061834 0.062108 0.060769 0.059429 0.057289 0.054349 0.051408 0.046651 0.041719 0.036343 0.030521 0.024237 0.017337 0.009159
