1 0 0 0 0 0 0 0 0 0 0 0 0 0 0 0 0 0 0 0 0
2 0 0 0 0 0 0 0 0 0 0 0 0 0 0 0 0 0 0 0 0
3 0 0 0 0 0 0 0 0 0 0 0 0 0 0 0 0 0 0 0 0
4 0 0 0 0 0 0 0 0 0 0 0 0 0 0 0 0 0 0 0 0
5 0 0 0 0 0 0 0 0 0 0 0 0 0 0 0 0 0 0 0 0
6 0 0 0 0 0 0 0 0 0 0 0 0 0 0 0 0 0 0 0 0
7 0 0 0 0 0 0 0 0 0 0 0 0 0 0 0 0 0 0 0 0
8 0 0 0 0 0 0 0 0 0 0 0 0 0 0 0 0 0 0 0 0
9 0 0 0 0 0 0 0 0 0 0 0 0 0 0 0 0 0 0 0 0
10 0 0 0 0 0 0 0 0 0 0 0 0 0 0 0 0 0 0 0 0
11 0 0 0 0 0 0 0 0 0 0 0 0 0 0 0 0 0 0 0 0
12 0 0 0 0 0 0 0 0 0 0 0 0 0 0 0 0 0 0 0 0
13 0 0 0 0 0 0 0 0 0 0 0 0 0 0 0 0 0 0 0 0
14 0 0 0 0 0 0 0 0 0 0 0 0 0 0 0 0 0 0 0 0
15 0 0 0 0 0 0 0 0 0 0 0 0 0 0 0 0 0 0 0 0
16 0 0 0 0 0 0 0 0 0 0 0 0 0 0 0 0 0 0 0 0
17 0 0 0 0 0 0 0 0 0 0 0 0 0 0 0 0 0 0 0 0
18 0 0 0 0 0 0 0 0 0 0 0 0 0 0 0 0 0 0 0 0
19 0 0 0 0 0 0 0 0 0 0 0 0 0 0 0 0 0 0 0 0
20 0.069431 0.059761 0.056874 0.055696 0.055803 0.056166 0.056785 0.057255 0.056188 0.055122 0.053435 0.051128 0.048821 0.046393 0.043952 0.041318 0.03849 0.036317 0.035017 0.026047
21 0.073855 0.067903 0.064197 0.06178 0.06033 0.059206 0.058408 0.057473 0.05513 0.052786 0.050184 0.047322 0.04446 0.041797 0.039153 0.037314 0.03628 0.034091 0.030365 0.027968
22 0.075964 0.071323 0.067815 0.065472 0.064006 0.06185 0.059005 0.056189 0.05367 0.051151 0.048467 0.04562 0.042773 0.040401 0.038074 0.03599 0.034149 0.031848 0.028933 0.0273
23 0.075555 0.072797 0.070102 0.067127 0.063942 0.061069 0.058507 0.055943 0.053356 0.050769 0.04819 0.045619 0.043048 0.040715 0.038404 0.035912 0.033237 0.030735 0.028464 0.026509
24 0.075364 0.073012 0.070162 0.067182 0.064105 0.06118 0.058407 0.055663 0.053225 0.050786 0.048291 0.045741 0.04319 0.040702 0.038221 0.035783 0.033389 0.030971 0.028519 0.026108
25 0.077178 0.073731 0.070652 0.067536 0.064391 0.061411 0.058596 0.055795 0.053146 0.050497 0.04787 0.045265 0.04266 0.0402 0.037755 0.035367 0.033035 0.030693 0.028336 0.025887
26 0.077682 0.074304 0.071085 0.068068 0.065204 0.062195 0.059042 0.055923 0.053158 0.050394 0.047649 0.044924 0.042199 0.039758 0.037344 0.0349 0.032426 0.030092 0.027943 0.025712
27 0.078592 0.075245 0.071655 0.068311 0.065153 0.062099 0.059148 0.056204 0.053322 0.05044 0.047632 0.044896 0.042161 0.039533 0.036916 0.034392 0.03196 0.029629 0.027434 0.025277
28 0.078973 0.075617 0.072295 0.069015 0.065767 0.062566 0.059412 0.056275 0.053323 0.05037 0.047499 0.044709 0.041918 0.039246 0.036586 0.034031 0.031582 0.029197 0.026899 0.024721
29 0.079669 0.076229 0.072815 0.06945 0.066123 0.062832 0.059578 0.056344 0.053324 0.050304 0.047386 0.04457 0.041755 0.039011 0.036275 0.033665 0.031182 0.028769 0.02645 0.024269
30 0.08035 0.076848 0.073267 0.069776 0.066352 0.063008 0.059741 0.056489 0.053383 0.050278 0.047289 0.044418 0.041546 0.038768 0.035998 0.033357 0.030844 0.028391 0.026021 0.023877
31 0.080834 0.077306 0.073697 0.070137 0.066615 0.063215 0.059938 0.056669 0.053475 0.050281 0.047212 0.044268 0.041324 0.038535 0.035762 0.033095 0.030534 0.028031 0.025603 0.023469
32 0.081225 0.077667 0.074116 0.070535 0.06693 0.063454 0.060107 0.056769 0.053522 0.050275 0.047166 0.044195 0.041223 0.038382 0.035554 0.032824 0.030193 0.02765 0.025222 0.022991
33 0.081742 0.078115 0.074424 0.070781 0.067173 0.06366 0.060243 0.05684 0.053597 0.050353 0.047205 0.044153 0.041101 0.038202 0.035319 0.032542 0.029869 0.027297 0.024859 0.022524
34 0.082285 0.078556 0.07478 0.07108 0.067438 0.063874 0.060386 0.056916 0.053623 0.050331 0.047141 0.044053 0.040966 0.038028 0.035106 0.032283 0.029561 0.02695 0.024487 0.022154
35 0.082792 0.078909 0.07512 0.071391 0.067708 0.064094 0.06055 0.057023 0.053666 0.050309 0.047066 0.043937 0.040807 0.037838 0.034885 0.032036 0.029291 0.026647 0.024137 0.021793
36 0.083253 0.079237 0.075449 0.071695 0.067966 0.064305 0.060713 0.057137 0.053737 0.050337 0.047044 0.043857 0.04067 0.037653 0.034654 0.031771 0.029005 0.026328 0.023769 0.021423
37 0.083639 0.079589 0.075771 0.071982 0.068214 0.064506 0.060858 0.05723 0.053812 0.050395 0.047059 0.043805 0.040551 0.037485 0.034438 0.031512 0.02871 0.025996 0.023402 0.021045
38 0.083892 0.079948 0.076091 0.072272 0.068482 0.064725 0.061001 0.057301 0.053856 0.050411 0.047031 0.043716 0.040401 0.037328 0.034278 0.031325 0.028468 0.025714 0.0231 0.020661
39 0.084306 0.080363 0.076469 0.072545 0.068598 0.064784 0.061103 0.057441 0.053967 0.050493 0.047068 0.043691 0.040315 0.037177 0.034062 0.031064 0.028183 0.025395 0.022732 0.020246
40 0.094273 0.089084 0.084188 0.07929 0.074392 0.069597 0.064907 0.060223 0.055607 0.05099 0.04646 0.042017 0.037573 0.033417 0.029288 0.025263 0.021343 0.017552 0.013934 0.010603
41 0.09432 0.089334 0.084482 0.079579 0.074637 0.069781 0.065012 0.060257 0.055655 0.051052 0.046504 0.042011 0.037519 0.033311 0.029131 0.025067 0.021118 0.017297 0.013646 0.010289
42 0.09452 0.089519 0.084595 0.079702 0.074832 0.069978 0.065139 0.06032 0.055714 0.051109 0.04654 0.042007 0.037475 0.033254 0.029064 0.02496 0.02094 0.017048 0.013325 0.0099598
43 0.094588 0.08971 0.084735 0.079841 0.075006 0.070147 0.065263 0.060403 0.055784 0.051165 0.046575 0.042014 0.037452 0.033203 0.028984 0.024839 0.020768 0.016822 0.013045 0.0096544
44 0.094666 0.089787 0.084858 0.079952 0.075063 0.0702 0.065363 0.060543 0.05589 0.051238 0.04663 0.042066 0.037503 0.033187 0.028894 0.024702 0.020609 0.016639 0.012833 0.0093766
45 0.094889 0.089889 0.084976 0.080061 0.075143 0.070276 0.065461 0.060656 0.055973 0.05129 0.046661 0.042086 0.037511 0.033143 0.028795 0.024563 0.020447 0.016453 0.012621 0.0091072
46 0.095065 0.089971 0.085033 0.080131 0.075257 0.070404 0.065572 0.060752 0.056048 0.051344 0.046693 0.042094 0.037496 0.033096 0.028716 0.024454 0.020309 0.016286 0.012424 0.0088573
47 0.094996 0.090043 0.085101 0.080206 0.075346 0.070504 0.065681 0.060866 0.056132 0.051398 0.046729 0.042124 0.037518 0.03309 0.028678 0.02438 0.020195 0.016133 0.012236 0.0086433
48 0.094948 0.090007 0.085115 0.080232 0.075356 0.070533 0.065763 0.060993 0.056222 0.051451 0.046771 0.042182 0.037593 0.033137 0.028693 0.024353 0.020114 0.016004 0.012063 0.0084669
49 0.094844 0.089967 0.08511 0.080255 0.075402 0.0706 0.065851 0.061098 0.056315 0.051532 0.046843 0.042248 0.037654 0.033164 0.028684 0.024307 0.020034 0.015887 0.011908 0.0082965
50 0.094725 0.089839 0.08502 0.080227 0.075453 0.07069 0.065937 0.061183 0.056416 0.051649 0.046957 0.042342 0.037726 0.033198 0.028679 0.024271 0.019975 0.015796 0.011775 0.008141
51 0.09461 0.089753 0.084992 0.080239 0.075492 0.070749 0.06601 0.06127 0.056513 0.051755 0.047054 0.042408 0.037763 0.033208 0.028661 0.024238 0.019939 0.015731 0.011644 0.0079712
52 0.094445 0.089624 0.084957 0.080242 0.075493 0.070768 0.066067 0.061363 0.056618 0.051873 0.047162 0.042484 0.037807 0.03323 0.028663 0.024232 0.019936 0.015696 0.01153 0.0078079
53 0.094296 0.089526 0.084908 0.080231 0.075509 0.070808 0.066129 0.061444 0.056706 0.051968 0.047251 0.042556 0.03786 0.033267 0.028685 0.024231 0.019908 0.015634 0.011426 0.0076579
54 0.094038 0.089391 0.08481 0.080181 0.075516 0.070854 0.066195 0.061531 0.056802 0.052072 0.047355 0.042649 0.037944 0.033336 0.028738 0.024257 0.019893 0.015581 0.011339 0.0075203
55 0.093836 0.089216 0.084717 0.080151 0.075534 0.070898 0.066244 0.061583 0.056865 0.052147 0.047436 0.042732 0.038029 0.033407 0.028794 0.024286 0.019883 0.015544 0.011291 0.0074047
56 0.093507 0.088981 0.084598 0.080112 0.07555 0.070944 0.066294 0.061639 0.056937 0.052235 0.047535 0.042837 0.03814 0.033505 0.028875 0.024338 0.019892 0.015524 0.011261 0.0072977
57 0.093307 0.088808 0.084478 0.080051 0.075551 0.070973 0.066317 0.061661 0.057 0.05234 0.047656 0.042949 0.038242 0.033591 0.028946 0.024384 0.019905 0.015496 0.011181 0.0071648
58 0.092924 0.08862 0.084335 0.07997 0.075544 0.071003 0.066346 0.061693 0.057082 0.052472 0.047807 0.043089 0.03837 0.033702 0.029039 0.024449 0.019932 0.015479 0.011109 0.0070353
59 0.092695 0.088433 0.084193 0.079868 0.07548 0.07099 0.0664 0.061807 0.057184 0.05256 0.047893 0.043182 0.038472 0.033803 0.029138 0.024521 0.019954 0.015456 0.011052 0.0069183
60 0.092368 0.08822 0.084035 0.079756 0.075407 0.070978 0.066467 0.061945 0.057305 0.052665 0.047994 0.04329 0.038587 0.033913 0.029243 0.0246 0.019984 0.015442 0.010997 0.0068029
61 0.09214 0.087997 0.083817 0.079568 0.075268 0.070904 0.066478 0.062035 0.057424 0.052813 0.048148 0.043429 0.03871 0.034026 0.029345 0.024689 0.020057 0.015476 0.010964 0.0067118
62 0.091775 0.087799 0.083624 0.079407 0.075157 0.070858 0.066512 0.062144 0.057554 0.052964 0.048302 0.043566 0.038831 0.034135 0.029444 0.024772 0.02012 0.015501 0.010925 0.0066117
63 0.091449 0.087564 0.083514 0.079365 0.075141 0.070867 0.066543 0.062195 0.057617 0.053038 0.048385 0.043657 0.038929 0.034234 0.029543 0.024858 0.020179 0.015522 0.010893 0.0065085
64 0.090993 0.087312 0.083386 0.079304 0.075107 0.070857 0.066555 0.062231 0.057679 0.053127 0.048489 0.043766 0.039043 0.034349 0.029658 0.024962 0.02026 0.015569 0.010892 0.0064613
65 0.090618 0.086985 0.0831 0.079067 0.074924 0.070727 0.066476 0.062206 0.057745 0.053284 0.048687 0.043954 0.039221 0.034523 0.029829 0.02512 0.020397 0.015675 0.010953 0.0065091
66 0.090086 0.086676 0.082837 0.078858 0.074774 0.070634 0.06644 0.062228 0.057836 0.053443 0.04888 0.044145 0.039411 0.034705 0.030003 0.025269 0.020505 0.015749 0.011006 0.0065141
67 0.089675 0.086217 0.082497 0.078625 0.074639 0.070589 0.066475 0.062337 0.057958 0.053579 0.049035 0.044328 0.03962 0.034906 0.030191 0.025417 0.020584 0.015793 0.011059 0.0064794
68 0.089348 0.085772 0.082169 0.078403 0.074515 0.070548 0.066501 0.062427 0.058057 0.053687 0.049164 0.044487 0.03981 0.035089 0.030363 0.025566 0.020699 0.015868 0.011085 0.0064418
69 0.088889 0.085445 0.081919 0.078234 0.07443 0.070523 0.066513 0.062472 0.058113 0.053753 0.049255 0.044619 0.039983 0.03526 0.030528 0.025727 0.020856 0.01598 0.011097 0.0064035
70 0.088351 0.085129 0.081688 0.078087 0.074367 0.070525 0.06656 0.062559 0.058193 0.053827 0.04935 0.044763 0.040175 0.03544 0.030691 0.02586 0.020947 0.016026 0.011092 0.0063684
71 0.087965 0.084743 0.081412 0.077911 0.074283 0.070519 0.06662 0.062677 0.058287 0.053897 0.049439 0.044914 0.04039 0.035637 0.030861 0.025984 0.021006 0.016037 0.011081 0.0063352
72 0.087454 0.084325 0.081137 0.077726 0.074147 0.070448 0.066628 0.062759 0.058386 0.054012 0.049585 0.045105 0.040624 0.035852 0.031052 0.026147 0.021136 0.01612 0.011095 0.0062613
73 0.086857 0.083938 0.08093 0.077578 0.073968 0.0703 0.066576 0.062799 0.058481 0.054162 0.049776 0.045322 0.040868 0.036076 0.031251 0.026323 0.021292 0.016225 0.011111 0.006167
74 0.086392 0.083523 0.080613 0.077331 0.073767 0.070167 0.06653 0.062839 0.058598 0.054356 0.050012 0.045565 0.041119 0.036296 0.031436 0.026479 0.021426 0.016312 0.011118 0.0061207
75 0.085986 0.083151 0.080209 0.076988 0.073559 0.070065 0.066505 0.062892 0.058734 0.054577 0.050272 0.04582 0.041369 0.03651 0.031612 0.026625 0.021551 0.01639 0.011114 0.0060706
76 0.085689 0.082629 0.079746 0.076645 0.073379 0.069987 0.066469 0.062902 0.058836 0.05477 0.050514 0.046067 0.04162 0.036736 0.031809 0.026789 0.021675 0.016486 0.011198 0.0060534
77 0.08475 0.082062 0.07933 0.076393 0.0733 0.069999 0.066491 0.062942 0.058968 0.054994 0.050786 0.046344 0.041902 0.03699 0.032032 0.026973 0.021814 0.016594 0.011292 0.0060457
78 0.084312 0.081499 0.078851 0.076 0.072996 0.069801 0.066416 0.062986 0.059092 0.055199 0.051027 0.046575 0.042124 0.037238 0.032311 0.027252 0.02206 0.016774 0.011365 0.0061224
79 0.083571 0.081107 0.078452 0.075611 0.072631 0.069537 0.066329 0.063067 0.059247 0.055426 0.051282 0.046813 0.042344 0.037494 0.032607 0.027549 0.02232 0.016968 0.011452 0.006195
80 0.082616 0.080599 0.077993 0.075265 0.072445 0.069464 0.066323 0.063124 0.059337 0.05555 0.051457 0.047057 0.042657 0.037813 0.032926 0.027842 0.022562 0.017157 0.011586 0.0062255
81 0.081979 0.080031 0.077496 0.074918 0.072308 0.069446 0.066332 0.06316 0.05939 0.055619 0.051577 0.047263 0.042949 0.038114 0.033228 0.02812 0.022791 0.017337 0.011717 0.0062258
82 0.081216 0.079602 0.077185 0.074671 0.072083 0.069274 0.066245 0.063158 0.059485 0.055813 0.051833 0.047546 0.043259 0.038394 0.033473 0.02833 0.022964 0.017479 0.011835 0.0061545
83 0.080045 0.079274 0.076978 0.074484 0.071842 0.069057 0.066129 0.063146 0.059583 0.05602 0.052106 0.047841 0.043576 0.038698 0.033761 0.028583 0.023165 0.017634 0.011951 0.0061276
84 0.079711 0.078813 0.076628 0.074241 0.071701 0.068986 0.066095 0.06315 0.059638 0.056127 0.052233 0.047957 0.043681 0.038881 0.03403 0.028852 0.023348 0.017748 0.012019 0.0061606
85 0.079717 0.078263 0.076185 0.073919 0.071512 0.068879 0.06602 0.06311 0.059667 0.056225 0.052372 0.048109 0.043845 0.039087 0.034281 0.029092 0.023522 0.017873 0.01212 0.0062025
86 0.079137 0.077897 0.075682 0.073519 0.071395 0.068926 0.066112 0.063244 0.059819 0.056395 0.052574 0.048357 0.044141 0.039293 0.034385 0.029147 0.02358 0.017946 0.012221 0.0062314
87 0.079035 0.077467 0.075021 0.07294 0.071134 0.068851 0.066093 0.06328 0.059904 0.056528 0.052761 0.048602 0.044444 0.039543 0.03457 0.029305 0.023747 0.018111 0.012371 0.0062921
88 0.077932 0.076734 0.07478 0.07282 0.070856 0.068561 0.065938 0.063258 0.059998 0.056737 0.053042 0.04891 0.044778 0.039865 0.034876 0.029598 0.024032 0.018362 0.012554 0.006369
89 0.077096 0.07583 0.074492 0.072703 0.070575 0.068276 0.065807 0.063276 0.060099 0.056922 0.053286 0.049193 0.0451 0.040203 0.035229 0.029954 0.024378 0.018625 0.012639 0.006317
90 0.07651 0.075471 0.07421 0.072587 0.070692 0.068479 0.065947 0.063351 0.060087 0.056823 0.053187 0.049179 0.045171 0.040357 0.035465 0.030235 0.024667 0.01882 0.012602 0.0061587
91 0.075463 0.075071 0.073741 0.072248 0.070634 0.06854 0.065967 0.063333 0.060078 0.056824 0.053246 0.049345 0.045445 0.040669 0.035808 0.030559 0.024921 0.019027 0.012791 0.0062905
92 0.074605 0.07439 0.073252 0.071924 0.070452 0.068423 0.065836 0.063204 0.060106 0.057007 0.053537 0.049694 0.045851 0.041041 0.036137 0.030812 0.025067 0.019153 0.013017 0.0064934
93 0.073728 0.073336 0.072412 0.071304 0.070057 0.068168 0.065637 0.063073 0.060164 0.057254 0.053902 0.050106 0.046311 0.041494 0.036579 0.031228 0.025442 0.019521 0.013421 0.0068615
94 0.072548 0.0728 0.071574 0.070538 0.069645 0.067982 0.065548 0.063084 0.060308 0.057532 0.054245 0.050449 0.046653 0.041842 0.036933 0.031581 0.025787 0.019879 0.013822 0.0072513
95 0.071843 0.072432 0.070932 0.069957 0.069378 0.067927 0.065605 0.063246 0.060513 0.057779 0.054526 0.050753 0.046981 0.04209 0.037091 0.031755 0.026083 0.020131 0.013807 0.0071689
96 0.071952 0.072253 0.070798 0.069791 0.069121 0.067701 0.065531 0.063309 0.060537 0.057766 0.05454 0.05086 0.047179 0.042202 0.0371 0.031813 0.026342 0.020377 0.013756 0.0070693
97 0.071853 0.071549 0.070096 0.06914 0.068557 0.067297 0.065362 0.063354 0.060594 0.057834 0.054656 0.051059 0.047461 0.0426 0.037616 0.032281 0.026593 0.020641 0.014336 0.0071222
98 0.071539 0.070994 0.069171 0.068293 0.068127 0.06717 0.065423 0.063583 0.060779 0.057975 0.054788 0.051218 0.047649 0.04294 0.03812 0.032731 0.026774 0.020791 0.014774 0.0071608
99 0.071079 0.070407 0.068332 0.067507 0.067623 0.066878 0.065273 0.063585 0.061037 0.058488 0.055388 0.051736 0.048084 0.043252 0.038305 0.032946 0.027174 0.021081 0.01456 0.0072674
100 0.070465 0.070434 0.068226 0.067226 0.067133 0.066315 0.064772 0.063182 0.061091 0.059 0.056042 0.052216 0.048391 0.04341 0.038317 0.03302 0.027519 0.02139 0.014425 0.0074251
101 0.070531 0.069758 0.067557 0.066506 0.066319 0.065549 0.064194 0.062798 0.060975 0.059151 0.05635 0.052571 0.048791 0.043856 0.038808 0.033571 0.028143 0.021978 0.014829 0.0077649
102 0.070454 0.068674 0.066761 0.065837 0.065654 0.064985 0.063829 0.062626 0.060941 0.059256 0.056568 0.052877 0.049185 0.044294 0.039287 0.034111 0.028764 0.022574 0.015263 0.0080595
103 0.070198 0.067662 0.065998 0.06517 0.06497 0.064478 0.063695 0.062834 0.06116 0.059486 0.056852 0.053257 0.049663 0.044683 0.039569 0.034384 0.029126 0.022975 0.015635 0.0082036
104 0.069831 0.067599 0.06576 0.064738 0.064329 0.063936 0.063559 0.063058 0.06128 0.059501 0.056869 0.053384 0.049898 0.044922 0.039802 0.034616 0.029363 0.02324 0.015956 0.0083568
105 0.069292 0.067226 0.065589 0.064423 0.063612 0.063135 0.062991 0.062718 0.061107 0.059497 0.057009 0.053644 0.050279 0.045537 0.040663 0.03538 0.029688 0.023385 0.016269 0.0085547
106 0.068969 0.066503 0.065586 0.06434 0.062847 0.062117 0.062148 0.062057 0.060713 0.059369 0.057111 0.05394 0.050769 0.0462 0.041497 0.036162 0.030196 0.023793 0.016809 0.0088728
107 0.068777 0.06538 0.064683 0.06345 0.061815 0.061259 0.061783 0.062144 0.060815 0.059487 0.057378 0.054489 0.051599 0.046826 0.041871 0.036486 0.030672 0.024385 0.017468 0.0092317
108 0.068438 0.064455 0.063317 0.062028 0.060625 0.060454 0.061516 0.062359 0.060947 0.059535 0.057553 0.055002 0.05245 0.047579 0.042484 0.037083 0.031376 0.025104 0.01808 0.0096142
109 0.067679 0.063659 0.062413 0.061387 0.060525 0.060521 0.061375 0.062034 0.060674 0.059314 0.057468 0.055137 0.052805 0.048064 0.043089 0.037749 0.032041 0.025685 0.018467 0.0099129
110 0.068233 0.063438 0.06218 0.061359 0.060868 0.060757 0.061026 0.061155 0.05984 0.058526 0.056818 0.054718 0.052618 0.048075 0.043296 0.038185 0.032744 0.026562 0.019395 0.010205
111 0.068823 0.064147 0.062854 0.061949 0.061337 0.060724 0.060111 0.059459 0.058402 0.057344 0.055872 0.053988 0.052103 0.047862 0.043393 0.03868 0.033725 0.027859 0.020783 0.010584
112 0.069134 0.065905 0.06438 0.063138 0.062109 0.060793 0.059189 0.057669 0.057008 0.056347 0.055235 0.053672 0.052108 0.047806 0.043238 0.038516 0.033639 0.027956 0.021199 0.010959
113 0.070773 0.066882 0.06451 0.062908 0.061884 0.060668 0.05926 0.057905 0.057104 0.056302 0.055236 0.053904 0.052573 0.047708 0.042501 0.037473 0.032625 0.027263 0.021216 0.011307
114 0.073119 0.067129 0.063595 0.061656 0.060915 0.060045 0.059046 0.05804 0.056967 0.055894 0.054838 0.053798 0.052759 0.047673 0.042195 0.037281 0.032929 0.027966 0.022189 0.011965
115 0.074462 0.068296 0.064191 0.061876 0.060906 0.060242 0.059884 0.059348 0.056981 0.054614 0.053091 0.052412 0.051734 0.046744 0.041337 0.036784 0.033085 0.028572 0.022974 0.012469
