1 0 0 0 0 0 0 0 0 0 0 0 0 0 0 0 0 0 0 0 0
2 0 0 0 0 0 0 0 0 0 0 0 0 0 0 0 0 0 0 0 0
3 0 0 0 0 0 0 0 0 0 0 0 0 0 0 0 0 0 0 0 0
4 0 0 0 0 0 0 0 0 0 0 0 0 0 0 0 0 0 0 0 0
5 0 0 0 0 0 0 0 0 0 0 0 0 0 0 0 0 0 0 0 0
6 0 0 0 0 0 0 0 0 0 0 0 0 0 0 0 0 0 0 0 0
7 0 0 0 0 0 0 0 0 0 0 0 0 0 0 0 0 0 0 0 0
8 0 0 0 0 0 0 0 0 0 0 0 0 0 0 0 0 0 0 0 0
9 0 0 0 0 0 0 0 0 0 0 0 0 0 0 0 0 0 0 0 0
10 0 0 0 0 0 0 0 0 0 0 0 0 0 0 0 0 0 0 0 0
11 0 0 0 0 0 0 0 0 0 0 0 0 0 0 0 0 0 0 0 0
12 0 0 0 0 0 0 0 0 0 0 0 0 0 0 0 0 0 0 0 0
13 0 0 0 0 0 0 0 0 0 0 0 0 0 0 0 0 0 0 0 0
14 0 0 0 0 0 0 0 0 0 0 0 0 0 0 0 0 0 0 0 0
15 0 0 0 0 0 0 0 0 0 0 0 0 0 0 0 0 0 0 0 0
16 0.06944 0.059768 0.056879 0.055701 0.055807 0.056169 0.056787 0.057256 0.056189 0.055121 0.053433 0.051126 0.048819 0.046389 0.043948 0.041314 0.038486 0.036312 0.035012 0.026042
17 0.072495 0.065895 0.062584 0.060657 0.059769 0.059026 0.058427 0.057693 0.05556 0.053427 0.050944 0.048112 0.04528 0.04252 0.039767 0.037815 0.036666 0.034537 0.031106 0.02772
18 0.07511 0.070278 0.066544 0.064495 0.06371 0.062039 0.059481 0.056907 0.054157 0.051407 0.048632 0.045831 0.04303 0.040469 0.037931 0.035974 0.034598 0.032454 0.029288 0.027665
19 0.07577 0.072298 0.069888 0.067126 0.0641 0.061258 0.0586 0.055951 0.053377 0.050804 0.048208 0.045592 0.042975 0.040625 0.038301 0.035872 0.033339 0.030861 0.028458 0.026597
20 0.075472 0.073112 0.070066 0.067052 0.064062 0.061165 0.058361 0.055592 0.053178 0.050763 0.048292 0.045764 0.043236 0.040764 0.038297 0.035847 0.033413 0.030957 0.028474 0.026133
21 0.076928 0.073472 0.070502 0.067432 0.064288 0.061318 0.058525 0.055747 0.053138 0.050529 0.047939 0.045368 0.042796 0.040318 0.037849 0.035473 0.033189 0.030847 0.028426 0.025915
22 0.0776 0.074176 0.07101 0.067959 0.064995 0.061985 0.05893 0.055901 0.053139 0.050376 0.047651 0.044962 0.042273 0.039861 0.037476 0.035049 0.032581 0.030237 0.02806 0.025775
23 0.07841 0.075055 0.071538 0.068273 0.065199 0.062154 0.059138 0.056137 0.053287 0.050436 0.047639 0.044898 0.042157 0.039567 0.036992 0.034484 0.032043 0.029712 0.027527 0.025355
24 0.078923 0.075577 0.07217 0.06886 0.065622 0.062453 0.059352 0.056265 0.053325 0.050384 0.047525 0.044747 0.041969 0.039304 0.036649 0.034099 0.031655 0.029281 0.027004 0.024836
25 0.07949 0.076068 0.072715 0.069387 0.066077 0.062799 0.059553 0.056328 0.053322 0.050317 0.047407 0.044594 0.04178 0.039056 0.03634 0.033744 0.031266 0.028858 0.026541 0.024359
26 0.080242 0.076743 0.073175 0.069702 0.066301 0.062965 0.059693 0.056438 0.053355 0.050273 0.047307 0.044457 0.041607 0.038826 0.036052 0.033412 0.030907 0.028468 0.026118 0.023959
27 0.080756 0.077232 0.073603 0.070046 0.066543 0.06316 0.059898 0.056644 0.053463 0.050282 0.047222 0.044282 0.041343 0.038566 0.035806 0.033154 0.030611 0.028118 0.02569 0.02358
28 0.08111 0.077563 0.074014 0.070442 0.066854 0.063396 0.060067 0.056746 0.053509 0.050272 0.047173 0.044214 0.041254 0.038426 0.035612 0.032896 0.03028 0.027744 0.025318 0.02311
29 0.081626 0.078015 0.074355 0.070725 0.067118 0.063613 0.060211 0.056823 0.053579 0.050334 0.047195 0.044161 0.041128 0.038243 0.035372 0.032606 0.029943 0.027378 0.024942 0.022632
30 0.082165 0.07846 0.0747 0.071012 0.067378 0.063825 0.060353 0.056898 0.053618 0.050338 0.047157 0.044076 0.040995 0.038066 0.035152 0.03234 0.02963 0.027029 0.024572 0.022237
31 0.082682 0.07884 0.075045 0.07132 0.067646 0.064042 0.06051 0.056994 0.053653 0.050312 0.047082 0.043964 0.040845 0.037883 0.034936 0.032092 0.02935 0.026713 0.024216 0.021877
32 0.083156 0.079155 0.075374 0.071628 0.06791 0.06426 0.060678 0.057113 0.053716 0.050319 0.047035 0.043864 0.040693 0.037693 0.034709 0.031837 0.029078 0.02641 0.023861 0.021511
33 0.083578 0.079506 0.075698 0.071915 0.068151 0.064455 0.060825 0.057214 0.053803 0.050393 0.047067 0.043827 0.040588 0.037522 0.034474 0.031555 0.028765 0.026061 0.023471 0.021132
34 0.083797 0.079836 0.075993 0.072188 0.068412 0.064671 0.060963 0.05728 0.053844 0.050407 0.047039 0.04374 0.040441 0.037375 0.034332 0.031387 0.02854 0.025797 0.023189 0.020767
35 0.08419 0.08025 0.076368 0.072471 0.068563 0.064765 0.061076 0.057406 0.05394 0.050475 0.047062 0.043701 0.040341 0.037219 0.03412 0.031133 0.028259 0.02548 0.022829 0.020354
36 0.084541 0.080585 0.076607 0.072656 0.068727 0.0649 0.061176 0.057476 0.054025 0.050573 0.047138 0.04372 0.040301 0.037107 0.033935 0.030893 0.027984 0.025182 0.022522 0.019951
37 0.084907 0.080908 0.076794 0.072823 0.06896 0.065134 0.061346 0.057584 0.054091 0.050597 0.047128 0.043683 0.040238 0.036994 0.033769 0.030678 0.027721 0.024871 0.022161 0.019613
38 0.085236 0.081188 0.077023 0.073051 0.069223 0.065406 0.061601 0.057809 0.054166 0.050523 0.046986 0.043555 0.040125 0.036861 0.033613 0.03049 0.027491 0.024573 0.021763 0.019318
39 0.085059 0.081052 0.077235 0.073376 0.069486 0.065641 0.061841 0.058047 0.054312 0.050578 0.046986 0.043539 0.040091 0.036773 0.033467 0.030313 0.027311 0.024377 0.021533 0.018987
40 0.094681 0.089779 0.084838 0.079932 0.075053 0.070189 0.06534 0.060509 0.055863 0.051217 0.046613 0.042049 0.037486 0.033185 0.028909 0.024727 0.02064 0.016676 0.012878 0.0094371
41 0.09481 0.089882 0.084973 0.080053 0.075123 0.070252 0.065438 0.060636 0.055957 0.051277 0.046652 0.042083 0.037513 0.033152 0.028811 0.024587 0.020478 0.016491 0.012666 0.0091664
42 0.095077 0.089957 0.085023 0.080116 0.075231 0.070374 0.065544 0.060727 0.056027 0.051327 0.04668 0.042087 0.037493 0.033101 0.028729 0.024474 0.020336 0.01632 0.012466 0.0089125
43 0.094981 0.090062 0.085107 0.080207 0.075349 0.070501 0.065665 0.060838 0.056112 0.051386 0.046718 0.042108 0.037499 0.033077 0.028672 0.024384 0.020212 0.016162 0.012276 0.0086847
44 0.095013 0.090017 0.085113 0.080226 0.075352 0.070524 0.065742 0.060961 0.056198 0.051435 0.046757 0.042164 0.037571 0.033121 0.028685 0.024354 0.020129 0.01603 0.0121 0.0085057
45 0.094855 0.090002 0.085136 0.080266 0.075393 0.070582 0.065833 0.06108 0.056292 0.051505 0.046816 0.042226 0.037636 0.033154 0.028684 0.024314 0.020047 0.015907 0.011938 0.0083329
46 0.094825 0.089865 0.085037 0.08023 0.075438 0.070665 0.065913 0.061159 0.056388 0.051617 0.046926 0.042315 0.037704 0.033186 0.028676 0.024276 0.019985 0.015814 0.011804 0.0081756
47 0.094607 0.089788 0.085005 0.080243 0.075496 0.070748 0.066 0.061251 0.056491 0.05173 0.047031 0.042392 0.037753 0.033203 0.028661 0.02424 0.01994 0.015739 0.011671 0.0080099
48 0.094484 0.089654 0.084966 0.080243 0.075494 0.070764 0.066055 0.061342 0.056594 0.051846 0.047137 0.042466 0.037796 0.033224 0.028662 0.024233 0.019936 0.015704 0.011556 0.0078458
49 0.094298 0.08956 0.084934 0.080246 0.075512 0.070802 0.066118 0.061429 0.056688 0.051947 0.047231 0.042537 0.037844 0.033254 0.028675 0.024227 0.019913 0.015647 0.011448 0.0076908
50 0.094107 0.089418 0.08483 0.080191 0.075513 0.070842 0.066179 0.06151 0.056779 0.052048 0.047331 0.042628 0.037924 0.03332 0.028725 0.024251 0.019896 0.015594 0.011359 0.0075529
51 0.093878 0.089266 0.084744 0.08016 0.075532 0.07089 0.066235 0.061573 0.056852 0.05213 0.047417 0.042711 0.038006 0.033388 0.028778 0.024276 0.019883 0.01555 0.0113 0.0074305
52 0.093599 0.089027 0.08462 0.080117 0.075543 0.070931 0.066281 0.061625 0.05692 0.052215 0.047513 0.042814 0.038115 0.033483 0.028858 0.024327 0.019891 0.01553 0.011269 0.007324
53 0.093363 0.088845 0.084507 0.080068 0.075552 0.070967 0.066313 0.061656 0.056985 0.052314 0.047626 0.042921 0.038217 0.03357 0.028928 0.024372 0.019901 0.015502 0.011199 0.007196
54 0.093029 0.088651 0.084358 0.07998 0.075539 0.070991 0.066336 0.061683 0.057062 0.052441 0.047773 0.043058 0.038342 0.033679 0.029022 0.024439 0.019932 0.015488 0.011129 0.0070679
55 0.092725 0.088474 0.084224 0.079891 0.075496 0.070995 0.066389 0.061781 0.057161 0.052541 0.047875 0.043163 0.03845 0.033781 0.029117 0.024507 0.019951 0.015464 0.011067 0.0069474
56 0.09244 0.088251 0.084056 0.07977 0.075414 0.070974 0.066448 0.061912 0.057278 0.052644 0.047975 0.043273 0.03857 0.033899 0.029231 0.024592 0.019982 0.015447 0.011014 0.00683
57 0.092194 0.088037 0.083859 0.079605 0.075295 0.070918 0.066473 0.062014 0.057397 0.052781 0.048115 0.0434 0.038686 0.034004 0.029326 0.024672 0.020043 0.015471 0.010975 0.0067355
58 0.091817 0.087802 0.083631 0.079413 0.075158 0.070853 0.066498 0.062123 0.057535 0.052948 0.048288 0.043556 0.038825 0.034131 0.02944 0.024771 0.020122 0.015508 0.010941 0.0066407
59 0.09152 0.087601 0.083526 0.079364 0.075138 0.070861 0.066534 0.062184 0.057604 0.053025 0.04837 0.043641 0.038912 0.034217 0.029526 0.024844 0.020171 0.015522 0.010904 0.0065357
60 0.091068 0.087354 0.083413 0.079325 0.075127 0.070875 0.06657 0.062242 0.057674 0.053105 0.048461 0.043739 0.039018 0.034324 0.029633 0.024938 0.02024 0.015554 0.010884 0.0064543
61 0.090702 0.08704 0.083149 0.07911 0.074958 0.070752 0.066492 0.062213 0.057733 0.053253 0.048647 0.043917 0.039187 0.03449 0.029797 0.02509 0.020372 0.015656 0.010943 0.0065005
62 0.090153 0.086731 0.082883 0.078893 0.074796 0.070644 0.066435 0.062211 0.057817 0.053424 0.048857 0.044117 0.039377 0.034673 0.029973 0.025247 0.020496 0.015747 0.011 0.0065257
63 0.089754 0.086297 0.082556 0.078665 0.074661 0.070594 0.066465 0.062314 0.057934 0.053554 0.049007 0.044294 0.039581 0.034869 0.030157 0.025391 0.020573 0.01579 0.011052 0.0064914
64 0.089402 0.08582 0.082205 0.078427 0.074526 0.07055 0.066499 0.062421 0.058051 0.053681 0.049154 0.044469 0.039785 0.035063 0.030338 0.025542 0.020674 0.015851 0.011089 0.0064543
65 0.088973 0.085493 0.081956 0.078258 0.07444 0.070523 0.066509 0.062464 0.058104 0.053745 0.049243 0.044598 0.039954 0.035231 0.0305 0.0257 0.020829 0.015962 0.011101 0.0064168
66 0.088424 0.085179 0.081722 0.078106 0.074373 0.070519 0.066544 0.062536 0.058177 0.053819 0.04934 0.044741 0.040141 0.03541 0.030666 0.025844 0.020945 0.016032 0.011102 0.0063801
67 0.088005 0.084802 0.081453 0.077936 0.074293 0.070516 0.066606 0.062654 0.058272 0.05389 0.04943 0.044892 0.040354 0.035605 0.030835 0.025969 0.021004 0.016045 0.011092 0.0063481
68 0.087538 0.084375 0.081158 0.077741 0.074174 0.070473 0.066637 0.062753 0.058372 0.05399 0.049557 0.045072 0.040587 0.035819 0.031024 0.026123 0.021115 0.016107 0.011099 0.0062871
69 0.086906 0.083998 0.080957 0.077598 0.074001 0.070331 0.06659 0.062796 0.058468 0.05414 0.049746 0.045288 0.040829 0.036041 0.031221 0.026297 0.021269 0.016212 0.011116 0.0061954
70 0.086459 0.083565 0.080669 0.07738 0.073796 0.07018 0.066532 0.06283 0.058574 0.054318 0.049968 0.045525 0.041081 0.036265 0.031413 0.026462 0.021412 0.016306 0.011127 0.0061368
71 0.08596 0.083208 0.08028 0.077052 0.0736 0.070087 0.066514 0.062889 0.058715 0.054541 0.050229 0.04578 0.041331 0.03648 0.03159 0.026609 0.021538 0.016385 0.011125 0.0060887
72 0.08575 0.082716 0.079811 0.076683 0.073389 0.069985 0.066469 0.062903 0.058821 0.054739 0.050475 0.046029 0.041582 0.036703 0.031782 0.026769 0.021663 0.016478 0.011188 0.006064
73 0.084844 0.082159 0.079402 0.076436 0.073311 0.069996 0.066491 0.062942 0.058951 0.054959 0.050742 0.046301 0.041859 0.036953 0.032001 0.026949 0.021797 0.016581 0.011281 0.006045
74 0.084359 0.081547 0.078908 0.076062 0.07306 0.069851 0.066435 0.062977 0.059072 0.055167 0.050992 0.046545 0.042099 0.037206 0.03227 0.027209 0.022022 0.016749 0.01136 0.0061111
75 0.083712 0.081156 0.07851 0.075675 0.072697 0.069588 0.066346 0.063053 0.059219 0.055386 0.051238 0.046776 0.042313 0.037453 0.032555 0.027495 0.022274 0.016932 0.01143 0.0061898
76 0.082708 0.080673 0.078062 0.075312 0.072458 0.06946 0.066318 0.06312 0.059334 0.055548 0.051447 0.047032 0.042617 0.03777 0.032882 0.027801 0.022529 0.017132 0.011568 0.0062267
77 0.082054 0.080115 0.077574 0.074971 0.072322 0.069441 0.066327 0.063155 0.059386 0.055616 0.051565 0.047232 0.042899 0.038065 0.033182 0.02808 0.02276 0.017313 0.011698 0.0062454
78 0.081334 0.079629 0.077198 0.074687 0.072118 0.069311 0.066268 0.063167 0.059476 0.055786 0.051796 0.047505 0.043214 0.038355 0.033442 0.028305 0.022945 0.017464 0.01182 0.0061799
79 0.080083 0.07932 0.077006 0.074517 0.071894 0.069111 0.066167 0.063166 0.059582 0.055998 0.052074 0.047811 0.043548 0.038659 0.033709 0.028535 0.023135 0.017618 0.011944 0.0061246
80 0.079616 0.07887 0.076674 0.074272 0.071715 0.068993 0.066105 0.063162 0.059644 0.056126 0.052232 0.04796 0.043689 0.03887 0.033998 0.028818 0.023331 0.017742 0.012019 0.0061614
81 0.079753 0.078352 0.076261 0.073977 0.07155 0.068903 0.066036 0.063117 0.059656 0.056195 0.052327 0.04805 0.043773 0.039037 0.034256 0.029081 0.023512 0.017861 0.012103 0.0061989
82 0.079151 0.077909 0.075749 0.073579 0.071403 0.068908 0.066093 0.063225 0.059801 0.056377 0.052553 0.048328 0.044103 0.039276 0.034392 0.029164 0.023593 0.01795 0.012213 0.0062334
83 0.078998 0.077549 0.075163 0.073073 0.071205 0.068886 0.066115 0.063289 0.05989 0.056491 0.052712 0.048552 0.044391 0.039494 0.034526 0.029263 0.023705 0.018074 0.012344 0.0062825
84 0.078267 0.076832 0.074773 0.072797 0.070883 0.068604 0.065959 0.063258 0.059978 0.056698 0.052991 0.048856 0.044722 0.039813 0.034828 0.029552 0.023986 0.018321 0.012524 0.0063583
85 0.077212 0.075997 0.074537 0.072699 0.070578 0.06827 0.065776 0.063224 0.060069 0.056915 0.053286 0.049182 0.045078 0.040169 0.035183 0.029901 0.024324 0.018592 0.012653 0.0063553
86 0.076566 0.075451 0.074217 0.072582 0.070646 0.068424 0.065914 0.06334 0.060103 0.056865 0.053235 0.049211 0.045187 0.040354 0.035443 0.0302 0.024627 0.018798 0.01263 0.0062077
87 0.075688 0.075162 0.073844 0.072324 0.070651 0.068531 0.065965 0.063336 0.060058 0.05678 0.053188 0.04928 0.045373 0.040607 0.035757 0.030524 0.024908 0.019016 0.012754 0.0062534
88 0.074662 0.074486 0.073318 0.071965 0.070473 0.068439 0.065864 0.063241 0.060114 0.056986 0.053497 0.049644 0.045791 0.040989 0.036095 0.030787 0.025064 0.01915 0.012982 0.006454
89 0.073911 0.073528 0.07258 0.07142 0.070101 0.068171 0.065631 0.063056 0.060127 0.057198 0.053839 0.050048 0.046258 0.041442 0.036527 0.031177 0.02539 0.019463 0.013349 0.0067851
90 0.07271 0.072865 0.071714 0.070673 0.069714 0.068012 0.065566 0.063088 0.060288 0.057489 0.054193 0.0504 0.046608 0.041796 0.036886 0.031532 0.025736 0.01982 0.013745 0.0071675
91 0.071754 0.072419 0.070927 0.069963 0.069396 0.067942 0.065601 0.063227 0.060509 0.057791 0.05454 0.050754 0.046969 0.042098 0.037122 0.031775 0.026059 0.020107 0.013842 0.0072043
92 0.071819 0.072226 0.070774 0.069787 0.069148 0.067732 0.06554 0.063298 0.060544 0.05779 0.054564 0.050868 0.047172 0.042217 0.03714 0.03184 0.026316 0.020346 0.013781 0.0070981
93 0.071868 0.071602 0.07022 0.069257 0.068607 0.067302 0.06534 0.06331 0.060566 0.057823 0.054653 0.051055 0.047458 0.042566 0.03755 0.032226 0.026595 0.020635 0.014236 0.0071316
94 0.071509 0.071043 0.069312 0.068431 0.068186 0.067175 0.065397 0.06353 0.060745 0.057959 0.054781 0.051211 0.047641 0.042897 0.03804 0.032656 0.026746 0.020797 0.014798 0.0071456
95 0.071136 0.070327 0.068289 0.067509 0.067673 0.066953 0.065348 0.063653 0.061024 0.058396 0.055276 0.051664 0.048052 0.043255 0.038344 0.032973 0.027145 0.021066 0.014655 0.0072623
96 0.070399 0.070395 0.068228 0.067278 0.067241 0.066451 0.064906 0.063305 0.061119 0.058932 0.055948 0.052166 0.048385 0.043426 0.038353 0.033028 0.02745 0.021287 0.014346 0.0073559
97 0.070481 0.069891 0.067652 0.066591 0.066415 0.065637 0.064257 0.062836 0.060994 0.059153 0.056337 0.052546 0.048754 0.04381 0.038754 0.0335 0.028048 0.021881 0.014764 0.0076995
98 0.070377 0.068827 0.066868 0.065931 0.065761 0.065082 0.063894 0.062661 0.060955 0.059249 0.056544 0.052838 0.049133 0.044235 0.039222 0.034037 0.028681 0.022489 0.015185 0.0080308
99 0.070202 0.067599 0.065979 0.065198 0.065047 0.064548 0.0637 0.062782 0.061138 0.059493 0.056867 0.053259 0.049651 0.044689 0.039596 0.034405 0.029117 0.022943 0.015591 0.0081942
100 0.069826 0.067568 0.065778 0.06481 0.064458 0.064055 0.0636 0.063032 0.061286 0.059541 0.056912 0.053401 0.049889 0.044854 0.039672 0.034498 0.029333 0.023242 0.015915 0.0083292
101 0.069316 0.067264 0.065513 0.064377 0.063702 0.063283 0.06312 0.062826 0.061176 0.059527 0.05701 0.053626 0.050242 0.045446 0.040513 0.035252 0.029662 0.023394 0.016226 0.0085249
102 0.068823 0.066608 0.065552 0.064339 0.063007 0.062344 0.062351 0.062234 0.060842 0.059449 0.057126 0.053873 0.050621 0.046081 0.041416 0.036088 0.030096 0.023673 0.016676 0.0088011
103 0.068731 0.065455 0.064851 0.063643 0.061981 0.061369 0.061806 0.06209 0.060793 0.059495 0.057372 0.054424 0.051475 0.046751 0.041855 0.036478 0.030621 0.024296 0.017349 0.0091667
104 0.068444 0.064601 0.063572 0.062311 0.060874 0.060634 0.061592 0.062342 0.060944 0.059546 0.057539 0.054923 0.052307 0.04742 0.042314 0.036912 0.031215 0.024969 0.017991 0.0095486
105 0.067486 0.063617 0.062387 0.061335 0.060417 0.060445 0.061418 0.062185 0.060826 0.059468 0.0576 0.055223 0.052846 0.04807 0.043062 0.037698 0.031979 0.025628 0.018436 0.0098746
106 0.068011 0.063394 0.062152 0.061301 0.060743 0.060668 0.061076 0.061334 0.060033 0.058732 0.057019 0.054893 0.052767 0.048169 0.043332 0.038141 0.032597 0.026344 0.019146 0.010149
107 0.068699 0.063794 0.062552 0.061718 0.061191 0.060722 0.060312 0.05984 0.058739 0.057638 0.056126 0.054204 0.052281 0.047973 0.043435 0.038627 0.033549 0.027599 0.020486 0.010517
108 0.068979 0.065468 0.064005 0.062849 0.061923 0.060755 0.059347 0.057994 0.057205 0.056416 0.055223 0.053628 0.052033 0.047849 0.043414 0.038758 0.033881 0.028134 0.02123 0.010908
109 0.070133 0.06662 0.064468 0.062944 0.061891 0.060645 0.059205 0.057825 0.05707 0.056316 0.055252 0.053879 0.052506 0.047784 0.042737 0.037788 0.032936 0.027492 0.021262 0.011248
110 0.072567 0.067034 0.063765 0.061916 0.061134 0.060159 0.058991 0.057845 0.056931 0.056018 0.055016 0.053926 0.052836 0.047754 0.042286 0.037318 0.03285 0.027808 0.022003 0.011844
111 0.074173 0.067753 0.063805 0.061638 0.060808 0.060157 0.059684 0.059072 0.05701 0.054949 0.053545 0.052799 0.052052 0.047045 0.041625 0.036986 0.033127 0.028504 0.022861 0.012409
112 0.074914 0.070178 0.065446 0.062547 0.061024 0.06037 0.060584 0.060471 0.056973 0.053474 0.051603 0.051359 0.051116 0.04607 0.04056 0.036221 0.033055 0.028712 0.022801 0.012521
113 0.075578 0.072106 0.066187 0.063182 0.062365 0.061785 0.06144 0.060752 0.056516 0.052279 0.050277 0.05051 0.050743 0.045302 0.039311 0.03515 0.032819 0.028761 0.022401 0.012534
114 0.077361 0.072685 0.06544 0.062767 0.063529 0.063267 0.06198 0.060379 0.055529 0.050678 0.048666 0.049492 0.050318 0.04517 0.039444 0.035319 0.032794 0.028835 0.022965 0.013383
115 0.078143 0.071652 0.066107 0.063835 0.064022 0.063306 0.061686 0.05977 0.054794 0.049818 0.047808 0.048762 0.049717 0.045332 0.040432 0.036166 0.032536 0.028334 0.023371 0.014411
