1 0 0 0 0 0 0 0 0 0 0 0 0 0 0 0 0 0 0 0 0
2 0 0 0 0 0 0 0 0 0 0 0 0 0 0 0 0 0 0 0 0
3 0 0 0 0 0 0 0 0 0 0 0 0 0 0 0 0 0 0 0 0
4 0 0 0 0 0 0 0 0 0 0 0 0 0 0 0 0 0 0 0 0
5 0 0 0 0 0 0 0 0 0 0 0 0 0 0 0 0 0 0 0 0
6 0 0 0 0 0 0 0 0 0 0 0 0 0 0 0 0 0 0 0 0
7 0 0 0 0 0 0 0 0 0 0 0 0 0 0 0 0 0 0 0 0
8 0 0 0 0 0 0 0 0 0 0 0 0 0 0 0 0 0 0 0 0
9 0 0 0 0 0 0 0 0 0 0 0 0 0 0 0 0 0 0 0 0
10 0 0 0 0 0 0 0 0 0 0 0 0 0 0 0 0 0 0 0 0
11 0 0 0 0 0 0 0 0 0 0 0 0 0 0 0 0 0 0 0 0
12 0 0 0 0 0 0 0 0 0 0 0 0 0 0 0 0 0 0 0 0
13 0 0 0 0 0 0 0 0 0 0 0 0 0 0 0 0 0 0 0 0
14 0 0 0 0 0 0 0 0 0 0 0 0 0 0 0 0 0 0 0 0
15 0 0 0 0 0 0 0 0 0 0 0 0 0 0 0 0 0 0 0 0
16 0 0 0 0 0 0 0 0 0 0 0 0 0 0 0 0 0 0 0 0
17 0 0 0 0 0 0 0 0 0 0 0 0 0 0 0 0 0 0 0 0
18 0 0 0 0 0 0 0 0 0 0 0 0 0 0 0 0 0 0 0 0
19 0 0 0 0 0 0 0 0 0 0 0 0 0 0 0 0 0 0 0 0
20 0.068601 0.059133 0.056355 0.05527 0.055455 0.055897 0.056594 0.057142 0.056155 0.055168 0.053554 0.051313 0.049071 0.046692 0.0443 0.041703 0.038903 0.036761 0.035495 0.026437
21 0.069097 0.060849 0.057238 0.055975 0.056477 0.056915 0.057289 0.057534 0.056453 0.055371 0.053519 0.050895 0.048271 0.045747 0.043231 0.04074 0.038273 0.036018 0.034044 0.026064
22 0.074106 0.068742 0.065741 0.06355 0.061968 0.060457 0.059016 0.057456 0.054672 0.051889 0.049071 0.046219 0.043367 0.041041 0.038765 0.037033 0.035847 0.033483 0.029553 0.028023
23 0.076366 0.071977 0.068975 0.066415 0.064187 0.061646 0.058792 0.055965 0.053421 0.050878 0.048213 0.045427 0.042641 0.040347 0.0381 0.035928 0.033833 0.031414 0.028566 0.026908
24 0.075399 0.073075 0.070138 0.067047 0.06384 0.060981 0.05847 0.055947 0.053298 0.050649 0.048094 0.045632 0.043169 0.040797 0.038434 0.035964 0.033386 0.030872 0.028442 0.026366
25 0.075892 0.072897 0.070218 0.067273 0.064128 0.061184 0.058442 0.055722 0.053233 0.050743 0.048216 0.045652 0.043087 0.040599 0.038118 0.035699 0.033342 0.030956 0.028535 0.026063
26 0.077328 0.073978 0.070797 0.067659 0.064554 0.061563 0.058687 0.055828 0.053142 0.050457 0.047796 0.045162 0.042527 0.040085 0.037661 0.03526 0.032881 0.030538 0.028245 0.025852
27 0.077877 0.074514 0.071195 0.068142 0.065289 0.062276 0.059104 0.055968 0.0532 0.050432 0.047672 0.04492 0.042168 0.039676 0.037209 0.034745 0.032284 0.029952 0.027792 0.025583
28 0.078745 0.075434 0.071824 0.068446 0.065242 0.062158 0.059195 0.056238 0.053332 0.050427 0.047602 0.044858 0.042113 0.039466 0.036828 0.034292 0.031859 0.029514 0.027287 0.025142
29 0.079032 0.075665 0.072423 0.069172 0.065912 0.062679 0.059472 0.056286 0.053321 0.050355 0.047471 0.044668 0.041865 0.039186 0.03652 0.03396 0.031506 0.02911 0.026792 0.024605
30 0.079857 0.076396 0.07292 0.069518 0.066171 0.062866 0.059604 0.056361 0.053325 0.05029 0.047363 0.044545 0.041727 0.038964 0.036207 0.033584 0.031095 0.028677 0.026355 0.024176
31 0.080466 0.07696 0.073364 0.069853 0.066406 0.063052 0.05979 0.05654 0.053411 0.050282 0.047271 0.044376 0.041482 0.038706 0.035942 0.033299 0.030778 0.028312 0.025921 0.023792
32 0.080918 0.077384 0.073795 0.070232 0.066689 0.063271 0.059979 0.056693 0.053486 0.050279 0.047201 0.044252 0.041303 0.038502 0.035716 0.033033 0.030455 0.027942 0.025514 0.023357
33 0.081349 0.077774 0.07419 0.070594 0.066988 0.063504 0.06014 0.056786 0.05354 0.050294 0.047176 0.044185 0.041194 0.038339 0.035498 0.032756 0.030116 0.027565 0.025135 0.022878
34 0.081892 0.078241 0.07452 0.070858 0.067242 0.063716 0.060279 0.056859 0.053606 0.050354 0.047195 0.044129 0.041062 0.038152 0.035258 0.032468 0.029785 0.027204 0.02476 0.02242
35 0.082408 0.078655 0.074862 0.07115 0.0675 0.063923 0.06042 0.056934 0.053629 0.050324 0.047124 0.04403 0.040935 0.03799 0.035058 0.032225 0.029491 0.02687 0.024401 0.022071
36 0.082903 0.078978 0.075195 0.071464 0.067771 0.064147 0.060592 0.057053 0.05368 0.050307 0.04705 0.043909 0.040768 0.037793 0.034834 0.03198 0.029232 0.02658 0.024058 0.021708
37 0.083349 0.079316 0.075523 0.07176 0.068022 0.064351 0.060747 0.057162 0.053759 0.050356 0.047053 0.04385 0.040647 0.037615 0.034599 0.031704 0.028931 0.026246 0.023676 0.021335
38 0.083693 0.079669 0.075843 0.072048 0.068277 0.064558 0.060891 0.057245 0.053822 0.050398 0.047052 0.043784 0.040516 0.03745 0.034403 0.031472 0.028656 0.025933 0.023335 0.020957
39 0.083989 0.080045 0.076179 0.072336 0.06851 0.064739 0.061025 0.057333 0.053881 0.050429 0.047038 0.043709 0.04038 0.037292 0.034228 0.031264 0.028401 0.02564 0.023014 0.020565
40 0.093695 0.088934 0.083981 0.079085 0.074232 0.069492 0.064865 0.060237 0.055602 0.050967 0.046448 0.042044 0.03764 0.03353 0.029449 0.025454 0.021546 0.01777 0.014169 0.01086
41 0.094277 0.08914 0.08426 0.079362 0.07445 0.06964 0.064931 0.060231 0.055619 0.051007 0.046473 0.042018 0.037562 0.033391 0.029247 0.025213 0.021288 0.017492 0.013869 0.01053
42 0.09437 0.089376 0.084507 0.079607 0.074684 0.069829 0.065043 0.060273 0.05567 0.051067 0.046514 0.042011 0.037509 0.033298 0.029115 0.025041 0.021075 0.017236 0.013567 0.010208
43 0.094518 0.089561 0.084622 0.079732 0.074879 0.070025 0.06517 0.060337 0.055731 0.051124 0.046551 0.042009 0.037468 0.033245 0.029052 0.024938 0.020903 0.016994 0.013255 0.009887
44 0.094626 0.089725 0.084762 0.079865 0.075017 0.070158 0.065286 0.060436 0.055809 0.051182 0.046588 0.042027 0.037465 0.033199 0.028963 0.024806 0.020729 0.016778 0.012994 0.0095864
45 0.094687 0.089802 0.084884 0.079975 0.075075 0.070211 0.065385 0.060574 0.055914 0.051255 0.046643 0.042079 0.037515 0.033184 0.028875 0.024671 0.020573 0.016598 0.012785 0.0093137
46 0.094974 0.089902 0.084984 0.080073 0.075166 0.070303 0.065484 0.060677 0.055989 0.051301 0.046667 0.042087 0.037506 0.033131 0.028775 0.024536 0.020413 0.016412 0.012573 0.0090463
47 0.095016 0.089997 0.085053 0.080154 0.075289 0.070439 0.065604 0.060779 0.056071 0.051362 0.046705 0.042101 0.037497 0.03309 0.028702 0.024432 0.02028 0.016249 0.01238 0.0088008
48 0.09502 0.09003 0.0851 0.080208 0.075345 0.070508 0.065698 0.060894 0.056152 0.051409 0.046738 0.042137 0.037536 0.0331 0.028681 0.024373 0.020175 0.016102 0.012194 0.0086005
49 0.094888 0.090002 0.085122 0.080242 0.075362 0.070543 0.065785 0.061026 0.056247 0.051467 0.046784 0.042199 0.037613 0.03315 0.028699 0.024348 0.020097 0.015975 0.012024 0.0084265
50 0.094837 0.089933 0.085086 0.080246 0.075412 0.07062 0.06587 0.061117 0.056338 0.051559 0.046869 0.04227 0.037671 0.033172 0.028682 0.024298 0.02002 0.015865 0.011876 0.008259
51 0.094623 0.089816 0.085005 0.080226 0.075471 0.070716 0.065963 0.061208 0.056444 0.05168 0.046988 0.042367 0.037746 0.033209 0.028681 0.024265 0.019963 0.015776 0.011745 0.0081052
52 0.09457 0.089722 0.084983 0.08024 0.075492 0.070753 0.066024 0.061292 0.056538 0.051783 0.04708 0.042427 0.037773 0.033213 0.028662 0.024237 0.019938 0.015723 0.011617 0.0079321
53 0.094348 0.0896 0.084954 0.080249 0.075499 0.070778 0.066086 0.061389 0.056647 0.051905 0.047191 0.042506 0.03782 0.033238 0.028666 0.024231 0.019935 0.015687 0.011502 0.0077684
54 0.094282 0.08949 0.084881 0.080215 0.075507 0.070815 0.066141 0.061461 0.056726 0.05199 0.047273 0.042575 0.037878 0.033282 0.028696 0.024236 0.019903 0.01562 0.011405 0.0076246
55 0.093971 0.089369 0.084797 0.080178 0.075526 0.070872 0.066218 0.061558 0.056827 0.052096 0.047376 0.042666 0.037956 0.033344 0.028742 0.024254 0.019881 0.015563 0.011318 0.0074867
56 0.093788 0.089159 0.084687 0.08014 0.075536 0.070907 0.066253 0.061594 0.05688 0.052166 0.047458 0.042756 0.038053 0.033429 0.028812 0.024297 0.019884 0.015538 0.011284 0.0073791
57 0.093441 0.088964 0.084602 0.080128 0.075571 0.070965 0.066309 0.061649 0.05695 0.052251 0.047551 0.042852 0.038152 0.033513 0.02888 0.024337 0.019884 0.015508 0.011234 0.0072613
58 0.093241 0.088763 0.084443 0.08003 0.075547 0.070978 0.066322 0.061666 0.057017 0.052369 0.047689 0.04298 0.03827 0.033616 0.028967 0.024399 0.019912 0.015492 0.011163 0.007134
59 0.092853 0.088606 0.084324 0.079965 0.075546 0.071011 0.06636 0.061713 0.0571 0.052487 0.047821 0.043102 0.038384 0.033717 0.029054 0.024459 0.019932 0.015469 0.011092 0.0070057
60 0.092653 0.088381 0.084153 0.079839 0.075459 0.070984 0.066413 0.061836 0.057209 0.052582 0.047915 0.043207 0.038498 0.033829 0.029163 0.02454 0.01996 0.015451 0.011039 0.0068899
61 0.092321 0.088184 0.083997 0.079721 0.075379 0.070961 0.066467 0.061961 0.057328 0.052695 0.048025 0.043318 0.038611 0.033936 0.029263 0.024618 0.019999 0.015448 0.010988 0.0067806
62 0.092056 0.087944 0.083765 0.079524 0.075236 0.070889 0.066483 0.06206 0.057455 0.052851 0.048187 0.043465 0.038742 0.034055 0.029371 0.024711 0.020075 0.015484 0.010956 0.0066894
63 0.091734 0.087749 0.083599 0.079395 0.075151 0.070858 0.066516 0.062153 0.057566 0.052978 0.048318 0.043584 0.03885 0.034155 0.029464 0.02479 0.020132 0.015504 0.010916 0.0065868
64 0.091348 0.087511 0.083491 0.079359 0.075141 0.070872 0.066552 0.062209 0.057633 0.053057 0.048405 0.043679 0.038952 0.034258 0.029566 0.024878 0.020193 0.015527 0.010885 0.0064826
65 0.090915 0.08724 0.083322 0.079251 0.075065 0.070827 0.066537 0.062225 0.057693 0.053162 0.048533 0.043808 0.039082 0.034387 0.029696 0.024997 0.020291 0.015592 0.010905 0.0064718
66 0.090508 0.086911 0.083035 0.079013 0.074882 0.070697 0.066458 0.062201 0.057762 0.053323 0.048735 0.044 0.039264 0.034565 0.02987 0.025158 0.02043 0.0157 0.010967 0.0065206
67 0.090012 0.086574 0.082761 0.078805 0.074743 0.070623 0.066447 0.062251 0.057862 0.053472 0.048913 0.044185 0.039456 0.034749 0.030044 0.025301 0.020521 0.015757 0.011017 0.0065052
68 0.089594 0.086106 0.082415 0.078568 0.074606 0.070577 0.066482 0.062363 0.057986 0.05361 0.049071 0.04437 0.039669 0.034953 0.030235 0.025451 0.020601 0.015802 0.011071 0.0064699
69 0.089265 0.085701 0.082114 0.078366 0.074496 0.070542 0.066503 0.062436 0.058068 0.0537 0.049182 0.044515 0.039847 0.035125 0.030398 0.025601 0.020733 0.015892 0.011087 0.006432
70 0.088761 0.085371 0.081863 0.078197 0.074412 0.070519 0.066517 0.062484 0.058127 0.053769 0.049277 0.044651 0.040024 0.0353 0.030567 0.025765 0.020894 0.016007 0.011099 0.0063932
71 0.088259 0.085048 0.08163 0.078051 0.074351 0.070526 0.066575 0.062587 0.058214 0.053842 0.049369 0.044796 0.040222 0.035483 0.030728 0.025886 0.020959 0.016027 0.011088 0.0063599
72 0.087876 0.084653 0.081348 0.077871 0.074265 0.070519 0.066635 0.062706 0.058309 0.053912 0.049459 0.04495 0.040441 0.035683 0.030901 0.026013 0.021019 0.016038 0.011077 0.0063239
73 0.087327 0.084243 0.081095 0.077696 0.074109 0.070415 0.066616 0.062767 0.058406 0.054045 0.049627 0.045152 0.040677 0.0359 0.031095 0.026184 0.021169 0.016142 0.011097 0.0062385
74 0.086767 0.083843 0.080878 0.077539 0.07392 0.07026 0.066559 0.062805 0.058499 0.054194 0.049818 0.045371 0.040924 0.036126 0.031295 0.026362 0.021326 0.016248 0.011113 0.0061519
75 0.086279 0.083448 0.080529 0.077259 0.073725 0.070147 0.066527 0.062853 0.058629 0.054406 0.05007 0.045622 0.041174 0.036342 0.031474 0.02651 0.021453 0.016328 0.011115 0.0061082
76 0.085975 0.083052 0.0801 0.076894 0.073498 0.07003 0.066488 0.062894 0.058758 0.054621 0.050327 0.045875 0.041424 0.036559 0.031654 0.02666 0.021579 0.016413 0.011132 0.0060666
77 0.085471 0.08251 0.07966 0.076594 0.073365 0.069993 0.066475 0.062912 0.058866 0.05482 0.050574 0.046128 0.041682 0.036791 0.031857 0.026828 0.021703 0.016508 0.011218 0.0060478
78 0.084669 0.081896 0.079202 0.076305 0.073254 0.069977 0.066471 0.062927 0.05898 0.055033 0.05084 0.0464 0.041961 0.037053 0.0321 0.027041 0.021875 0.016639 0.011311 0.0060646
79 0.084219 0.081413 0.078762 0.075912 0.072912 0.069739 0.066392 0.062999 0.059122 0.055244 0.051078 0.046622 0.042167 0.03729 0.032372 0.027313 0.022114 0.016813 0.011378 0.0061392
80 0.083352 0.081004 0.078346 0.075506 0.072531 0.069462 0.066298 0.063077 0.059276 0.055475 0.051347 0.04689 0.042434 0.037583 0.032695 0.027628 0.022385 0.017018 0.011487 0.0062044
81 0.082469 0.08048 0.077888 0.075192 0.072418 0.069462 0.066325 0.063132 0.059348 0.055563 0.051481 0.0471 0.042718 0.037877 0.032992 0.027903 0.022612 0.017196 0.011614 0.0062298
82 0.08183 0.079882 0.077363 0.074821 0.072262 0.069432 0.06633 0.063171 0.059422 0.055673 0.051644 0.047336 0.043028 0.038185 0.033289 0.028172 0.022833 0.017371 0.011745 0.00621
83 0.080946 0.07954 0.077149 0.074637 0.072036 0.06923 0.066222 0.063157 0.059508 0.055858 0.051893 0.047612 0.043331 0.038459 0.03353 0.028378 0.023004 0.017511 0.011862 0.0061345
84 0.079932 0.07916 0.076898 0.074425 0.071794 0.069026 0.06612 0.063158 0.059607 0.056056 0.052146 0.047877 0.043608 0.038746 0.033826 0.028648 0.023209 0.017661 0.011968 0.0061354
85 0.079772 0.078704 0.076541 0.074178 0.071666 0.068967 0.066079 0.063138 0.059639 0.056139 0.05225 0.047972 0.043693 0.038914 0.034086 0.02891 0.023386 0.017769 0.012031 0.0061661
86 0.079576 0.078104 0.076048 0.07383 0.071489 0.068896 0.066053 0.063156 0.059716 0.056276 0.052428 0.048174 0.043919 0.039139 0.034308 0.029108 0.023537 0.017891 0.012144 0.0062092
87 0.079065 0.077838 0.075569 0.073422 0.071365 0.068934 0.066128 0.063268 0.059847 0.056426 0.052614 0.048409 0.044204 0.039335 0.034401 0.029152 0.023587 0.017957 0.012241 0.0062362
88 0.078994 0.077307 0.074933 0.072875 0.071055 0.068781 0.066051 0.063266 0.059916 0.056565 0.052813 0.048661 0.044508 0.039605 0.034629 0.029362 0.023804 0.018162 0.012408 0.006307
89 0.077682 0.076555 0.074735 0.072804 0.07079 0.068487 0.065896 0.063249 0.060017 0.056785 0.053106 0.048981 0.044856 0.039939 0.034946 0.029666 0.024099 0.018422 0.012597 0.0063866
90 0.076969 0.075606 0.074403 0.072701 0.070624 0.068342 0.065857 0.063309 0.06011 0.056912 0.053274 0.049198 0.045122 0.040243 0.035286 0.03002 0.024444 0.01867 0.01263 0.006281
91 0.076363 0.075443 0.07416 0.07256 0.070722 0.068528 0.065979 0.063364 0.060077 0.05679 0.053153 0.049166 0.045179 0.040387 0.035516 0.030298 0.024734 0.018864 0.012588 0.0061293
92 0.07512 0.074945 0.073655 0.072196 0.070611 0.068529 0.065951 0.063315 0.060093 0.056871 0.053316 0.049427 0.045538 0.040753 0.035882 0.030615 0.024953 0.019054 0.012841 0.0063356
93 0.074469 0.074218 0.073127 0.071838 0.070401 0.068387 0.065794 0.063161 0.060102 0.057042 0.053598 0.04977 0.045942 0.041124 0.036209 0.030869 0.025102 0.019191 0.013089 0.0065665
94 0.073461 0.073229 0.072237 0.071142 0.069972 0.068131 0.06562 0.063076 0.060195 0.057314 0.053975 0.050178 0.046382 0.041567 0.036653 0.031302 0.025514 0.019598 0.013508 0.0069481
95 0.072313 0.072694 0.071388 0.070368 0.069563 0.067954 0.065543 0.063102 0.060357 0.057613 0.054341 0.050543 0.046745 0.041931 0.037019 0.031664 0.025867 0.019937 0.013828 0.0072308
96 0.071874 0.072407 0.070915 0.069931 0.069329 0.067883 0.065592 0.063261 0.060518 0.057774 0.054526 0.050772 0.047019 0.042108 0.037086 0.031762 0.026135 0.02018 0.013788 0.0071412
97 0.072042 0.072181 0.070736 0.069718 0.069023 0.067609 0.065478 0.063289 0.060508 0.057726 0.054508 0.050852 0.047196 0.042241 0.037159 0.031879 0.026402 0.020461 0.013902 0.0070888
98 0.07179 0.071439 0.069903 0.068961 0.068467 0.067272 0.065376 0.063403 0.060632 0.057861 0.054679 0.051087 0.047495 0.042667 0.03772 0.032371 0.02662 0.020672 0.014462 0.0071225
99 0.07151 0.070868 0.068947 0.068087 0.068025 0.067143 0.065442 0.063643 0.060826 0.058008 0.054824 0.051272 0.04772 0.04301 0.038187 0.032812 0.026885 0.020869 0.014735 0.0071889
100 0.070932 0.070437 0.06833 0.067465 0.067533 0.06677 0.065176 0.063507 0.061057 0.058607 0.055536 0.051844 0.048152 0.043282 0.038298 0.032949 0.027236 0.021124 0.014481 0.0072837
101 0.070549 0.070361 0.068119 0.067073 0.066923 0.066085 0.064558 0.062992 0.06102 0.059049 0.056145 0.05231 0.048475 0.043512 0.03844 0.03316 0.027671 0.021531 0.014522 0.0075044
102 0.070525 0.069533 0.067391 0.066365 0.066177 0.065427 0.064113 0.062757 0.060963 0.059168 0.05639 0.052629 0.048868 0.043943 0.038905 0.033685 0.028281 0.022111 0.014921 0.0078462
103 0.070491 0.068391 0.066549 0.065654 0.06547 0.064825 0.063717 0.062563 0.060932 0.0593 0.056658 0.053006 0.049354 0.044438 0.0394 0.034214 0.02888 0.022691 0.015364 0.0081009
104 0.070111 0.067672 0.065967 0.065094 0.064846 0.064373 0.063677 0.062892 0.061193 0.059495 0.056858 0.053284 0.049709 0.044712 0.039578 0.034397 0.029171 0.02304 0.015705 0.0082266
105 0.069736 0.067553 0.065668 0.064594 0.064129 0.063759 0.063482 0.063073 0.061288 0.059502 0.056883 0.053429 0.049976 0.045052 0.039986 0.034778 0.029428 0.023266 0.016021 0.0083981
106 0.069171 0.067105 0.06562 0.064433 0.063472 0.062936 0.062828 0.062592 0.061037 0.059482 0.057036 0.053698 0.050361 0.045681 0.040872 0.035564 0.029758 0.023411 0.016343 0.0086019
107 0.068993 0.066237 0.065503 0.064235 0.062565 0.061794 0.061922 0.061927 0.060667 0.059407 0.05722 0.054106 0.050993 0.046374 0.04161 0.036259 0.030322 0.02394 0.016966 0.0089579
108 0.068741 0.065214 0.064418 0.063169 0.061581 0.061106 0.061744 0.062206 0.060853 0.059499 0.057415 0.054598 0.051782 0.046957 0.041937 0.036542 0.030772 0.02452 0.017627 0.0093181
109 0.068308 0.064173 0.062919 0.061613 0.060267 0.060204 0.061424 0.062412 0.061015 0.059619 0.057665 0.055155 0.052644 0.04779 0.042709 0.037308 0.031589 0.025285 0.018202 0.0096999
110 0.067827 0.063635 0.062384 0.0614 0.060616 0.060586 0.06131 0.061851 0.060501 0.059151 0.057341 0.055068 0.052796 0.048096 0.043162 0.037846 0.032149 0.025784 0.018529 0.0099668
111 0.068438 0.063439 0.062173 0.061401 0.060999 0.060827 0.060883 0.060823 0.059556 0.058289 0.056627 0.054571 0.052515 0.048036 0.043322 0.038298 0.032962 0.02685 0.019702 0.010289
112 0.06887 0.064499 0.063155 0.062176 0.061473 0.060701 0.059862 0.05901 0.058017 0.057025 0.055614 0.053783 0.051953 0.047791 0.043403 0.038796 0.03397 0.028166 0.021058 0.010677
113 0.069106 0.066256 0.06467 0.063325 0.06216 0.060785 0.059201 0.057695 0.057002 0.056308 0.055204 0.053689 0.052174 0.04775 0.043044 0.038257 0.033389 0.027779 0.021182 0.011025
114 0.071398 0.067054 0.064428 0.062748 0.061779 0.060618 0.059266 0.057958 0.057116 0.056274 0.055217 0.053945 0.052674 0.047657 0.042278 0.037194 0.032407 0.027177 0.02136 0.011451
115 0.073545 0.067022 0.063226 0.061307 0.060797 0.060133 0.059315 0.05845 0.057092 0.055733 0.054571 0.053605 0.052639 0.047561 0.042086 0.03724 0.033022 0.028149 0.022404 0.012104
