1 0 0 0 0 0 0 0 0 0 0 0 0 0 0 0 0 0 0 0 0
2 0 0 0 0 0 0 0 0 0 0 0 0 0 0 0 0 0 0 0 0
3 0 0 0 0 0 0 0 0 0 0 0 0 0 0 0 0 0 0 0 0
4 0 0 0 0 0 0 0 0 0 0 0 0 0 0 0 0 0 0 0 0
5 0 0 0 0 0 0 0 0 0 0 0 0 0 0 0 0 0 0 0 0
6 0 0 0 0 0 0 0 0 0 0 0 0 0 0 0 0 0 0 0 0
7 0 0 0 0 0 0 0 0 0 0 0 0 0 0 0 0 0 0 0 0
8 0 0 0 0 0 0 0 0 0 0 0 0 0 0 0 0 0 0 0 0
9 0 0 0 0 0 0 0 0 0 0 0 0 0 0 0 0 0 0 0 0
10 0 0 0 0 0 0 0 0 0 0 0 0 0 0 0 0 0 0 0 0
11 0 0 0 0 0 0 0 0 0 0 0 0 0 0 0 0 0 0 0 0
12 0 0 0 0 0 0 0 0 0 0 0 0 0 0 0 0 0 0 0 0
13 0 0 0 0 0 0 0 0 0 0 0 0 0 0 0 0 0 0 0 0
14 0 0 0 0 0 0 0 0 0 0 0 0 0 0 0 0 0 0 0 0
15 0 0 0 0 0 0 0 0 0 0 0 0 0 0 0 0 0 0 0 0
16 0 0 0 0 0 0 0 0 0 0 0 0 0 0 0 0 0 0 0 0
17 0 0 0 0 0 0 0 0 0 0 0 0 0 0 0 0 0 0 0 0
18 0 0 0 0 0 0 0 0 0 0 0 0 0 0 0 0 0 0 0 0
19 0 0 0 0 0 0 0 0 0 0 0 0 0 0 0 0 0 0 0 0
20 0 0 0 0 0 0 0 0 0 0 0 0 0 0 0 0 0 0 0 0
21 0 0 0 0 0 0 0 0 0 0 0 0 0 0 0 0 0 0 0 0
22 0 0 0 0 0 0 0 0 0 0 0 0 0 0 0 0 0 0 0 0
23 0.069383 0.059725 0.056843 0.055671 0.055783 0.05615 0.056774 0.057249 0.056186 0.055124 0.053442 0.051139 0.048836 0.04641 0.043973 0.041341 0.038514 0.036343 0.035045 0.02607
24 0.072279 0.065401 0.062262 0.060447 0.059627 0.058941 0.058391 0.057705 0.055621 0.053538 0.051086 0.048265 0.045444 0.042695 0.039953 0.037979 0.036774 0.03464 0.03127 0.027683
25 0.07483 0.070011 0.066488 0.064505 0.063678 0.062019 0.059527 0.057009 0.054219 0.05143 0.048642 0.045855 0.043069 0.040475 0.0379 0.035971 0.034687 0.032576 0.029365 0.027745
26 0.075765 0.072213 0.069821 0.067089 0.064101 0.061274 0.058608 0.055952 0.053381 0.05081 0.048214 0.045592 0.042969 0.040619 0.038295 0.035884 0.033386 0.030914 0.028478 0.026634
27 0.07544 0.073081 0.070004 0.06699 0.064024 0.061151 0.058371 0.055623 0.053195 0.050768 0.048294 0.045773 0.043252 0.040786 0.038325 0.035874 0.033434 0.030973 0.028485 0.026157
28 0.076808 0.073392 0.07045 0.067396 0.064257 0.061294 0.058509 0.05574 0.053143 0.050546 0.047966 0.045403 0.04284 0.04036 0.037889 0.035507 0.033217 0.030875 0.028464 0.025945
29 0.077544 0.074132 0.070971 0.067918 0.064948 0.061944 0.058907 0.055894 0.05314 0.050387 0.047668 0.044986 0.042303 0.03989 0.037504 0.03508 0.032618 0.030275 0.028091 0.025799
30 0.078336 0.074986 0.07149 0.068247 0.065194 0.062155 0.059131 0.056123 0.053282 0.05044 0.047648 0.044908 0.042168 0.039586 0.03702 0.034517 0.032075 0.029744 0.027561 0.025387
31 0.078883 0.075544 0.072125 0.068813 0.065582 0.062423 0.059336 0.056262 0.053327 0.050391 0.047537 0.044763 0.041989 0.039326 0.036674 0.034126 0.031682 0.029311 0.027037 0.024871
32 0.079427 0.076014 0.072678 0.069361 0.066059 0.062787 0.059545 0.056324 0.053324 0.050324 0.047417 0.044605 0.041793 0.039074 0.036363 0.033769 0.031293 0.028885 0.02657 0.024387
33 0.0802 0.076706 0.073143 0.069678 0.066285 0.062953 0.059682 0.056428 0.053352 0.050275 0.047315 0.04447 0.041626 0.038845 0.03607 0.03343 0.030927 0.028491 0.026144 0.023982
34 0.080713 0.077198 0.073573 0.070022 0.066526 0.06315 0.059892 0.056642 0.053465 0.050287 0.047229 0.044291 0.041352 0.038578 0.03582 0.033172 0.030632 0.02814 0.025711 0.023605
35 0.081083 0.077539 0.073988 0.070419 0.066837 0.063383 0.060059 0.056742 0.053509 0.050275 0.047179 0.04422 0.041262 0.038437 0.035625 0.032912 0.030298 0.027765 0.025338 0.023133
36 0.081597 0.07799 0.074338 0.070712 0.067105 0.063603 0.060205 0.056821 0.053577 0.050333 0.047195 0.044165 0.041135 0.038253 0.035385 0.03262 0.029959 0.027395 0.024959 0.022652
37 0.082141 0.078441 0.074685 0.071 0.067367 0.063816 0.060347 0.056895 0.053618 0.05034 0.047161 0.044081 0.041001 0.038074 0.035161 0.032351 0.029642 0.027042 0.024586 0.02225
38 0.082667 0.078833 0.075036 0.07131 0.067637 0.064035 0.060504 0.056989 0.053651 0.050312 0.047085 0.043968 0.04085 0.037889 0.034943 0.032099 0.029357 0.026721 0.024227 0.021888
39 0.083151 0.079152 0.075369 0.071623 0.067906 0.064256 0.060675 0.05711 0.053712 0.050315 0.047031 0.043862 0.040693 0.037695 0.034713 0.031843 0.029085 0.026417 0.02387 0.021519
40 0.092985 0.08794 0.083169 0.078458 0.073793 0.069137 0.064491 0.059856 0.055325 0.050795 0.046407 0.042163 0.037918 0.033906 0.029917 0.026028 0.02224 0.018582 0.015095 0.011796
41 0.093192 0.088359 0.083502 0.078717 0.073985 0.069304 0.064675 0.060049 0.055456 0.050864 0.046414 0.042107 0.037801 0.033753 0.029731 0.025799 0.021955 0.01824 0.014695 0.011403
42 0.093463 0.088751 0.083805 0.078935 0.074123 0.069414 0.06481 0.060204 0.055573 0.050942 0.04644 0.042068 0.037695 0.033614 0.02956 0.025587 0.021693 0.017931 0.014344 0.011047
43 0.094065 0.089017 0.084103 0.079209 0.074329 0.069557 0.064891 0.060229 0.055607 0.050985 0.046459 0.042031 0.037602 0.033462 0.02935 0.025336 0.021419 0.017633 0.014021 0.010697
44 0.094281 0.089245 0.084397 0.079499 0.074562 0.069722 0.064977 0.060245 0.055643 0.051041 0.046501 0.042022 0.037543 0.033343 0.02917 0.025117 0.021183 0.017378 0.013742 0.010388
45 0.094529 0.089449 0.084548 0.079655 0.074769 0.069916 0.065098 0.060299 0.055696 0.051092 0.04653 0.04201 0.037489 0.033272 0.029085 0.024991 0.020991 0.017117 0.013413 0.010049
46 0.094506 0.089643 0.084674 0.07979 0.07497 0.070117 0.065233 0.060372 0.055765 0.051158 0.046575 0.042016 0.037457 0.033227 0.029029 0.024896 0.020828 0.016887 0.013116 0.0097416
47 0.094656 0.089754 0.084815 0.079914 0.075042 0.070182 0.065334 0.060504 0.055862 0.05122 0.046617 0.042055 0.037493 0.033195 0.028923 0.024743 0.020655 0.016691 0.012893 0.0094531
48 0.094766 0.089857 0.084959 0.080043 0.075114 0.070244 0.065433 0.060635 0.055958 0.051281 0.046658 0.04209 0.037522 0.033163 0.028823 0.024599 0.020491 0.016505 0.01268 0.0091809
49 0.095047 0.089937 0.085008 0.080104 0.075219 0.070364 0.065538 0.060724 0.056026 0.051329 0.046685 0.042093 0.037502 0.033111 0.02874 0.024486 0.020349 0.016333 0.012479 0.0089261
50 0.094958 0.090053 0.085097 0.080199 0.075345 0.070498 0.06566 0.060833 0.05611 0.051387 0.046721 0.042111 0.037502 0.033081 0.028678 0.024391 0.020221 0.016173 0.012287 0.0086949
51 0.095014 0.090006 0.085101 0.080216 0.075346 0.070519 0.065736 0.060955 0.056195 0.051435 0.046759 0.042166 0.037573 0.033125 0.02869 0.024361 0.020137 0.01604 0.012111 0.0085155
52 0.094846 0.090003 0.085136 0.080264 0.075388 0.070576 0.065828 0.061076 0.056289 0.051501 0.046813 0.042225 0.037636 0.033157 0.028688 0.02432 0.020053 0.015915 0.011946 0.0083411
53 0.094822 0.089865 0.085036 0.080227 0.075431 0.070658 0.065908 0.061155 0.056384 0.051613 0.046923 0.042314 0.037705 0.033188 0.02868 0.024281 0.019991 0.015821 0.011812 0.0081836
54 0.094594 0.089795 0.085007 0.080243 0.075496 0.070748 0.065998 0.061248 0.056487 0.051726 0.047027 0.04239 0.037753 0.033204 0.028664 0.024243 0.019942 0.015742 0.011677 0.0080172
55 0.094491 0.08966 0.084966 0.080241 0.075492 0.070762 0.066051 0.061337 0.056589 0.051841 0.047132 0.042464 0.037795 0.033225 0.028663 0.024234 0.019938 0.015706 0.011562 0.007853
56 0.094301 0.089572 0.084943 0.080252 0.075513 0.070801 0.066115 0.061424 0.056683 0.051942 0.047225 0.042532 0.037839 0.033251 0.028672 0.024226 0.019913 0.015649 0.011451 0.007696
57 0.094131 0.089429 0.084837 0.080194 0.075512 0.070839 0.066175 0.061505 0.056773 0.052041 0.047324 0.042622 0.037919 0.033316 0.028722 0.024249 0.019896 0.015595 0.011362 0.0075579
58 0.0939 0.089289 0.084757 0.080167 0.075533 0.070888 0.066232 0.06157 0.056847 0.052124 0.047409 0.042703 0.037998 0.03338 0.028771 0.024271 0.01988 0.015549 0.011299 0.0074333
59 0.093639 0.089049 0.084632 0.080122 0.075544 0.070928 0.066277 0.06162 0.056914 0.052207 0.047504 0.042805 0.038106 0.033475 0.02885 0.024321 0.019887 0.015528 0.011268 0.0073268
60 0.093398 0.08887 0.084526 0.08008 0.075557 0.070968 0.066311 0.061653 0.056978 0.052303 0.047613 0.042909 0.038204 0.033559 0.028918 0.024363 0.019894 0.015498 0.011198 0.0071986
61 0.093083 0.088675 0.084376 0.079991 0.075543 0.07099 0.066333 0.061679 0.057054 0.052429 0.047759 0.043044 0.038329 0.033667 0.029011 0.02443 0.019925 0.015484 0.011128 0.0070705
62 0.092759 0.088506 0.084249 0.079909 0.075508 0.071 0.066386 0.061771 0.057151 0.05253 0.047863 0.04315 0.038436 0.033768 0.029104 0.024495 0.019943 0.015459 0.011065 0.0069488
63 0.092492 0.088284 0.08408 0.079787 0.075425 0.070977 0.066444 0.061901 0.057266 0.052631 0.047962 0.043259 0.038555 0.033884 0.029216 0.024579 0.019973 0.015442 0.011011 0.0068314
64 0.092234 0.088076 0.083891 0.07963 0.075312 0.070926 0.066473 0.062005 0.057385 0.052765 0.048097 0.043383 0.038668 0.033988 0.02931 0.024658 0.020031 0.015462 0.01097 0.0067352
65 0.091877 0.08784 0.083663 0.079437 0.075174 0.07086 0.066496 0.062112 0.057521 0.052929 0.048268 0.043537 0.038805 0.034112 0.029423 0.024756 0.020111 0.015501 0.010938 0.0066415
66 0.091581 0.087646 0.083555 0.079382 0.075149 0.070866 0.066532 0.062177 0.057594 0.053011 0.048355 0.043624 0.038893 0.034199 0.029508 0.024827 0.020157 0.015511 0.010898 0.006535
67 0.091142 0.087403 0.083445 0.079345 0.075139 0.07088 0.06657 0.062236 0.057664 0.053092 0.048444 0.043721 0.038998 0.034304 0.029613 0.024919 0.020223 0.01554 0.010875 0.0064478
68 0.090774 0.087094 0.083193 0.079143 0.07498 0.070765 0.066497 0.06221 0.057721 0.053232 0.048622 0.043891 0.039161 0.034464 0.029771 0.025067 0.020352 0.015639 0.010931 0.0064928
69 0.090239 0.086781 0.082921 0.07892 0.074813 0.070651 0.066435 0.062203 0.057805 0.053408 0.048837 0.044094 0.039351 0.034647 0.029948 0.025225 0.020479 0.015733 0.010989 0.006521
70 0.089837 0.08637 0.08261 0.078702 0.074683 0.070604 0.066463 0.062301 0.057917 0.053532 0.048982 0.044266 0.03955 0.034838 0.030127 0.025365 0.020553 0.015774 0.011039 0.0064859
71 0.089481 0.085892 0.082257 0.078461 0.074546 0.070558 0.066499 0.062412 0.058038 0.053663 0.049132 0.044443 0.039754 0.035033 0.030309 0.025515 0.020649 0.015831 0.011077 0.0064484
72 0.089066 0.085562 0.082008 0.078295 0.074461 0.070533 0.066509 0.062455 0.058091 0.053727 0.04922 0.044571 0.039922 0.035199 0.03047 0.02567 0.020802 0.01594 0.011088 0.0064107
73 0.088524 0.085252 0.081777 0.078145 0.074396 0.070528 0.066542 0.062523 0.058161 0.053799 0.049316 0.044711 0.040106 0.035375 0.030633 0.025815 0.020921 0.016014 0.011088 0.0063728
74 0.088095 0.084885 0.081515 0.077979 0.074319 0.070527 0.066604 0.062641 0.058255 0.05387 0.049405 0.04486 0.040316 0.035568 0.0308 0.025937 0.020979 0.016026 0.011078 0.0063406
75 0.087648 0.084456 0.081213 0.077781 0.074206 0.070493 0.066643 0.062745 0.058355 0.053964 0.049525 0.045036 0.040547 0.03578 0.030987 0.026089 0.021085 0.016083 0.011084 0.0062815
76 0.087024 0.084086 0.081017 0.077641 0.074035 0.070354 0.066596 0.062788 0.05845 0.054112 0.049712 0.045249 0.040786 0.035999 0.031181 0.02626 0.021236 0.016186 0.0111 0.0061897
77 0.086569 0.083648 0.080743 0.077437 0.073832 0.070198 0.066536 0.06282 0.058553 0.054286 0.04993 0.045484 0.041037 0.036224 0.031375 0.026427 0.021381 0.016281 0.011111 0.006129
78 0.086045 0.083301 0.080362 0.077117 0.073641 0.070109 0.066521 0.06288 0.058694 0.054508 0.050189 0.045737 0.041285 0.036436 0.031549 0.026572 0.021505 0.016359 0.011108 0.0060806
79 0.085867 0.082824 0.079893 0.07674 0.073421 0.069998 0.066472 0.062896 0.058801 0.054707 0.050435 0.045985 0.041535 0.036658 0.031739 0.026729 0.021629 0.01645 0.011167 0.0060543
80 0.085019 0.082273 0.079488 0.076493 0.073341 0.070007 0.066491 0.062931 0.058926 0.054921 0.050696 0.046251 0.041806 0.036901 0.031952 0.026905 0.021759 0.01655 0.011257 0.0060344
81 0.084475 0.081644 0.078991 0.07613 0.073113 0.069885 0.066446 0.062965 0.059049 0.055132 0.05095 0.046501 0.042052 0.037158 0.03222 0.027161 0.02198 0.016715 0.011338 0.0060969
82 0.083876 0.081258 0.078597 0.075747 0.072753 0.069622 0.066355 0.063038 0.059192 0.055346 0.05119 0.046725 0.04226 0.037399 0.032499 0.027442 0.022227 0.016894 0.011406 0.0061741
83 0.08285 0.080787 0.078155 0.075379 0.072494 0.069475 0.066321 0.063111 0.059316 0.055521 0.051411 0.046987 0.042563 0.037716 0.032828 0.027751 0.022485 0.017096 0.011542 0.0062135
84 0.082197 0.08024 0.077676 0.075044 0.072363 0.069458 0.066331 0.063146 0.059366 0.055587 0.051526 0.047183 0.04284 0.038005 0.033123 0.028025 0.022712 0.017274 0.011669 0.0062343
85 0.081501 0.079732 0.077275 0.074748 0.072168 0.069346 0.066283 0.063162 0.059456 0.05575 0.051748 0.047451 0.043154 0.038297 0.033386 0.028254 0.0229 0.017426 0.011792 0.0061697
86 0.08032 0.079429 0.077087 0.074579 0.071945 0.069146 0.06618 0.063158 0.059557 0.055955 0.052019 0.04775 0.043481 0.038593 0.033645 0.028475 0.023083 0.017576 0.011914 0.0061082
87 0.079694 0.078999 0.076777 0.074348 0.071764 0.069021 0.066119 0.063161 0.05963 0.056098 0.052194 0.047917 0.043641 0.038816 0.033938 0.02876 0.023282 0.017704 0.011991 0.0061462
88 0.079889 0.07849 0.076369 0.074057 0.0716 0.068931 0.066048 0.063113 0.059637 0.056162 0.052281 0.047997 0.043712 0.038974 0.034193 0.029021 0.023459 0.017817 0.012068 0.0061809
89 0.079295 0.078023 0.075864 0.073671 0.071453 0.068928 0.066097 0.063212 0.059776 0.056341 0.052506 0.048272 0.044038 0.039216 0.034337 0.029114 0.023547 0.017911 0.012181 0.006217
90 0.079103 0.077688 0.075304 0.073188 0.071273 0.06892 0.06613 0.063286 0.059873 0.05646 0.052666 0.048491 0.044316 0.039419 0.034453 0.029194 0.023644 0.018023 0.012306 0.0062629
91 0.078572 0.076992 0.074859 0.072852 0.070939 0.068646 0.065974 0.063247 0.059947 0.056647 0.052926 0.048785 0.044643 0.039734 0.034751 0.02948 0.023921 0.018266 0.012484 0.0063374
92 0.077402 0.076184 0.074641 0.072768 0.070648 0.068326 0.065802 0.06322 0.060046 0.056872 0.053228 0.049114 0.045 0.040088 0.035099 0.02982 0.024251 0.018533 0.012618 0.0063411
93 0.076749 0.075569 0.074323 0.072661 0.070685 0.068437 0.065917 0.063333 0.060089 0.056846 0.053205 0.049167 0.045129 0.040289 0.035372 0.030129 0.024561 0.018745 0.012599 0.006197
94 0.07594 0.07532 0.07399 0.072437 0.070718 0.068566 0.065979 0.06333 0.060027 0.056724 0.053114 0.049198 0.045282 0.040517 0.035671 0.030446 0.024843 0.018961 0.01271 0.006227
95 0.074844 0.074661 0.073452 0.072062 0.070537 0.068479 0.065888 0.063247 0.060094 0.056942 0.053433 0.049569 0.045705 0.040904 0.036013 0.030711 0.025 0.019096 0.012936 0.0064264
96 0.074134 0.073764 0.072769 0.071562 0.070196 0.068221 0.065638 0.063023 0.060074 0.057126 0.053753 0.049958 0.046162 0.041347 0.036434 0.031088 0.025311 0.019395 0.013294 0.0067493
97 0.072941 0.073018 0.071878 0.07081 0.069797 0.068054 0.065582 0.063079 0.060256 0.057433 0.054121 0.050322 0.046523 0.041709 0.036798 0.031448 0.025659 0.019752 0.013688 0.0071296
98 0.071925 0.072573 0.071095 0.070104 0.069479 0.06798 0.065609 0.063206 0.060477 0.057747 0.054482 0.050682 0.046882 0.042014 0.037043 0.031698 0.02598 0.020038 0.0138 0.0071836
99 0.071961 0.072374 0.070894 0.069887 0.069235 0.067796 0.065568 0.063293 0.060526 0.057758 0.054518 0.050804 0.04709 0.042137 0.037065 0.031764 0.026236 0.020275 0.01374 0.0070782
100 0.072049 0.071842 0.070417 0.069399 0.068688 0.067335 0.06534 0.063279 0.060525 0.057771 0.054589 0.050981 0.047373 0.042473 0.037447 0.032129 0.026519 0.02057 0.014169 0.0071067
101 0.071688 0.071225 0.069509 0.068596 0.068286 0.067223 0.065408 0.063506 0.060709 0.057911 0.054721 0.051139 0.047556 0.0428 0.037931 0.032553 0.026667 0.020729 0.014724 0.0071196
102 0.07136 0.070514 0.068409 0.067599 0.067762 0.067028 0.065397 0.063674 0.060997 0.05832 0.055177 0.051568 0.047958 0.043168 0.038264 0.032894 0.02706 0.020994 0.01462 0.0072343
103 0.070644 0.070521 0.068343 0.067388 0.067351 0.066546 0.064973 0.06334 0.061098 0.058855 0.055845 0.052066 0.048287 0.043336 0.038272 0.032946 0.027359 0.021207 0.014303 0.0073184
104 0.070633 0.070114 0.067822 0.066726 0.066528 0.06572 0.064302 0.062845 0.060976 0.059108 0.05627 0.052463 0.048656 0.043707 0.038647 0.033393 0.027943 0.021789 0.014699 0.0076585
105 0.070538 0.069079 0.06706 0.066082 0.065887 0.065175 0.063946 0.062671 0.060935 0.059198 0.056469 0.052745 0.049022 0.044119 0.039102 0.033917 0.028565 0.022387 0.015111 0.0079918
106 0.070402 0.067725 0.0661 0.065315 0.065162 0.064634 0.063732 0.062764 0.061111 0.059458 0.056818 0.053192 0.049566 0.044604 0.039513 0.034322 0.029031 0.022863 0.015528 0.0081614
107 0.070017 0.067707 0.065913 0.064941 0.064588 0.064154 0.063638 0.063013 0.061257 0.059502 0.056859 0.053327 0.049795 0.04476 0.039581 0.034409 0.029245 0.023159 0.015846 0.0082892
108 0.069555 0.067465 0.065618 0.064463 0.063826 0.063407 0.063205 0.062872 0.061182 0.059493 0.056945 0.053538 0.050132 0.045318 0.040367 0.035113 0.029555 0.02331 0.016153 0.0084825
109 0.068952 0.066846 0.065679 0.064445 0.06316 0.062499 0.062462 0.062301 0.060861 0.059422 0.057063 0.053784 0.050506 0.045954 0.04128 0.035949 0.029963 0.023552 0.016577 0.0087466
110 0.068926 0.065678 0.065089 0.063859 0.062148 0.061477 0.061845 0.062066 0.060757 0.059447 0.0573 0.054315 0.051331 0.046615 0.041733 0.036362 0.030502 0.024183 0.017253 0.0091136
111 0.068672 0.064863 0.063855 0.06257 0.061076 0.060768 0.061646 0.062323 0.060912 0.059502 0.057466 0.054806 0.052146 0.047249 0.042137 0.036739 0.031057 0.024833 0.01789 0.0094893
112 0.067768 0.063763 0.06251 0.061417 0.060444 0.060459 0.061462 0.062254 0.060868 0.059483 0.057584 0.055172 0.05276 0.047968 0.042945 0.037576 0.031861 0.025523 0.018357 0.0098262
113 0.06812 0.063566 0.0623 0.061402 0.060781 0.060693 0.061138 0.061426 0.060096 0.058765 0.057023 0.054869 0.052716 0.048092 0.043229 0.038017 0.032456 0.0262 0.01902 0.010093
114 0.068902 0.063805 0.062564 0.061739 0.061228 0.060797 0.060447 0.060027 0.058872 0.057717 0.056158 0.054195 0.052233 0.047893 0.043324 0.038489 0.033388 0.027432 0.020338 0.010453
115 0.069191 0.065455 0.063994 0.062851 0.061947 0.060829 0.059497 0.058208 0.057349 0.05649 0.055226 0.053558 0.05189 0.047724 0.043317 0.038673 0.033794 0.028041 0.021127 0.010839
