1 0 0 0 0 0 0 0 0 0 0 0 0 0 0 0 0 0 0 0 0
2 0 0 0 0 0 0 0 0 0 0 0 0 0 0 0 0 0 0 0 0
3 0 0 0 0 0 0 0 0 0 0 0 0 0 0 0 0 0 0 0 0
4 0 0 0 0 0 0 0 0 0 0 0 0 0 0 0 0 0 0 0 0
5 0 0 0 0 0 0 0 0 0 0 0 0 0 0 0 0 0 0 0 0
6 0 0 0 0 0 0 0 0 0 0 0 0 0 0 0 0 0 0 0 0
7 0 0 0 0 0 0 0 0 0 0 0 0 0 0 0 0 0 0 0 0
8 0 0 0 0 0 0 0 0 0 0 0 0 0 0 0 0 0 0 0 0
9 0 0 0 0 0 0 0 0 0 0 0 0 0 0 0 0 0 0 0 0
10 0 0 0 0 0 0 0 0 0 0 0 0 0 0 0 0 0 0 0 0
11 0 0 0 0 0 0 0 0 0 0 0 0 0 0 0 0 0 0 0 0
12 0 0 0 0 0 0 0 0 0 0 0 0 0 0 0 0 0 0 0 0
13 0 0 0 0 0 0 0 0 0 0 0 0 0 0 0 0 0 0 0 0
14 0 0 0 0 0 0 0 0 0 0 0 0 0 0 0 0 0 0 0 0
15 0 0 0 0 0 0 0 0 0 0 0 0 0 0 0 0 0 0 0 0
16 0 0 0 0 0 0 0 0 0 0 0 0 0 0 0 0 0 0 0 0
17 0 0 0 0 0 0 0 0 0 0 0 0 0 0 0 0 0 0 0 0
18 0 0 0 0 0 0 0 0 0 0 0 0 0 0 0 0 0 0 0 0
19 0 0 0 0 0 0 0 0 0 0 0 0 0 0 0 0 0 0 0 0
20 0 0 0 0 0 0 0 0 0 0 0 0 0 0 0 0 0 0 0 0
21 0 0 0 0 0 0 0 0 0 0 0 0 0 0 0 0 0 0 0 0
22 0 0 0 0 0 0 0 0 0 0 0 0 0 0 0 0 0 0 0 0
23 0 0 0 0 0 0 0 0 0 0 0 0 0 0 0 0 0 0 0 0
24 0 0 0 0 0 0 0 0 0 0 0 0 0 0 0 0 0 0 0 0
25 0 0 0 0 0 0 0 0 0 0 0 0 0 0 0 0 0 0 0 0
26 0 0 0 0 0 0 0 0 0 0 0 0 0 0 0 0 0 0 0 0
27 0 0 0 0 0 0 0 0 0 0 0 0 0 0 0 0 0 0 0 0
28 0 0 0 0 0 0 0 0 0 0 0 0 0 0 0 0 0 0 0 0
29 0 0 0 0 0 0 0 0 0 0 0 0 0 0 0 0 0 0 0 0
30 0 0 0 0 0 0 0 0 0 0 0 0 0 0 0 0 0 0 0 0
31 0 0 0 0 0 0 0 0 0 0 0 0 0 0 0 0 0 0 0 0
32 0 0 0 0 0 0 0 0 0 0 0 0 0 0 0 0 0 0 0 0
33 0 0 0 0 0 0 0 0 0 0 0 0 0 0 0 0 0 0 0 0
34 0.069279 0.059646 0.056778 0.055618 0.055739 0.056117 0.05675 0.057234 0.056182 0.05513 0.053457 0.051162 0.048867 0.046448 0.044016 0.041389 0.038566 0.036399 0.035105 0.026119
35 0.071866 0.064431 0.061631 0.060037 0.059349 0.058777 0.05832 0.057729 0.055744 0.053759 0.051366 0.048566 0.045765 0.043038 0.040318 0.038299 0.036981 0.034836 0.03159 0.027601
36 0.074293 0.0695 0.066378 0.06452 0.063612 0.061974 0.059607 0.057196 0.054329 0.051462 0.048649 0.04589 0.043131 0.040504 0.037889 0.03601 0.034869 0.032801 0.0295 0.027887
37 0.075772 0.072131 0.069719 0.067018 0.0641 0.061301 0.058619 0.055948 0.053382 0.050815 0.048216 0.045583 0.042951 0.0406 0.038276 0.035898 0.033466 0.031005 0.028507 0.026695
38 0.075391 0.073033 0.069897 0.066882 0.063959 0.061129 0.058392 0.055681 0.053228 0.050775 0.048294 0.045786 0.043278 0.040822 0.038371 0.03592 0.033469 0.030998 0.0285 0.026197
39 0.076602 0.073256 0.070366 0.067338 0.064208 0.061256 0.058484 0.05573 0.053154 0.050577 0.048012 0.045458 0.042904 0.040424 0.037951 0.035564 0.033264 0.030924 0.02853 0.025996
40 0.083319 0.082074 0.077706 0.072882 0.067716 0.063717 0.060887 0.057942 0.053815 0.049687 0.046038 0.042867 0.039697 0.036878 0.034093 0.031432 0.028895 0.026304 0.023642 0.020409
41 0.083702 0.083157 0.078686 0.074101 0.06943 0.065305 0.061727 0.058105 0.054024 0.049944 0.046233 0.042892 0.039551 0.036493 0.033463 0.030498 0.027598 0.024695 0.021789 0.018609
42 0.085512 0.084007 0.079193 0.074638 0.070276 0.066134 0.062212 0.058272 0.054157 0.050042 0.046255 0.042795 0.039335 0.03613 0.03295 0.029799 0.026678 0.023602 0.020587 0.017426
43 0.086581 0.085407 0.07992 0.075136 0.070881 0.066709 0.062623 0.05853 0.054378 0.050225 0.04632 0.042663 0.039006 0.035664 0.032351 0.029051 0.025763 0.022619 0.019666 0.016507
44 0.088079 0.085891 0.080294 0.075468 0.071221 0.067031 0.062898 0.05876 0.054584 0.050408 0.046416 0.042609 0.038801 0.035343 0.03192 0.028514 0.025128 0.021915 0.018935 0.015783
45 0.089056 0.085221 0.080546 0.075992 0.071528 0.067288 0.063272 0.059238 0.055022 0.050807 0.04671 0.042733 0.038756 0.035116 0.031508 0.028012 0.024629 0.021341 0.01818 0.015044
46 0.089133 0.085233 0.080943 0.076501 0.071944 0.06764 0.063588 0.059521 0.055284 0.051046 0.046889 0.042812 0.038734 0.034957 0.031209 0.027616 0.02418 0.020818 0.017556 0.014395
47 0.089669 0.086138 0.081544 0.077 0.072492 0.068086 0.063784 0.059487 0.055251 0.051015 0.046845 0.042739 0.038634 0.034755 0.030898 0.027193 0.02364 0.020205 0.016926 0.013699
48 0.091413 0.086659 0.081943 0.077343 0.072829 0.068337 0.063866 0.059415 0.055158 0.050902 0.046707 0.042575 0.038443 0.034511 0.030598 0.026828 0.023202 0.019717 0.016422 0.013132
49 0.091611 0.08713 0.082454 0.077823 0.073225 0.068633 0.064048 0.059486 0.055171 0.050856 0.046613 0.042441 0.038268 0.034311 0.030375 0.026568 0.02289 0.019366 0.016045 0.012686
50 0.092368 0.087505 0.082814 0.078151 0.07351 0.068872 0.064237 0.059622 0.055218 0.050815 0.046509 0.042302 0.038095 0.034113 0.030152 0.026306 0.022575 0.01899 0.0156 0.012247
51 0.092899 0.087855 0.083102 0.078406 0.073752 0.069106 0.064468 0.059842 0.055325 0.050809 0.046431 0.042191 0.037952 0.033942 0.029955 0.026069 0.022284 0.018628 0.015144 0.011839
52 0.093083 0.088271 0.083435 0.078669 0.073955 0.069285 0.064661 0.06004 0.055456 0.050872 0.046431 0.042133 0.037834 0.03379 0.029771 0.02584 0.022 0.018286 0.014741 0.011446
53 0.093397 0.088666 0.083739 0.078888 0.074092 0.069394 0.064796 0.060195 0.055572 0.050949 0.046455 0.04209 0.037725 0.033647 0.029596 0.025625 0.021733 0.017972 0.014385 0.011085
54 0.093926 0.088957 0.084046 0.079161 0.074296 0.069537 0.064885 0.060236 0.055616 0.050996 0.046475 0.042053 0.03763 0.033495 0.029388 0.025376 0.021459 0.017672 0.014059 0.010733
55 0.094225 0.08918 0.084336 0.079448 0.074525 0.069698 0.064967 0.060247 0.055648 0.051049 0.046513 0.04204 0.037567 0.033372 0.029204 0.025153 0.021219 0.017413 0.013776 0.010421
56 0.094482 0.08939 0.084506 0.079621 0.074735 0.069889 0.065084 0.060296 0.055697 0.051098 0.046541 0.042026 0.03751 0.033295 0.029109 0.025017 0.021021 0.017151 0.013449 0.010083
57 0.094483 0.089583 0.084629 0.079753 0.074934 0.070089 0.065216 0.060368 0.055765 0.051162 0.046584 0.04203 0.037476 0.033248 0.029052 0.024922 0.020858 0.016921 0.013151 0.0097758
58 0.094618 0.089714 0.084778 0.079885 0.075025 0.070171 0.065323 0.060494 0.055858 0.051222 0.046624 0.042064 0.037503 0.033211 0.028945 0.024768 0.020681 0.016717 0.012918 0.0094808
59 0.094712 0.089789 0.084896 0.079993 0.075081 0.070223 0.06542 0.060628 0.055961 0.051293 0.046678 0.042115 0.037553 0.033194 0.028856 0.024632 0.020523 0.016536 0.012709 0.0092103
60 0.095 0.089905 0.084984 0.080084 0.0752 0.070348 0.065527 0.060718 0.056025 0.051332 0.046691 0.042103 0.037515 0.033127 0.028758 0.024506 0.02037 0.016355 0.012501 0.0089498
61 0.094919 0.090021 0.085074 0.080185 0.07534 0.070497 0.065656 0.060826 0.056109 0.051392 0.046728 0.042117 0.037507 0.033088 0.028688 0.024404 0.020237 0.016192 0.012307 0.0087133
62 0.095017 0.089987 0.085083 0.080201 0.075336 0.070511 0.065725 0.060943 0.056189 0.051435 0.046761 0.042168 0.037575 0.033129 0.028698 0.024372 0.020151 0.016057 0.01213 0.0085325
63 0.094829 0.090006 0.085137 0.080261 0.075379 0.070565 0.065819 0.06107 0.056282 0.051495 0.046808 0.042222 0.037637 0.03316 0.028695 0.024329 0.020064 0.015927 0.01196 0.0083556
64 0.094807 0.089867 0.085037 0.080223 0.075422 0.070647 0.065899 0.061149 0.056378 0.051607 0.046918 0.042312 0.037705 0.033192 0.028687 0.02429 0.020001 0.015833 0.011826 0.0081978
65 0.094571 0.089808 0.08501 0.080242 0.075497 0.070748 0.065995 0.061241 0.05648 0.051718 0.047021 0.042387 0.037753 0.033206 0.028667 0.024246 0.019945 0.015747 0.011688 0.0080304
66 0.094503 0.089669 0.084966 0.080237 0.07549 0.070759 0.066045 0.061328 0.056579 0.051831 0.047124 0.042459 0.037794 0.033225 0.028666 0.024237 0.01994 0.015711 0.011572 0.0078658
67 0.094305 0.089593 0.084959 0.080261 0.075515 0.070798 0.06611 0.061417 0.056675 0.051933 0.047216 0.042524 0.037832 0.033244 0.028667 0.024223 0.019914 0.015653 0.011457 0.0077055
68 0.094173 0.089446 0.08485 0.0802 0.075512 0.070834 0.066167 0.061495 0.056762 0.05203 0.047313 0.042611 0.03791 0.033308 0.028716 0.024245 0.019896 0.015598 0.011368 0.0075671
69 0.093936 0.089327 0.084779 0.080177 0.075536 0.070886 0.066227 0.061563 0.056838 0.052112 0.047396 0.04269 0.037983 0.033367 0.02876 0.024263 0.019875 0.015547 0.011299 0.0074388
70 0.093705 0.089085 0.084651 0.08013 0.075544 0.070923 0.06627 0.061612 0.056903 0.052194 0.047489 0.042789 0.03809 0.03346 0.028837 0.024311 0.019882 0.015525 0.011267 0.0073322
71 0.093455 0.088911 0.084557 0.0801 0.075565 0.070968 0.066309 0.061649 0.056967 0.052285 0.047592 0.042888 0.038184 0.03354 0.028902 0.02435 0.019884 0.015492 0.011198 0.0072041
72 0.093167 0.088715 0.084406 0.08001 0.075549 0.070989 0.066329 0.061672 0.05704 0.052409 0.047736 0.043021 0.038307 0.033647 0.028992 0.024415 0.019914 0.015478 0.011128 0.007076
73 0.092813 0.088559 0.084289 0.079938 0.075527 0.071008 0.066381 0.061755 0.057134 0.052513 0.047844 0.043129 0.038413 0.033745 0.029082 0.024477 0.01993 0.015451 0.011062 0.0069522
74 0.092578 0.088336 0.084119 0.079814 0.075442 0.070983 0.066437 0.061882 0.057247 0.052611 0.047941 0.043235 0.03853 0.03386 0.029193 0.024559 0.019959 0.015433 0.011007 0.0068348
75 0.0923 0.088137 0.083944 0.079672 0.07534 0.07094 0.066472 0.06199 0.057364 0.052738 0.048068 0.043354 0.03864 0.033961 0.029285 0.024635 0.020011 0.015448 0.010963 0.0067356
76 0.091975 0.087902 0.083716 0.079478 0.075201 0.070873 0.066493 0.062094 0.057497 0.0529 0.048236 0.043505 0.038774 0.034083 0.029395 0.024731 0.020089 0.015485 0.010931 0.0066429
77 0.091679 0.087718 0.083601 0.07941 0.075165 0.070872 0.06653 0.062167 0.057579 0.05299 0.04833 0.043597 0.038863 0.034169 0.029478 0.0248 0.020134 0.015494 0.010889 0.0065349
78 0.09126 0.08748 0.083494 0.079376 0.075157 0.070888 0.066568 0.062225 0.057648 0.05307 0.048419 0.043693 0.038967 0.034273 0.029582 0.024889 0.020196 0.015518 0.010859 0.0064373
79 0.090875 0.087183 0.083265 0.079198 0.075019 0.070788 0.066507 0.062206 0.057702 0.053199 0.048581 0.04385 0.039119 0.034423 0.029731 0.02503 0.020319 0.015613 0.010913 0.0064805
80 0.090383 0.086864 0.082987 0.078968 0.074844 0.070667 0.066437 0.062191 0.05778 0.05337 0.048794 0.044051 0.039309 0.034607 0.029909 0.025191 0.020452 0.015712 0.010971 0.0065143
81 0.089972 0.086487 0.082697 0.078763 0.074719 0.070619 0.06646 0.062281 0.057889 0.053497 0.048941 0.04422 0.039499 0.034789 0.03008 0.025324 0.02052 0.015748 0.011018 0.0064777
82 0.089588 0.086013 0.082345 0.078522 0.07458 0.070571 0.066496 0.062394 0.058015 0.053636 0.049099 0.044403 0.039708 0.034987 0.030264 0.025472 0.02061 0.0158 0.011058 0.0064398
83 0.089214 0.085672 0.082092 0.078353 0.074496 0.070548 0.06651 0.062442 0.05807 0.053697 0.049183 0.044527 0.039871 0.035148 0.03042 0.025623 0.020759 0.015906 0.011068 0.0064014
84 0.088687 0.085358 0.081857 0.078201 0.074429 0.070542 0.066539 0.062505 0.058138 0.053771 0.04928 0.044665 0.040051 0.035322 0.030582 0.02577 0.020885 0.015986 0.011069 0.0063623
85 0.088238 0.085018 0.081614 0.078048 0.07436 0.070544 0.066602 0.062619 0.058228 0.053837 0.049365 0.04481 0.040255 0.035509 0.030744 0.025888 0.02094 0.015996 0.011056 0.0063293
86 0.087829 0.084598 0.08131 0.077848 0.074256 0.070523 0.066649 0.062729 0.058324 0.05392 0.049471 0.044976 0.040481 0.035717 0.030927 0.026033 0.021036 0.016044 0.011059 0.0062732
87 0.087231 0.084223 0.081109 0.077707 0.074089 0.070388 0.066605 0.062772 0.058419 0.054067 0.049655 0.045185 0.040715 0.035931 0.031117 0.026201 0.021184 0.016144 0.011074 0.0061815
88 0.086746 0.083787 0.080861 0.077528 0.073888 0.070226 0.066541 0.062804 0.058519 0.054234 0.049867 0.045417 0.040968 0.036157 0.031312 0.02637 0.021331 0.016242 0.011086 0.0061171
89 0.086241 0.083445 0.080489 0.077216 0.073703 0.07014 0.066527 0.062862 0.058657 0.054451 0.050121 0.045665 0.04121 0.036365 0.031482 0.026511 0.021451 0.016316 0.011081 0.0060682
90 0.086051 0.082998 0.080024 0.07683 0.07347 0.070019 0.066477 0.062884 0.05877 0.054655 0.050371 0.045915 0.04146 0.036585 0.03167 0.026666 0.021575 0.016406 0.011133 0.0060394
91 0.0853 0.082455 0.079624 0.076584 0.073388 0.070023 0.06649 0.062914 0.058887 0.05486 0.050621 0.046171 0.04172 0.036819 0.031874 0.026834 0.021698 0.0165 0.01122 0.0060181
92 0.084661 0.081797 0.079122 0.076239 0.073198 0.06994 0.066464 0.062947 0.059012 0.055076 0.050882 0.04643 0.041977 0.03708 0.03214 0.027084 0.021912 0.016661 0.011303 0.0060742
93 0.084137 0.081419 0.078736 0.075861 0.072842 0.069678 0.066371 0.063013 0.059147 0.055281 0.051114 0.046645 0.042176 0.037312 0.03241 0.027356 0.022151 0.016834 0.011367 0.0061488
94 0.083135 0.080963 0.078298 0.07548 0.072548 0.069495 0.066321 0.063091 0.059283 0.055474 0.051351 0.046913 0.042475 0.037627 0.032739 0.027668 0.022413 0.017037 0.011499 0.0061925
95 0.082424 0.08044 0.077839 0.075162 0.072427 0.069486 0.066336 0.06313 0.059336 0.055541 0.051465 0.047106 0.042747 0.037911 0.033029 0.027937 0.022636 0.017212 0.011624 0.0062146
96 0.081767 0.079896 0.077397 0.074843 0.072247 0.069402 0.066307 0.063156 0.059424 0.055692 0.051673 0.047366 0.04306 0.038205 0.033298 0.028172 0.022828 0.017366 0.011747 0.0061545
97 0.080703 0.0796 0.077212 0.074675 0.072026 0.069201 0.066201 0.063146 0.059516 0.055886 0.051932 0.047652 0.043373 0.038488 0.033545 0.028383 0.023002 0.017509 0.011866 0.0060822
98 0.079935 0.079192 0.076928 0.074457 0.071832 0.069057 0.066132 0.063152 0.059599 0.056046 0.052127 0.047844 0.04356 0.038726 0.033839 0.028665 0.023203 0.01764 0.011945 0.0061214
99 0.080039 0.078712 0.076545 0.074186 0.071683 0.068978 0.066071 0.063111 0.059611 0.056111 0.052215 0.047922 0.04363 0.038883 0.034093 0.028923 0.023374 0.017746 0.012013 0.0061528
100 0.079574 0.078197 0.076043 0.073814 0.071528 0.068956 0.066098 0.063187 0.059734 0.05628 0.052429 0.048181 0.043933 0.039119 0.034249 0.029034 0.023475 0.017848 0.01213 0.0061912
101 0.079261 0.077904 0.075527 0.07337 0.071378 0.068972 0.066153 0.063279 0.059846 0.056412 0.052597 0.048402 0.044207 0.039307 0.034338 0.029084 0.023545 0.01794 0.012246 0.0062316
102 0.07906 0.077245 0.074994 0.072937 0.071026 0.068714 0.065999 0.063229 0.059898 0.056566 0.052823 0.04867 0.044517 0.03961 0.034629 0.029365 0.023817 0.018178 0.012419 0.0063043
103 0.077704 0.076484 0.074807 0.072879 0.070763 0.068418 0.065845 0.063216 0.060006 0.056797 0.053129 0.049003 0.044877 0.039959 0.034966 0.029691 0.024134 0.01844 0.012563 0.0063204
104 0.077037 0.075753 0.074491 0.072783 0.070743 0.068455 0.06592 0.063321 0.060069 0.056817 0.05316 0.0491 0.045039 0.040187 0.03526 0.030016 0.024456 0.01866 0.012552 0.0061819
105 0.07633 0.075559 0.07421 0.072607 0.070815 0.068617 0.066013 0.063344 0.059999 0.056653 0.05301 0.04907 0.04513 0.040369 0.035529 0.030318 0.024736 0.018873 0.012636 0.0061834
106 0.07513 0.074938 0.073664 0.072216 0.070638 0.068541 0.065925 0.063258 0.060065 0.056871 0.053333 0.049451 0.045569 0.04077 0.035882 0.030592 0.024901 0.019013 0.012864 0.0063818
107 0.074467 0.07412 0.073051 0.071778 0.070352 0.068325 0.065695 0.063031 0.06002 0.057009 0.053602 0.0498 0.045998 0.041186 0.036275 0.03094 0.025179 0.019281 0.013201 0.0066887
108 0.073323 0.07326 0.072139 0.071029 0.069927 0.06812 0.065608 0.063064 0.060204 0.057343 0.054008 0.050197 0.046387 0.041572 0.036659 0.031315 0.025538 0.019645 0.013597 0.0070672
109 0.072302 0.072808 0.071355 0.070318 0.069593 0.068024 0.065609 0.063166 0.060419 0.057672 0.054388 0.050565 0.046743 0.04188 0.036917 0.031575 0.025852 0.019928 0.013735 0.0071518
110 0.072177 0.072604 0.071079 0.070042 0.069372 0.067896 0.065613 0.063286 0.060498 0.057711 0.054446 0.050704 0.046962 0.042014 0.036949 0.031647 0.026109 0.020164 0.013678 0.0070487
111 0.072311 0.072204 0.070728 0.069654 0.068883 0.067452 0.065361 0.063211 0.060441 0.057672 0.054475 0.050851 0.047228 0.042313 0.037273 0.031966 0.026393 0.020462 0.014056 0.0070661
112 0.071967 0.07151 0.06982 0.068858 0.068444 0.067299 0.065425 0.063467 0.060652 0.057836 0.054628 0.051026 0.047424 0.042648 0.037759 0.03239 0.026543 0.020622 0.014604 0.0070794
113 0.071682 0.070873 0.068777 0.067897 0.067932 0.067112 0.065438 0.063669 0.060915 0.058162 0.054984 0.051382 0.047781 0.043005 0.038116 0.032751 0.02691 0.020869 0.014561 0.0071857
114 0.071027 0.070711 0.068519 0.067559 0.067523 0.066696 0.065078 0.063396 0.061063 0.058729 0.055677 0.051905 0.048133 0.043195 0.038145 0.032819 0.027216 0.021087 0.014255 0.0072676
115 0.070861 0.070438 0.068107 0.066965 0.066714 0.06585 0.064374 0.062859 0.060948 0.059037 0.056165 0.052333 0.048501 0.043544 0.038479 0.033222 0.027775 0.021642 0.014594 0.0075921
