1 0 0 0 0 0 0 0 0 0 0 0 0 0 0 0 0 0 0 0 0
2 0 0 0 0 0 0 0 0 0 0 0 0 0 0 0 0 0 0 0 0
3 0 0 0 0 0 0 0 0 0 0 0 0 0 0 0 0 0 0 0 0
4 0 0 0 0 0 0 0 0 0 0 0 0 0 0 0 0 0 0 0 0
5 0 0 0 0 0 0 0 0 0 0 0 0 0 0 0 0 0 0 0 0
6 0 0 0 0 0 0 0 0 0 0 0 0 0 0 0 0 0 0 0 0
7 0 0 0 0 0 0 0 0 0 0 0 0 0 0 0 0 0 0 0 0
8 0 0 0 0 0 0 0 0 0 0 0 0 0 0 0 0 0 0 0 0
9 0 0 0 0 0 0 0 0 0 0 0 0 0 0 0 0 0 0 0 0
10 0 0 0 0 0 0 0 0 0 0 0 0 0 0 0 0 0 0 0 0
11 0 0 0 0 0 0 0 0 0 0 0 0 0 0 0 0 0 0 0 0
12 0 0 0 0 0 0 0 0 0 0 0 0 0 0 0 0 0 0 0 0
13 0 0 0 0 0 0 0 0 0 0 0 0 0 0 0 0 0 0 0 0
14 0 0 0 0 0 0 0 0 0 0 0 0 0 0 0 0 0 0 0 0
15 0 0 0 0 0 0 0 0 0 0 0 0 0 0 0 0 0 0 0 0
16 0 0 0 0 0 0 0 0 0 0 0 0 0 0 0 0 0 0 0 0
17 0 0 0 0 0 0 0 0 0 0 0 0 0 0 0 0 0 0 0 0
18 0 0 0 0 0 0 0 0 0 0 0 0 0 0 0 0 0 0 0 0
19 0 0 0 0 0 0 0 0 0 0 0 0 0 0 0 0 0 0 0 0
20 0 0 0 0 0 0 0 0 0 0 0 0 0 0 0 0 0 0 0 0
21 0 0 0 0 0 0 0 0 0 0 0 0 0 0 0 0 0 0 0 0
22 0 0 0 0 0 0 0 0 0 0 0 0 0 0 0 0 0 0 0 0
23 0 0 0 0 0 0 0 0 0 0 0 0 0 0 0 0 0 0 0 0
24 0 0 0 0 0 0 0 0 0 0 0 0 0 0 0 0 0 0 0 0
25 0 0 0 0 0 0 0 0 0 0 0 0 0 0 0 0 0 0 0 0
26 0.069372 0.059716 0.056836 0.055665 0.055778 0.056147 0.056771 0.057247 0.056186 0.055125 0.053443 0.051141 0.048839 0.046414 0.043977 0.041346 0.03852 0.036349 0.035051 0.026075
27 0.072589 0.066205 0.062775 0.060772 0.059843 0.059065 0.058438 0.057676 0.05551 0.053345 0.050845 0.04801 0.045176 0.04241 0.039652 0.037724 0.036628 0.034507 0.03102 0.027811
28 0.075221 0.070398 0.066521 0.064434 0.063694 0.062025 0.059427 0.056819 0.05411 0.051402 0.048644 0.045838 0.043032 0.040504 0.038003 0.036026 0.034572 0.032402 0.029277 0.027652
29 0.075684 0.072325 0.069883 0.067097 0.064055 0.061213 0.058573 0.055939 0.053372 0.050805 0.048219 0.045613 0.043007 0.040662 0.038343 0.035903 0.033342 0.030862 0.028488 0.026614
30 0.075402 0.073055 0.070045 0.067044 0.064049 0.061149 0.058345 0.055577 0.053174 0.050771 0.048306 0.045779 0.043252 0.040779 0.038311 0.035865 0.033438 0.03099 0.028512 0.026159
31 0.076927 0.073461 0.070484 0.067416 0.064279 0.061316 0.058526 0.055751 0.053141 0.05053 0.047938 0.045365 0.042792 0.040319 0.037856 0.035481 0.033193 0.030852 0.028438 0.025936
32 0.07756 0.074142 0.070985 0.067946 0.064996 0.061992 0.058934 0.055902 0.053141 0.050379 0.047654 0.044965 0.042277 0.039869 0.037488 0.035061 0.032588 0.030245 0.028076 0.025798
33 0.078388 0.075042 0.071523 0.068255 0.065176 0.062136 0.059134 0.056145 0.053293 0.050442 0.047648 0.04491 0.042172 0.039578 0.036999 0.03449 0.032051 0.029721 0.027534 0.025365
34 0.078892 0.075551 0.07216 0.068859 0.065626 0.062458 0.059354 0.056265 0.053327 0.050388 0.04753 0.044752 0.041975 0.03931 0.036656 0.034106 0.031661 0.029287 0.027006 0.024836
35 0.079478 0.076061 0.072706 0.069379 0.066071 0.062796 0.059552 0.05633 0.053325 0.05032 0.047412 0.0446 0.041787 0.039062 0.036344 0.033746 0.031268 0.028859 0.026543 0.02436
36 0.08023 0.076736 0.07317 0.069699 0.066299 0.062965 0.059696 0.056444 0.053361 0.050278 0.04731 0.044459 0.041608 0.038828 0.036054 0.033415 0.030909 0.028468 0.026115 0.023958
37 0.080751 0.077229 0.073605 0.070049 0.066546 0.063164 0.059902 0.056648 0.053466 0.050285 0.047225 0.044285 0.041346 0.038568 0.035806 0.033152 0.030607 0.028112 0.025684 0.02357
38 0.081103 0.077558 0.074013 0.070444 0.066857 0.063399 0.06007 0.05675 0.053512 0.050275 0.047176 0.044217 0.041257 0.038429 0.035613 0.032895 0.030276 0.02774 0.025313 0.023101
39 0.081631 0.07802 0.074359 0.070729 0.067122 0.063618 0.060215 0.056827 0.053583 0.050339 0.047199 0.044163 0.041127 0.038241 0.035369 0.0326 0.029936 0.02737 0.024933 0.022619
40 0.091546 0.086782 0.082063 0.077448 0.072911 0.068394 0.063897 0.059421 0.05515 0.05088 0.046674 0.042533 0.038392 0.034455 0.030538 0.026763 0.023129 0.019639 0.016342 0.013044
41 0.091693 0.087239 0.082559 0.077915 0.073297 0.068684 0.064076 0.059492 0.055165 0.050838 0.046585 0.042405 0.038225 0.034265 0.030325 0.026513 0.02283 0.019301 0.01598 0.012614
42 0.092543 0.087602 0.082891 0.078214 0.073563 0.068917 0.064276 0.059653 0.055227 0.050801 0.04648 0.042266 0.038052 0.034064 0.030099 0.026247 0.022509 0.018914 0.015512 0.012169
43 0.092983 0.087949 0.083178 0.078468 0.073804 0.06915 0.064507 0.059872 0.055336 0.0508 0.046408 0.042162 0.037916 0.033902 0.029911 0.02602 0.022228 0.018564 0.01507 0.011773
44 0.093209 0.088374 0.083513 0.078724 0.073989 0.069309 0.064684 0.060061 0.055467 0.050873 0.04642 0.042109 0.037798 0.033748 0.029724 0.025788 0.02194 0.01822 0.014672 0.011378
45 0.093455 0.088764 0.083816 0.078943 0.074128 0.06942 0.064819 0.060216 0.055584 0.050952 0.046447 0.042071 0.037694 0.033611 0.029555 0.025579 0.021681 0.017915 0.014324 0.011026
46 0.094108 0.089018 0.084112 0.07922 0.074339 0.069564 0.064894 0.060228 0.055609 0.05099 0.046465 0.042033 0.037601 0.033457 0.02934 0.025323 0.021405 0.017617 0.014002 0.010675
47 0.094269 0.08925 0.084409 0.079513 0.074575 0.069732 0.064983 0.060248 0.055649 0.051049 0.046509 0.042027 0.037545 0.033341 0.029164 0.025108 0.021172 0.017364 0.013726 0.010368
48 0.094511 0.089453 0.084549 0.07966 0.07478 0.069929 0.065108 0.060306 0.055703 0.051101 0.046538 0.042015 0.037491 0.033274 0.029086 0.024989 0.020983 0.017104 0.013393 0.010028
49 0.094494 0.089663 0.08469 0.079808 0.074993 0.070139 0.065248 0.060381 0.055771 0.05116 0.046575 0.042014 0.037454 0.033219 0.029015 0.024879 0.020811 0.01687 0.013097 0.0097182
50 0.094646 0.089751 0.084817 0.079917 0.075043 0.070184 0.065341 0.060515 0.055871 0.051227 0.046625 0.042063 0.037501 0.033198 0.02892 0.024737 0.020647 0.016681 0.01288 0.0094349
51 0.094785 0.089862 0.084958 0.080042 0.075118 0.07025 0.065439 0.060641 0.055963 0.051285 0.046662 0.042092 0.037523 0.033161 0.02882 0.024594 0.020483 0.016494 0.012667 0.0091627
52 0.09505 0.089936 0.085007 0.080105 0.075225 0.070372 0.065546 0.060731 0.056033 0.051335 0.046689 0.042097 0.037504 0.033111 0.028737 0.024481 0.020342 0.016323 0.012467 0.0089092
53 0.094959 0.090044 0.085093 0.080197 0.075343 0.070499 0.065665 0.060842 0.056117 0.051392 0.046725 0.042117 0.037509 0.033086 0.028681 0.024391 0.020217 0.016165 0.012275 0.0086824
54 0.094991 0.089999 0.085099 0.080216 0.075346 0.070521 0.065742 0.060965 0.056203 0.051441 0.046765 0.042173 0.037581 0.033131 0.028694 0.024362 0.020134 0.016033 0.0121 0.0085037
55 0.09484 0.08999 0.085127 0.080259 0.075389 0.07058 0.065833 0.061082 0.056296 0.05151 0.046822 0.042233 0.037643 0.033161 0.028689 0.024319 0.02005 0.015909 0.011937 0.0083299
56 0.094811 0.089853 0.085028 0.080223 0.075433 0.070664 0.065913 0.061161 0.056392 0.051622 0.046932 0.042322 0.037712 0.033192 0.028681 0.02428 0.019988 0.015816 0.011803 0.0081728
57 0.0946 0.089784 0.085002 0.08024 0.075494 0.070747 0.066001 0.061253 0.056493 0.051733 0.047034 0.042395 0.037756 0.033206 0.028664 0.024242 0.019941 0.015739 0.011669 0.008005
58 0.094479 0.08965 0.084962 0.08024 0.075492 0.070763 0.066055 0.061343 0.056596 0.051849 0.04714 0.04247 0.037799 0.033227 0.028664 0.024235 0.019938 0.015704 0.011554 0.0078411
59 0.0943 0.089563 0.084936 0.080247 0.075512 0.070803 0.066118 0.061429 0.056688 0.051948 0.047231 0.042538 0.037844 0.033254 0.028675 0.024227 0.019911 0.015645 0.011444 0.0076854
60 0.094112 0.089421 0.084832 0.080192 0.075513 0.070843 0.06618 0.061511 0.05678 0.052049 0.047331 0.042628 0.037925 0.03332 0.028725 0.02425 0.019895 0.015591 0.011356 0.0075474
61 0.09389 0.089277 0.08475 0.080165 0.075534 0.070891 0.066235 0.061572 0.05685 0.052128 0.047414 0.042709 0.038004 0.033385 0.028776 0.024273 0.019879 0.015546 0.011296 0.0074248
62 0.093615 0.089037 0.084627 0.080122 0.075546 0.070932 0.06628 0.061624 0.056918 0.052212 0.04751 0.042811 0.038112 0.03348 0.028855 0.024323 0.019887 0.015525 0.011265 0.0073183
63 0.093386 0.088863 0.08452 0.080077 0.075558 0.07097 0.066313 0.061654 0.056982 0.05231 0.047621 0.042916 0.038211 0.033564 0.028922 0.024366 0.019894 0.015495 0.011192 0.0071882
64 0.093057 0.088669 0.084371 0.079989 0.075545 0.070994 0.066336 0.061681 0.057059 0.052436 0.047768 0.043052 0.038336 0.033673 0.029015 0.024433 0.019925 0.015481 0.011121 0.0070599
65 0.092756 0.088499 0.084243 0.079905 0.075504 0.070999 0.066389 0.061778 0.057157 0.052535 0.047867 0.043154 0.038441 0.033772 0.029108 0.024498 0.019942 0.015455 0.011059 0.0069388
66 0.092476 0.088277 0.084076 0.079783 0.075423 0.070978 0.066448 0.06191 0.057273 0.052636 0.047967 0.043264 0.03856 0.033889 0.029221 0.024582 0.019972 0.015438 0.011005 0.0068213
67 0.092233 0.088069 0.083883 0.079622 0.075306 0.070923 0.066474 0.06201 0.057391 0.052772 0.048105 0.043389 0.038673 0.033992 0.029313 0.02466 0.020033 0.015462 0.010965 0.0067267
68 0.091863 0.087836 0.083658 0.079432 0.07517 0.070859 0.0665 0.062119 0.057529 0.052939 0.048277 0.043544 0.038811 0.034117 0.029425 0.024756 0.020108 0.015495 0.01093 0.0066305
69 0.091574 0.087643 0.083556 0.079386 0.075152 0.070868 0.066535 0.06218 0.057596 0.053013 0.048356 0.043625 0.038895 0.0342 0.029509 0.024828 0.020156 0.015509 0.010893 0.0065251
70 0.091126 0.087397 0.083444 0.079347 0.07514 0.070882 0.066571 0.062236 0.057665 0.053093 0.048445 0.043722 0.038999 0.034306 0.029615 0.024922 0.020225 0.015541 0.010874 0.0064484
71 0.090764 0.087087 0.083185 0.079135 0.074973 0.070759 0.066492 0.062206 0.057722 0.053238 0.04863 0.043898 0.039167 0.03447 0.029777 0.025072 0.020356 0.015642 0.010932 0.0064941
72 0.090225 0.086783 0.082922 0.078921 0.074814 0.070653 0.066437 0.062205 0.057806 0.053408 0.048838 0.044096 0.039355 0.034651 0.029951 0.025226 0.020477 0.01573 0.010987 0.0065154
73 0.089828 0.086358 0.082601 0.078696 0.074681 0.070604 0.066466 0.062307 0.057921 0.053536 0.048986 0.044271 0.039557 0.034845 0.030133 0.025369 0.020552 0.015771 0.011038 0.0064804
74 0.089481 0.085885 0.082253 0.078461 0.074547 0.07056 0.066501 0.062414 0.058038 0.053662 0.049131 0.044444 0.039757 0.035036 0.030312 0.025517 0.020653 0.015833 0.011073 0.0064427
75 0.08906 0.08556 0.082007 0.078294 0.074463 0.070535 0.066511 0.062456 0.058091 0.053725 0.049219 0.044572 0.039925 0.035202 0.030472 0.025673 0.020806 0.015942 0.011084 0.0064045
76 0.08852 0.085254 0.081779 0.078147 0.074399 0.070532 0.066547 0.062528 0.058163 0.053797 0.049314 0.044712 0.040109 0.035378 0.030634 0.025814 0.020917 0.016007 0.011082 0.006367
77 0.088101 0.084883 0.081515 0.07798 0.074321 0.070531 0.066609 0.062646 0.058257 0.053867 0.049402 0.044861 0.04032 0.035571 0.030801 0.025936 0.020974 0.016019 0.011071 0.0063343
78 0.087644 0.084457 0.081219 0.077785 0.074204 0.070489 0.066641 0.062745 0.058356 0.053966 0.049528 0.045039 0.040551 0.035783 0.030989 0.026089 0.021085 0.016082 0.011079 0.006271
79 0.087012 0.084086 0.081023 0.077646 0.074033 0.070349 0.066594 0.062788 0.058451 0.054115 0.049715 0.045253 0.040791 0.036003 0.031183 0.026261 0.021238 0.016185 0.011094 0.0061785
80 0.086571 0.083652 0.08074 0.077433 0.07383 0.070197 0.066536 0.062821 0.058557 0.054292 0.049936 0.045489 0.041041 0.036225 0.031374 0.026425 0.021379 0.016278 0.011104 0.0061215
81 0.086063 0.083304 0.080357 0.07711 0.073637 0.070107 0.06652 0.06288 0.058697 0.054514 0.050196 0.045742 0.041289 0.036438 0.031548 0.026569 0.021502 0.016355 0.011101 0.0060724
82 0.085872 0.082818 0.079889 0.076739 0.073424 0.070002 0.066473 0.062894 0.058802 0.054711 0.050439 0.045989 0.041538 0.036659 0.031738 0.026727 0.021625 0.016447 0.011166 0.0060483
83 0.084995 0.082268 0.079485 0.076494 0.073347 0.070013 0.066493 0.062931 0.058929 0.054927 0.050703 0.046257 0.041811 0.036904 0.031953 0.026904 0.021756 0.016547 0.011256 0.0060281
84 0.084485 0.081649 0.078989 0.076123 0.073102 0.069875 0.066442 0.062966 0.059051 0.055136 0.050952 0.046501 0.04205 0.037158 0.032223 0.027165 0.021984 0.016716 0.011334 0.0060976
85 0.083864 0.081264 0.078597 0.075741 0.072743 0.069613 0.066352 0.06304 0.059195 0.055351 0.051195 0.046727 0.04226 0.037401 0.032504 0.027448 0.022232 0.016896 0.011402 0.0061748
86 0.08285 0.080787 0.078152 0.075378 0.072498 0.06948 0.066323 0.06311 0.059312 0.055515 0.051406 0.046986 0.042565 0.037719 0.032831 0.027753 0.022487 0.017096 0.011542 0.0062101
87 0.082203 0.080239 0.077671 0.075042 0.072367 0.069464 0.066333 0.063145 0.059363 0.055581 0.051521 0.047182 0.042843 0.038009 0.033127 0.028029 0.022714 0.017275 0.011669 0.0062248
88 0.081498 0.079747 0.077288 0.074756 0.072167 0.069341 0.066278 0.063158 0.059455 0.055751 0.051751 0.047454 0.043157 0.038298 0.033384 0.028251 0.022896 0.017423 0.01179 0.0061584
89 0.080284 0.079444 0.077102 0.074588 0.071945 0.069141 0.066176 0.063155 0.059556 0.055957 0.052023 0.047754 0.043485 0.038596 0.033647 0.028476 0.023082 0.017573 0.01191 0.006106
90 0.079745 0.079008 0.076784 0.074354 0.07177 0.069025 0.066119 0.063157 0.059624 0.056091 0.052186 0.047906 0.043627 0.038808 0.033936 0.028759 0.023277 0.017697 0.011984 0.0061424
91 0.079917 0.0785 0.076377 0.074064 0.071607 0.068936 0.066048 0.063109 0.059632 0.056156 0.052275 0.047991 0.043707 0.038968 0.034187 0.029015 0.023453 0.017813 0.012068 0.0061788
92 0.079316 0.078045 0.075868 0.073672 0.071462 0.06894 0.066105 0.063216 0.059778 0.056339 0.052503 0.04827 0.044037 0.039208 0.034322 0.029097 0.023532 0.0179 0.012177 0.0062126
93 0.079147 0.077697 0.075293 0.073174 0.071269 0.06892 0.066127 0.063279 0.059864 0.056448 0.052657 0.048488 0.04432 0.039422 0.034454 0.029196 0.023647 0.018025 0.012308 0.0062623
94 0.078524 0.076994 0.074881 0.072873 0.070942 0.068641 0.06597 0.063244 0.059947 0.056649 0.052929 0.048787 0.044645 0.039734 0.03475 0.029479 0.023922 0.018268 0.012485 0.0063363
95 0.077418 0.076182 0.074662 0.072788 0.070648 0.068317 0.065794 0.063215 0.060041 0.056868 0.053224 0.04911 0.044997 0.040088 0.035102 0.029825 0.024257 0.018534 0.012606 0.0063255
96 0.076771 0.075604 0.074346 0.072681 0.07071 0.068459 0.065929 0.063335 0.060081 0.056826 0.053181 0.049146 0.04511 0.040275 0.035363 0.030124 0.02456 0.01874 0.012582 0.0061773
97 0.075925 0.075329 0.073986 0.072432 0.07072 0.068568 0.065976 0.063322 0.060025 0.056728 0.053122 0.049206 0.045289 0.040522 0.035672 0.030443 0.024834 0.018954 0.012713 0.0062345
98 0.074866 0.074668 0.07346 0.07207 0.070544 0.068482 0.065883 0.063236 0.060087 0.056939 0.053433 0.04957 0.045706 0.040903 0.036008 0.030703 0.024987 0.019085 0.012938 0.0064339
99 0.07413 0.073735 0.072742 0.071537 0.070172 0.068205 0.065636 0.063034 0.060087 0.05714 0.053766 0.049967 0.046168 0.041352 0.036438 0.031093 0.025316 0.019404 0.013309 0.0067693
100 0.072937 0.073031 0.071867 0.070794 0.069791 0.068053 0.06558 0.063076 0.060255 0.057435 0.054124 0.050321 0.046519 0.041705 0.036795 0.031446 0.02566 0.019758 0.013703 0.0071506
101 0.071941 0.072609 0.071103 0.070105 0.069491 0.067997 0.065625 0.06322 0.060482 0.057744 0.054475 0.050675 0.046876 0.042 0.037021 0.031679 0.025975 0.020035 0.013781 0.0071678
102 0.072026 0.07242 0.070932 0.069913 0.069248 0.067801 0.065574 0.063298 0.060521 0.057745 0.0545 0.050788 0.047075 0.042115 0.037035 0.031738 0.026227 0.020269 0.013717 0.0070593
103 0.072083 0.071831 0.070401 0.069389 0.068692 0.067347 0.065354 0.063293 0.060531 0.057768 0.054582 0.050971 0.04736 0.042467 0.03745 0.032129 0.026504 0.020559 0.01419 0.0070984
104 0.071731 0.071247 0.069502 0.068584 0.068286 0.067231 0.065418 0.063517 0.060711 0.057904 0.054708 0.051123 0.047538 0.042792 0.037933 0.032552 0.026648 0.020716 0.014747 0.00711
105 0.071387 0.070518 0.068437 0.067627 0.067772 0.067026 0.065389 0.063662 0.061002 0.058342 0.0552 0.051577 0.047954 0.043152 0.038236 0.03287 0.027054 0.020985 0.014581 0.0072304
106 0.070671 0.070576 0.068382 0.067408 0.067351 0.066532 0.064953 0.063316 0.061094 0.058872 0.055864 0.05207 0.048276 0.043312 0.038235 0.032915 0.027349 0.021205 0.01429 0.0073298
107 0.070686 0.070121 0.067828 0.066726 0.06652 0.065708 0.064291 0.062834 0.060965 0.059097 0.056259 0.052453 0.048646 0.043699 0.038642 0.033393 0.027952 0.021802 0.014706 0.007672
108 0.070599 0.069083 0.067065 0.066083 0.065878 0.065162 0.063934 0.062661 0.060924 0.059188 0.056459 0.052737 0.049014 0.044113 0.039099 0.033918 0.028572 0.022398 0.015121 0.0079927
109 0.070447 0.067776 0.066134 0.065332 0.065161 0.06463 0.063738 0.062779 0.061113 0.059447 0.056801 0.053176 0.04955 0.044582 0.039484 0.034295 0.029015 0.022856 0.015529 0.0081571
110 0.070075 0.067762 0.065949 0.064958 0.064585 0.064146 0.063643 0.063028 0.061259 0.05949 0.05684 0.053309 0.049778 0.044739 0.039554 0.034382 0.029221 0.023144 0.015847 0.0082912
111 0.069597 0.067498 0.065669 0.064499 0.063824 0.063384 0.06318 0.062845 0.06116 0.059475 0.05693 0.053525 0.05012 0.045321 0.040386 0.035126 0.02954 0.023288 0.016151 0.0084832
112 0.069042 0.066873 0.065728 0.064478 0.063148 0.062463 0.062424 0.062262 0.060828 0.059395 0.05704 0.053764 0.050489 0.045942 0.041272 0.035948 0.029971 0.023569 0.016603 0.0087603
113 0.068987 0.065703 0.065085 0.063842 0.062128 0.061463 0.061847 0.062079 0.060756 0.059433 0.057286 0.054313 0.051341 0.04661 0.04171 0.036338 0.030493 0.024189 0.017272 0.009124
114 0.068727 0.064877 0.063835 0.062535 0.061039 0.06074 0.061636 0.062328 0.060902 0.059477 0.057442 0.054798 0.052154 0.047264 0.042157 0.036761 0.031078 0.024851 0.017899 0.0094992
115 0.06778 0.063819 0.062556 0.061462 0.060496 0.060497 0.061465 0.062225 0.060833 0.05944 0.057542 0.055137 0.052733 0.047948 0.042933 0.03757 0.03186 0.025523 0.018353 0.0098297
