1 0 0 0 0 0 0 0 0 0 0 0 0 0 0 0 0 0 0 0 0
2 0 0 0 0 0 0 0 0 0 0 0 0 0 0 0 0 0 0 0 0
3 0 0 0 0 0 0 0 0 0 0 0 0 0 0 0 0 0 0 0 0
4 0 0 0 0 0 0 0 0 0 0 0 0 0 0 0 0 0 0 0 0
5 0 0 0 0 0 0 0 0 0 0 0 0 0 0 0 0 0 0 0 0
6 0 0 0 0 0 0 0 0 0 0 0 0 0 0 0 0 0 0 0 0
7 0 0 0 0 0 0 0 0 0 0 0 0 0 0 0 0 0 0 0 0
8 0 0 0 0 0 0 0 0 0 0 0 0 0 0 0 0 0 0 0 0
9 0 0 0 0 0 0 0 0 0 0 0 0 0 0 0 0 0 0 0 0
10 0 0 0 0 0 0 0 0 0 0 0 0 0 0 0 0 0 0 0 0
11 0 0 0 0 0 0 0 0 0 0 0 0 0 0 0 0 0 0 0 0
12 0 0 0 0 0 0 0 0 0 0 0 0 0 0 0 0 0 0 0 0
13 0 0 0 0 0 0 0 0 0 0 0 0 0 0 0 0 0 0 0 0
14 0 0 0 0 0 0 0 0 0 0 0 0 0 0 0 0 0 0 0 0
15 0 0 0 0 0 0 0 0 0 0 0 0 0 0 0 0 0 0 0 0
16 0 0 0 0 0 0 0 0 0 0 0 0 0 0 0 0 0 0 0 0
17 0 0 0 0 0 0 0 0 0 0 0 0 0 0 0 0 0 0 0 0
18 0 0 0 0 0 0 0 0 0 0 0 0 0 0 0 0 0 0 0 0
19 0 0 0 0 0 0 0 0 0 0 0 0 0 0 0 0 0 0 0 0
20 0 0 0 0 0 0 0 0 0 0 0 0 0 0 0 0 0 0 0 0
21 0 0 0 0 0 0 0 0 0 0 0 0 0 0 0 0 0 0 0 0
22 0 0 0 0 0 0 0 0 0 0 0 0 0 0 0 0 0 0 0 0
23 0 0 0 0 0 0 0 0 0 0 0 0 0 0 0 0 0 0 0 0
24 0 0 0 0 0 0 0 0 0 0 0 0 0 0 0 0 0 0 0 0
25 0 0 0 0 0 0 0 0 0 0 0 0 0 0 0 0 0 0 0 0
26 0 0 0 0 0 0 0 0 0 0 0 0 0 0 0 0 0 0 0 0
27 0 0 0 0 0 0 0 0 0 0 0 0 0 0 0 0 0 0 0 0
28 0 0 0 0 0 0 0 0 0 0 0 0 0 0 0 0 0 0 0 0
29 0 0 0 0 0 0 0 0 0 0 0 0 0 0 0 0 0 0 0 0
30 0 0 0 0 0 0 0 0 0 0 0 0 0 0 0 0 0 0 0 0
31 0 0 0 0 0 0 0 0 0 0 0 0 0 0 0 0 0 0 0 0
32 0 0 0 0 0 0 0 0 0 0 0 0 0 0 0 0 0 0 0 0
33 0.069335 0.059689 0.056813 0.055647 0.055763 0.056135 0.056763 0.057242 0.056184 0.055127 0.053449 0.051149 0.04885 0.046427 0.043993 0.041363 0.038538 0.036369 0.035073 0.026092
34 0.073172 0.066969 0.063252 0.061067 0.060031 0.059163 0.058463 0.057626 0.055381 0.053137 0.050591 0.047745 0.044899 0.042119 0.039346 0.037467 0.036482 0.034374 0.030771 0.027944
35 0.075505 0.070762 0.066978 0.064787 0.063792 0.061943 0.059241 0.056546 0.053927 0.051309 0.048589 0.045767 0.042946 0.040491 0.038072 0.036048 0.034418 0.032188 0.029159 0.027531
36 0.07558 0.072489 0.069946 0.067087 0.06399 0.061136 0.058525 0.055919 0.053358 0.050797 0.048223 0.045636 0.04305 0.040713 0.0384 0.03593 0.033301 0.030812 0.028508 0.0266
37 0.075319 0.072989 0.070055 0.067071 0.064049 0.061146 0.058361 0.05561 0.053197 0.050784 0.048311 0.045779 0.043247 0.040769 0.038296 0.035854 0.033444 0.03101 0.028544 0.026166
38 0.077014 0.073526 0.070516 0.067436 0.064303 0.06134 0.058546 0.055768 0.053145 0.050521 0.047918 0.045334 0.04275 0.040286 0.037833 0.035453 0.033147 0.030807 0.028419 0.025941
39 0.07755 0.074144 0.070995 0.067973 0.065048 0.062046 0.058967 0.055917 0.053147 0.050378 0.047646 0.044952 0.042258 0.039847 0.037462 0.03503 0.032549 0.030213 0.028069 0.025809
40 0.083911 0.083334 0.078845 0.0743 0.069711 0.065565 0.06186 0.058123 0.054051 0.049978 0.046257 0.042887 0.039517 0.03642 0.033348 0.030333 0.027372 0.024417 0.02147 0.018301
41 0.085846 0.084396 0.079396 0.074777 0.070442 0.066291 0.062323 0.05834 0.054214 0.050088 0.046268 0.042754 0.03924 0.035997 0.032781 0.02959 0.026424 0.023329 0.020331 0.017172
42 0.086785 0.085668 0.080057 0.075231 0.070993 0.066815 0.062698 0.058576 0.054416 0.050256 0.04633 0.042636 0.038943 0.035576 0.03224 0.028913 0.025595 0.022438 0.019496 0.016338
43 0.088543 0.085703 0.08035 0.075595 0.07129 0.067087 0.062984 0.058874 0.054688 0.050501 0.046482 0.04263 0.038777 0.035272 0.0318 0.028372 0.024987 0.021755 0.018728 0.015582
44 0.088976 0.085126 0.080625 0.076119 0.071611 0.067359 0.063363 0.059347 0.055122 0.050897 0.046778 0.042767 0.038756 0.03508 0.031436 0.027922 0.024538 0.021234 0.018039 0.014906
45 0.090053 0.085403 0.081037 0.07657 0.072028 0.0677 0.063586 0.059461 0.055227 0.050993 0.046835 0.042754 0.038672 0.034872 0.031098 0.02748 0.024016 0.020639 0.017376 0.0142
46 0.090254 0.08628 0.081627 0.077063 0.072566 0.068141 0.06379 0.059449 0.055215 0.050981 0.046809 0.0427 0.038591 0.034694 0.030817 0.027092 0.023518 0.02007 0.01679 0.013552
47 0.091533 0.08678 0.082073 0.077464 0.072928 0.068409 0.063909 0.059428 0.055157 0.050885 0.046678 0.042535 0.038393 0.034455 0.030536 0.026757 0.023118 0.019624 0.016323 0.013016
48 0.09173 0.087226 0.082557 0.077919 0.073303 0.06869 0.06408 0.059495 0.055168 0.050841 0.046588 0.042407 0.038227 0.034265 0.030324 0.02651 0.022822 0.01929 0.015965 0.012592
49 0.092529 0.087597 0.082889 0.078217 0.073571 0.06893 0.064294 0.059675 0.055243 0.05081 0.046487 0.042271 0.038056 0.034066 0.030099 0.026243 0.022499 0.018897 0.015484 0.012143
50 0.092958 0.087941 0.083173 0.078468 0.07381 0.069161 0.064522 0.059891 0.05535 0.05081 0.046416 0.042169 0.037922 0.033906 0.029913 0.026018 0.022222 0.018551 0.015048 0.011752
51 0.093204 0.088371 0.083512 0.078723 0.073988 0.069311 0.064692 0.060076 0.055482 0.050888 0.046433 0.042118 0.037803 0.033751 0.029724 0.025784 0.02193 0.018205 0.014651 0.011355
52 0.093425 0.08876 0.083813 0.078942 0.074127 0.069422 0.064828 0.060231 0.055599 0.050967 0.046461 0.042081 0.037701 0.033615 0.029558 0.025577 0.021675 0.017904 0.014308 0.011007
53 0.094131 0.089004 0.08411 0.079224 0.074344 0.069568 0.064897 0.06023 0.055615 0.051001 0.046476 0.042042 0.037607 0.033458 0.029337 0.025316 0.021395 0.017605 0.013986 0.010655
54 0.094236 0.089247 0.084417 0.079526 0.074589 0.069745 0.064994 0.060257 0.05566 0.051062 0.04652 0.042034 0.037549 0.033343 0.029164 0.025104 0.021162 0.017347 0.013702 0.010342
55 0.094476 0.089443 0.08454 0.079656 0.074786 0.06994 0.065117 0.060314 0.055714 0.051113 0.04655 0.042025 0.0375 0.033282 0.029093 0.024992 0.02098 0.017094 0.013376 0.010008
56 0.09449 0.089665 0.084692 0.079807 0.074987 0.070135 0.065251 0.06039 0.055779 0.051169 0.046584 0.042024 0.037465 0.033225 0.029015 0.024875 0.020805 0.01686 0.013084 0.0096976
57 0.09462 0.089737 0.084811 0.079914 0.075041 0.070185 0.065348 0.060527 0.055883 0.051239 0.046637 0.042075 0.037514 0.033206 0.028923 0.024735 0.020643 0.016674 0.012869 0.0094167
58 0.094792 0.089851 0.08495 0.080038 0.07512 0.070256 0.065447 0.060649 0.055971 0.051294 0.046669 0.042099 0.037529 0.033164 0.02882 0.024591 0.020478 0.016485 0.012654 0.0091441
59 0.095042 0.089927 0.085 0.080102 0.075228 0.070378 0.065553 0.06074 0.056042 0.051344 0.046698 0.042104 0.03751 0.033115 0.028739 0.024479 0.020337 0.016316 0.012455 0.0088918
60 0.09495 0.090028 0.085084 0.080191 0.075338 0.070498 0.06567 0.060852 0.056125 0.051399 0.046733 0.042127 0.037521 0.033095 0.028688 0.024395 0.020215 0.016158 0.012264 0.0086697
61 0.09496 0.089986 0.085092 0.080212 0.075343 0.070522 0.065748 0.060976 0.056213 0.051449 0.046773 0.042183 0.037594 0.033141 0.028702 0.024366 0.020133 0.016027 0.01209 0.0084918
62 0.094828 0.089974 0.085114 0.080253 0.075389 0.070584 0.065838 0.061089 0.056305 0.051521 0.046834 0.042243 0.037652 0.033167 0.028692 0.024319 0.020048 0.015904 0.011928 0.0083181
63 0.094775 0.089839 0.085017 0.080218 0.075435 0.070669 0.06592 0.061169 0.056402 0.051634 0.046945 0.042333 0.037722 0.033199 0.028686 0.024282 0.019987 0.015812 0.011795 0.0081615
64 0.094604 0.089771 0.084996 0.080237 0.075491 0.070747 0.066003 0.061258 0.0565 0.051742 0.047042 0.042401 0.037761 0.033208 0.028665 0.024243 0.019942 0.015737 0.01166 0.0079914
65 0.094465 0.089639 0.084958 0.080238 0.075491 0.070764 0.066058 0.061349 0.056604 0.051858 0.047149 0.042477 0.037804 0.03323 0.028666 0.024236 0.019939 0.015703 0.011545 0.0078277
66 0.094301 0.089555 0.08493 0.080244 0.075512 0.070805 0.066121 0.061433 0.056694 0.051954 0.047237 0.042543 0.037849 0.033258 0.028677 0.024228 0.019909 0.01564 0.011436 0.0076731
67 0.094096 0.089415 0.084828 0.08019 0.075514 0.070846 0.066184 0.061516 0.056786 0.052055 0.047338 0.042634 0.03793 0.033325 0.028729 0.024252 0.019893 0.015586 0.011348 0.0075352
68 0.093886 0.089269 0.084747 0.080165 0.075537 0.070894 0.066237 0.061574 0.056853 0.052131 0.047418 0.042713 0.038008 0.033389 0.028778 0.024274 0.019877 0.015542 0.011292 0.0074143
69 0.093599 0.089031 0.084625 0.080123 0.075549 0.070936 0.066284 0.061627 0.056922 0.052216 0.047514 0.042816 0.038118 0.033485 0.028858 0.024325 0.019885 0.015521 0.01126 0.0073077
70 0.093384 0.088863 0.08452 0.080077 0.075561 0.070973 0.066314 0.061654 0.056984 0.052314 0.047626 0.04292 0.038214 0.033566 0.028924 0.024366 0.019892 0.01549 0.011182 0.007175
71 0.093044 0.088671 0.084372 0.079991 0.075549 0.070998 0.066338 0.061681 0.057062 0.052442 0.047774 0.043057 0.03834 0.033676 0.029017 0.024433 0.019923 0.015476 0.011112 0.0070464
72 0.092766 0.088503 0.084246 0.079906 0.075505 0.071001 0.066393 0.061784 0.05716 0.052536 0.047867 0.043154 0.038441 0.033773 0.029109 0.024497 0.019938 0.015448 0.01105 0.0069257
73 0.092476 0.088282 0.084079 0.079786 0.075424 0.07098 0.066453 0.061916 0.057277 0.052638 0.047967 0.043264 0.038561 0.03389 0.029222 0.024581 0.019968 0.015431 0.010995 0.0068087
74 0.092247 0.088076 0.083885 0.079622 0.075304 0.070922 0.066475 0.062013 0.057394 0.052775 0.048107 0.04339 0.038672 0.03399 0.029311 0.024658 0.02003 0.015457 0.010957 0.0067149
75 0.091874 0.08785 0.083667 0.079438 0.075174 0.070864 0.066506 0.062127 0.057537 0.052946 0.048282 0.043543 0.038804 0.034108 0.029416 0.024746 0.020098 0.015485 0.010918 0.0066161
76 0.091589 0.087657 0.083571 0.079399 0.075161 0.070874 0.066538 0.06218 0.057595 0.05301 0.048351 0.04362 0.038889 0.034195 0.029504 0.024822 0.02015 0.015501 0.010883 0.0065113
77 0.091136 0.087409 0.083457 0.079358 0.075147 0.070885 0.06657 0.062233 0.057661 0.053089 0.048441 0.043717 0.038993 0.0343 0.02961 0.024917 0.020221 0.015538 0.01087 0.0064465
78 0.090777 0.087099 0.083193 0.079138 0.074973 0.070756 0.066488 0.062201 0.057719 0.053238 0.048631 0.043897 0.039164 0.034467 0.029774 0.02507 0.020354 0.015639 0.010928 0.0064927
79 0.090243 0.086807 0.08294 0.078933 0.07482 0.070655 0.066438 0.062204 0.057803 0.053402 0.048832 0.04409 0.039349 0.034646 0.029945 0.025219 0.020466 0.01572 0.010981 0.0065059
80 0.089851 0.086372 0.082612 0.078704 0.074686 0.070608 0.066469 0.062309 0.057921 0.053533 0.048981 0.044267 0.039553 0.03484 0.030128 0.025362 0.020542 0.015761 0.011032 0.0064706
81 0.089512 0.085906 0.082271 0.078475 0.074557 0.070567 0.066503 0.062412 0.058032 0.053653 0.049121 0.044435 0.039748 0.035027 0.030303 0.025509 0.020647 0.015826 0.011062 0.0064323
82 0.08909 0.085586 0.082027 0.078309 0.074473 0.070541 0.066513 0.062454 0.058085 0.053716 0.049208 0.044562 0.039915 0.035193 0.030463 0.025665 0.0208 0.015935 0.011073 0.0063935
83 0.088557 0.085285 0.081803 0.078166 0.074413 0.070542 0.066553 0.06253 0.058158 0.053787 0.049301 0.044701 0.0401 0.035367 0.030622 0.0258 0.0209 0.015991 0.011068 0.0063561
84 0.088148 0.084915 0.08154 0.078 0.074335 0.07054 0.066615 0.062648 0.058252 0.053856 0.049388 0.044849 0.04031 0.035559 0.030789 0.025921 0.020957 0.016001 0.011056 0.0063226
85 0.087683 0.084491 0.081249 0.077806 0.074214 0.070492 0.066641 0.062742 0.05835 0.053958 0.049518 0.045029 0.04054 0.035771 0.030975 0.026076 0.021074 0.01607 0.011065 0.0062544
86 0.087062 0.084122 0.081054 0.077668 0.074043 0.070352 0.066593 0.062784 0.058445 0.054106 0.049705 0.045242 0.040779 0.03599 0.031169 0.026247 0.021225 0.016173 0.01108 0.0061606
87 0.086619 0.083693 0.080766 0.07745 0.073842 0.070204 0.066538 0.062819 0.058553 0.054287 0.049929 0.045479 0.041028 0.03621 0.031356 0.026407 0.021363 0.016262 0.011088 0.0061079
88 0.086131 0.083345 0.080384 0.077127 0.073649 0.070113 0.066521 0.062876 0.058692 0.054508 0.050187 0.045731 0.041274 0.036421 0.031529 0.02655 0.021485 0.016338 0.011083 0.0060577
89 0.085927 0.082856 0.079918 0.076762 0.073442 0.070013 0.066475 0.062888 0.058795 0.054702 0.050429 0.045975 0.041522 0.036641 0.03172 0.026708 0.021606 0.01643 0.011155 0.0060361
90 0.085035 0.082309 0.079517 0.07652 0.073367 0.070027 0.066497 0.062926 0.058922 0.054919 0.050692 0.046244 0.041795 0.036887 0.031934 0.026884 0.021736 0.01653 0.011245 0.0060151
91 0.084546 0.081696 0.079022 0.076143 0.07311 0.069876 0.06644 0.062962 0.059044 0.055126 0.050939 0.046483 0.042028 0.037138 0.032207 0.027151 0.021971 0.016704 0.01132 0.0060927
92 0.083916 0.081316 0.078633 0.075763 0.072751 0.069614 0.066351 0.063036 0.059189 0.055341 0.051181 0.046709 0.042237 0.03738 0.032487 0.027433 0.022219 0.016885 0.011392 0.0061661
93 0.082909 0.080834 0.078186 0.075403 0.072519 0.069494 0.066327 0.063105 0.0593 0.055496 0.051384 0.046965 0.042545 0.0377 0.032813 0.027736 0.02247 0.017082 0.011532 0.0061999
94 0.08227 0.08029 0.077708 0.07507 0.072389 0.069479 0.066338 0.06314 0.05935 0.055561 0.051498 0.04716 0.042822 0.037989 0.033108 0.02801 0.022695 0.017258 0.011658 0.0062073
95 0.081562 0.079809 0.077339 0.074792 0.072187 0.069349 0.066278 0.063151 0.059444 0.055737 0.051734 0.047435 0.043135 0.038274 0.033359 0.028225 0.022872 0.017403 0.011777 0.0061386
96 0.080333 0.07951 0.077155 0.074625 0.071965 0.069148 0.066174 0.063146 0.059544 0.055942 0.052005 0.047733 0.043461 0.038574 0.033627 0.028456 0.02306 0.017552 0.011893 0.0060961
97 0.079847 0.079075 0.076836 0.074394 0.071799 0.069042 0.066124 0.06315 0.05961 0.056071 0.052159 0.047873 0.043588 0.038774 0.033908 0.028733 0.02325 0.017671 0.011964 0.0061308
98 0.080009 0.078567 0.076429 0.074102 0.071635 0.068951 0.066051 0.063099 0.059615 0.056131 0.052249 0.047968 0.043688 0.038943 0.034154 0.02898 0.023422 0.017787 0.012052 0.0061682
99 0.079411 0.078123 0.07592 0.07371 0.071495 0.068963 0.066116 0.063217 0.059769 0.056321 0.052479 0.048244 0.044008 0.039172 0.034279 0.029052 0.023493 0.017869 0.012157 0.0061998
100 0.079247 0.077765 0.075333 0.0732 0.071289 0.068932 0.066126 0.063267 0.059849 0.056432 0.052637 0.048465 0.044293 0.039394 0.034425 0.029168 0.023624 0.018007 0.012295 0.0062531
101 0.078585 0.077063 0.074948 0.072924 0.070969 0.068651 0.065971 0.063236 0.059934 0.056631 0.052907 0.04876 0.044614 0.039702 0.034717 0.029448 0.023896 0.018248 0.01247 0.0063262
102 0.077517 0.076255 0.074733 0.072843 0.070677 0.068328 0.065797 0.063208 0.060026 0.056844 0.053194 0.049077 0.04496 0.040053 0.03507 0.029797 0.024235 0.018512 0.012576 0.006298
103 0.076878 0.0757 0.074421 0.072741 0.07076 0.068495 0.065947 0.063335 0.060063 0.056792 0.053137 0.049098 0.04506 0.040229 0.035322 0.030089 0.024531 0.018712 0.012546 0.0061457
104 0.076007 0.075406 0.074039 0.07247 0.070748 0.068585 0.065981 0.063316 0.060014 0.056712 0.053101 0.049181 0.045261 0.04049 0.035637 0.030405 0.024795 0.018922 0.012699 0.0062335
105 0.07497 0.074749 0.073526 0.072121 0.070581 0.068503 0.065887 0.063223 0.060069 0.056916 0.053406 0.049539 0.045672 0.040865 0.035968 0.03066 0.024942 0.019048 0.012922 0.0064327
106 0.074214 0.07379 0.072781 0.071565 0.070193 0.068219 0.065642 0.063031 0.060078 0.057126 0.053746 0.04994 0.046134 0.041317 0.036402 0.03106 0.025289 0.019386 0.013306 0.0067814
107 0.073028 0.073112 0.071919 0.07083 0.069818 0.06807 0.065584 0.063067 0.060241 0.057415 0.054097 0.050287 0.046478 0.041664 0.036753 0.031408 0.025628 0.019737 0.013699 0.0071638
108 0.072077 0.072718 0.071179 0.070162 0.069538 0.068032 0.065646 0.063228 0.060473 0.057718 0.054438 0.050633 0.046828 0.041945 0.036957 0.03162 0.025934 0.02 0.013737 0.0071371
109 0.072175 0.072544 0.071033 0.069991 0.069301 0.067835 0.065593 0.063303 0.060508 0.057713 0.054456 0.050738 0.047021 0.042052 0.036962 0.031671 0.026181 0.02023 0.013668 0.007025
110 0.072203 0.071916 0.070466 0.06944 0.068733 0.067377 0.065373 0.0633 0.060521 0.057742 0.054544 0.050925 0.047306 0.04242 0.037412 0.032088 0.02645 0.020517 0.014191 0.0070765
111 0.071868 0.071357 0.069578 0.068639 0.068331 0.067265 0.065439 0.063526 0.060702 0.057877 0.054668 0.051074 0.04748 0.042742 0.037893 0.032509 0.02659 0.020657 0.014704 0.0070995
112 0.071517 0.07062 0.068529 0.0677 0.06782 0.067052 0.065397 0.063653 0.060996 0.058338 0.055188 0.051547 0.047906 0.043092 0.038164 0.032803 0.027009 0.020943 0.014512 0.0072132
113 0.070805 0.0707 0.068478 0.067477 0.067392 0.06655 0.06495 0.063295 0.061077 0.058859 0.055844 0.05203 0.048217 0.04324 0.03815 0.032838 0.027303 0.021182 0.014279 0.0073337
114 0.07082 0.070221 0.067907 0.066784 0.066555 0.065725 0.064294 0.062823 0.060943 0.059063 0.056217 0.052405 0.048593 0.043646 0.03859 0.033349 0.027922 0.021781 0.01469 0.0076735
115 0.07075 0.069193 0.067152 0.066147 0.065919 0.065183 0.063939 0.062651 0.060902 0.059154 0.056416 0.052687 0.048958 0.044058 0.039045 0.033869 0.02853 0.022367 0.015104 0.0079778
