1 0 0 0 0 0 0 0 0 0 0 0 0 0 0 0 0 0 0 0 0
2 0 0 0 0 0 0 0 0 0 0 0 0 0 0 0 0 0 0 0 0
3 0 0 0 0 0 0 0 0 0 0 0 0 0 0 0 0 0 0 0 0
4 0 0 0 0 0 0 0 0 0 0 0 0 0 0 0 0 0 0 0 0
5 0 0 0 0 0 0 0 0 0 0 0 0 0 0 0 0 0 0 0 0
6 0 0 0 0 0 0 0 0 0 0 0 0 0 0 0 0 0 0 0 0
7 0 0 0 0 0 0 0 0 0 0 0 0 0 0 0 0 0 0 0 0
8 0 0 0 0 0 0 0 0 0 0 0 0 0 0 0 0 0 0 0 0
9 0 0 0 0 0 0 0 0 0 0 0 0 0 0 0 0 0 0 0 0
10 0 0 0 0 0 0 0 0 0 0 0 0 0 0 0 0 0 0 0 0
11 0 0 0 0 0 0 0 0 0 0 0 0 0 0 0 0 0 0 0 0
12 0 0 0 0 0 0 0 0 0 0 0 0 0 0 0 0 0 0 0 0
13 0 0 0 0 0 0 0 0 0 0 0 0 0 0 0 0 0 0 0 0
14 0 0 0 0 0 0 0 0 0 0 0 0 0 0 0 0 0 0 0 0
15 0 0 0 0 0 0 0 0 0 0 0 0 0 0 0 0 0 0 0 0
16 0 0 0 0 0 0 0 0 0 0 0 0 0 0 0 0 0 0 0 0
17 0 0 0 0 0 0 0 0 0 0 0 0 0 0 0 0 0 0 0 0
18 0 0 0 0 0 0 0 0 0 0 0 0 0 0 0 0 0 0 0 0
19 0 0 0 0 0 0 0 0 0 0 0 0 0 0 0 0 0 0 0 0
20 0 0 0 0 0 0 0 0 0 0 0 0 0 0 0 0 0 0 0 0
21 0 0 0 0 0 0 0 0 0 0 0 0 0 0 0 0 0 0 0 0
22 0 0 0 0 0 0 0 0 0 0 0 0 0 0 0 0 0 0 0 0
23 0 0 0 0 0 0 0 0 0 0 0 0 0 0 0 0 0 0 0 0
24 0 0 0 0 0 0 0 0 0 0 0 0 0 0 0 0 0 0 0 0
25 0 0 0 0 0 0 0 0 0 0 0 0 0 0 0 0 0 0 0 0
26 0 0 0 0 0 0 0 0 0 0 0 0 0 0 0 0 0 0 0 0
27 0 0 0 0 0 0 0 0 0 0 0 0 0 0 0 0 0 0 0 0
28 0 0 0 0 0 0 0 0 0 0 0 0 0 0 0 0 0 0 0 0
29 0 0 0 0 0 0 0 0 0 0 0 0 0 0 0 0 0 0 0 0
30 0 0 0 0 0 0 0 0 0 0 0 0 0 0 0 0 0 0 0 0
31 0.069308 0.059668 0.056797 0.055633 0.055751 0.056126 0.056757 0.057238 0.056183 0.055128 0.053452 0.051155 0.048859 0.046437 0.044004 0.041375 0.038551 0.036383 0.035088 0.026105
32 0.07197 0.064671 0.061787 0.060138 0.059418 0.058818 0.058338 0.057723 0.055714 0.053704 0.051297 0.048491 0.045686 0.042953 0.040227 0.038219 0.036929 0.034786 0.031511 0.02762
33 0.074435 0.069635 0.066415 0.064526 0.063637 0.061994 0.059596 0.057158 0.054309 0.051461 0.048653 0.045887 0.043121 0.040479 0.037848 0.035959 0.034812 0.03275 0.02947 0.027855
34 0.075772 0.072152 0.069745 0.067036 0.064101 0.061295 0.058617 0.055949 0.053381 0.050814 0.048215 0.045585 0.042955 0.040603 0.038279 0.035893 0.033446 0.030982 0.028499 0.026679
35 0.075405 0.073046 0.069924 0.066909 0.063975 0.061135 0.058388 0.055667 0.05322 0.050773 0.048294 0.045782 0.043271 0.040812 0.038359 0.035908 0.033459 0.030991 0.028495 0.026186
36 0.076653 0.07329 0.070387 0.067353 0.06422 0.061265 0.05849 0.055732 0.05315 0.050569 0.048001 0.045446 0.042891 0.04041 0.037937 0.03555 0.033252 0.03091 0.028513 0.025982
37 0.077476 0.074078 0.070921 0.067866 0.064887 0.06189 0.058875 0.055885 0.053142 0.0504 0.047691 0.045016 0.042341 0.039928 0.037539 0.035119 0.032666 0.030324 0.028129 0.025827
38 0.078243 0.074898 0.071429 0.068215 0.06519 0.06216 0.059123 0.056104 0.053274 0.050444 0.047659 0.04492 0.042181 0.039611 0.037057 0.034559 0.032116 0.029785 0.027605 0.025427
39 0.078833 0.075504 0.072066 0.068751 0.065529 0.062383 0.059315 0.056259 0.05333 0.050401 0.047552 0.044783 0.042015 0.039354 0.036705 0.034159 0.031717 0.029349 0.02708 0.024916
40 0.086621 0.085448 0.079946 0.075155 0.070897 0.066722 0.062631 0.058533 0.054378 0.050223 0.046315 0.042654 0.038993 0.035648 0.032334 0.029032 0.025742 0.022597 0.019645 0.016487
41 0.088153 0.085892 0.080312 0.075489 0.071234 0.067039 0.062906 0.058768 0.05459 0.050411 0.046415 0.042603 0.038791 0.035329 0.031901 0.028494 0.025107 0.021894 0.018911 0.015761
42 0.08907 0.08523 0.080567 0.076013 0.071542 0.067298 0.063281 0.059247 0.055028 0.05081 0.046711 0.04273 0.038749 0.035105 0.031494 0.027997 0.024614 0.021325 0.018162 0.015028
43 0.089253 0.085265 0.080964 0.076516 0.071957 0.067647 0.063588 0.059513 0.055275 0.051036 0.046877 0.042799 0.03872 0.034941 0.031191 0.027596 0.024158 0.020796 0.017535 0.014373
44 0.089735 0.086168 0.081565 0.077015 0.072505 0.068095 0.063786 0.059483 0.055245 0.051008 0.046836 0.04273 0.038623 0.034743 0.030884 0.027177 0.023623 0.020187 0.016909 0.013682
45 0.091445 0.086686 0.081968 0.077363 0.072844 0.068347 0.063871 0.059415 0.055155 0.050896 0.046699 0.042565 0.038431 0.034499 0.030585 0.026815 0.023188 0.019703 0.016408 0.013118
46 0.091635 0.087155 0.082476 0.077841 0.073239 0.068642 0.064052 0.059486 0.055169 0.050851 0.046606 0.042432 0.038258 0.0343 0.030364 0.026556 0.022878 0.019353 0.016034 0.012674
47 0.092404 0.087528 0.082831 0.078165 0.07352 0.06888 0.064242 0.059625 0.055218 0.05081 0.046502 0.042294 0.038085 0.034102 0.03014 0.026294 0.022562 0.018977 0.015586 0.012234
48 0.092922 0.087877 0.08312 0.078419 0.073762 0.069114 0.064474 0.059845 0.055325 0.050805 0.046425 0.042184 0.037943 0.033933 0.029945 0.026058 0.022273 0.018616 0.015132 0.011828
49 0.093111 0.088294 0.083453 0.078681 0.073962 0.06929 0.064665 0.060042 0.055456 0.05087 0.046426 0.042126 0.037825 0.033781 0.02976 0.02583 0.021988 0.018274 0.01473 0.011435
50 0.093414 0.088688 0.083757 0.0789 0.0741 0.0694 0.0648 0.060197 0.055572 0.050947 0.046451 0.042084 0.037717 0.033638 0.029587 0.025615 0.021723 0.017962 0.014375 0.011075
51 0.093962 0.088973 0.084061 0.079174 0.074305 0.069542 0.064887 0.060234 0.055614 0.050993 0.046471 0.042047 0.037623 0.033487 0.029378 0.025366 0.021449 0.017662 0.014049 0.010724
52 0.09424 0.089197 0.084352 0.079461 0.074535 0.069704 0.064969 0.060247 0.055647 0.051047 0.046509 0.042035 0.03756 0.033364 0.029195 0.025144 0.02121 0.017404 0.013768 0.010413
53 0.094501 0.089405 0.084516 0.079629 0.074743 0.069896 0.065087 0.060297 0.055696 0.051096 0.046538 0.042021 0.037504 0.033288 0.029102 0.02501 0.021013 0.017142 0.01344 0.010075
54 0.094489 0.089598 0.084641 0.079762 0.074943 0.070096 0.06522 0.060368 0.055764 0.05116 0.046581 0.042026 0.037471 0.033243 0.029046 0.024915 0.020851 0.016913 0.013142 0.0097682
55 0.094629 0.089725 0.084788 0.079893 0.075029 0.070174 0.065326 0.060496 0.055859 0.051221 0.046622 0.042061 0.0375 0.033207 0.028939 0.024761 0.020674 0.016711 0.012912 0.009474
56 0.094731 0.089802 0.084908 0.080002 0.075087 0.070228 0.065424 0.060632 0.055963 0.051293 0.046676 0.04211 0.037544 0.033185 0.028846 0.024623 0.020514 0.016527 0.012702 0.0092027
57 0.095012 0.089914 0.084991 0.08009 0.075205 0.070352 0.06553 0.060719 0.056025 0.051331 0.04669 0.0421 0.037511 0.033123 0.028753 0.024501 0.020365 0.01635 0.012496 0.0089441
58 0.094929 0.090037 0.085085 0.080191 0.075341 0.070495 0.065655 0.060826 0.056108 0.051389 0.046725 0.042114 0.037504 0.033085 0.028684 0.0244 0.020233 0.016186 0.012302 0.0087086
59 0.095017 0.089992 0.085088 0.080205 0.075339 0.070513 0.065728 0.060946 0.05619 0.051435 0.046761 0.042167 0.037574 0.033128 0.028696 0.024369 0.020148 0.016053 0.012125 0.0085283
60 0.094836 0.090005 0.085137 0.080262 0.075381 0.070567 0.065821 0.061071 0.056284 0.051496 0.046809 0.042223 0.037636 0.033159 0.028693 0.024327 0.020061 0.015924 0.011957 0.0083521
61 0.094811 0.089867 0.085037 0.080224 0.075425 0.07065 0.065901 0.06115 0.056379 0.051608 0.046919 0.042312 0.037705 0.033191 0.028685 0.024288 0.019999 0.01583 0.011822 0.0081943
62 0.094577 0.089805 0.08501 0.080243 0.075497 0.070748 0.065996 0.061243 0.056481 0.05172 0.047022 0.042388 0.037753 0.033205 0.028666 0.024245 0.019944 0.015746 0.011685 0.0080273
63 0.0945 0.089667 0.084966 0.080238 0.075491 0.07076 0.066046 0.06133 0.056581 0.051833 0.047126 0.04246 0.037794 0.033225 0.028665 0.024237 0.019939 0.01571 0.011569 0.0078627
64 0.094304 0.089588 0.084955 0.080259 0.075515 0.070799 0.066111 0.061419 0.056677 0.051935 0.047218 0.042526 0.037834 0.033246 0.028668 0.024224 0.019913 0.015652 0.011456 0.0077033
65 0.094162 0.089442 0.084847 0.080199 0.075512 0.070835 0.066169 0.061497 0.056765 0.052033 0.047316 0.042614 0.037912 0.03331 0.028717 0.024246 0.019896 0.015597 0.011367 0.007565
66 0.093927 0.089318 0.084773 0.080174 0.075535 0.070886 0.066229 0.061565 0.05684 0.052115 0.0474 0.042693 0.037987 0.033371 0.028763 0.024265 0.019876 0.015547 0.011299 0.0074376
67 0.093688 0.089076 0.084646 0.080128 0.075543 0.070925 0.066272 0.061614 0.056905 0.052197 0.047493 0.042793 0.038094 0.033464 0.028841 0.024314 0.019883 0.015526 0.011267 0.007331
68 0.09344 0.088901 0.084549 0.080095 0.075563 0.070968 0.06631 0.06165 0.05697 0.052289 0.047597 0.042893 0.03819 0.033545 0.028906 0.024353 0.019887 0.015494 0.011198 0.0072029
69 0.093149 0.088704 0.084397 0.080005 0.075547 0.070989 0.06633 0.061673 0.057043 0.052413 0.047741 0.043027 0.038313 0.033652 0.028997 0.024419 0.019917 0.01548 0.011128 0.0070748
70 0.092799 0.088545 0.084278 0.07993 0.075522 0.071006 0.066382 0.061759 0.057138 0.052517 0.047849 0.043134 0.038419 0.033751 0.029088 0.024482 0.019933 0.015453 0.011063 0.0069516
71 0.092556 0.088322 0.084109 0.079807 0.075438 0.070982 0.066438 0.061887 0.057252 0.052616 0.047946 0.043241 0.038536 0.033866 0.029199 0.024564 0.019962 0.015435 0.011008 0.0068342
72 0.092282 0.088121 0.08393 0.079661 0.075333 0.070937 0.066472 0.061994 0.057369 0.052745 0.048076 0.043362 0.038648 0.033968 0.029291 0.024641 0.020017 0.015451 0.010965 0.0067358
73 0.09195 0.087886 0.083702 0.079467 0.075194 0.07087 0.066494 0.062099 0.057503 0.052907 0.048244 0.043513 0.038782 0.034091 0.029402 0.024737 0.020095 0.015489 0.010933 0.0066431
74 0.091653 0.087699 0.083588 0.079403 0.075161 0.07087 0.066531 0.062169 0.057583 0.052996 0.048336 0.043604 0.038871 0.034177 0.029486 0.024807 0.02014 0.015499 0.010892 0.0065352
75 0.091229 0.08746 0.083481 0.079367 0.075152 0.070886 0.066568 0.062228 0.057652 0.053076 0.048425 0.0437 0.038975 0.034281 0.02959 0.024897 0.020203 0.015524 0.010863 0.0064401
76 0.090848 0.08716 0.083246 0.079184 0.075009 0.070783 0.066505 0.062207 0.057707 0.053207 0.048592 0.043861 0.03913 0.034434 0.029742 0.02504 0.020327 0.01562 0.010917 0.0064837
77 0.090345 0.086841 0.082969 0.078955 0.074835 0.070662 0.066436 0.062193 0.057787 0.053381 0.048806 0.044063 0.03932 0.034618 0.029919 0.0252 0.020459 0.015718 0.010976 0.0065162
78 0.089936 0.086457 0.082674 0.078747 0.07471 0.070615 0.066461 0.062286 0.057896 0.053506 0.048952 0.044232 0.039512 0.034802 0.030092 0.025335 0.020529 0.015755 0.011023 0.00648
79 0.089559 0.085981 0.082322 0.078505 0.07457 0.070568 0.066497 0.0624 0.058022 0.053643 0.049107 0.044414 0.03972 0.034999 0.030276 0.025483 0.02062 0.015808 0.011063 0.0064422
80 0.089176 0.085643 0.08207 0.078338 0.074487 0.070544 0.06651 0.062446 0.058075 0.053705 0.049193 0.044538 0.039884 0.035162 0.030433 0.025636 0.02077 0.015915 0.011073 0.006404
81 0.088644 0.085329 0.081836 0.078187 0.074421 0.070539 0.06654 0.062509 0.058144 0.053778 0.049289 0.044677 0.040065 0.035336 0.030595 0.025782 0.020895 0.015994 0.011074 0.0063652
82 0.0882 0.084983 0.081588 0.07803 0.074349 0.07054 0.066602 0.062625 0.058235 0.053846 0.049375 0.044823 0.040271 0.035524 0.030759 0.025901 0.02095 0.016004 0.011062 0.0063324
83 0.087782 0.08456 0.08128 0.077827 0.074242 0.070516 0.066648 0.062734 0.058333 0.053933 0.049486 0.044992 0.040498 0.035734 0.030943 0.026048 0.021049 0.016054 0.011066 0.0062758
84 0.087177 0.084187 0.081085 0.07769 0.074075 0.070379 0.066603 0.062776 0.058427 0.054078 0.04967 0.045202 0.040734 0.035949 0.031134 0.026217 0.021198 0.016155 0.011081 0.006184
85 0.086699 0.083746 0.080829 0.077505 0.073874 0.070219 0.06654 0.062809 0.058528 0.054248 0.049884 0.045435 0.040986 0.036175 0.031329 0.026385 0.021344 0.016252 0.011092 0.0061205
86 0.086189 0.083407 0.080456 0.07719 0.073686 0.070132 0.066526 0.062867 0.058667 0.054466 0.050139 0.045684 0.041229 0.036383 0.031499 0.026527 0.021465 0.016328 0.011089 0.0060717
87 0.086003 0.082952 0.07999 0.076806 0.073457 0.070014 0.066476 0.062887 0.058778 0.054669 0.050387 0.045933 0.04148 0.036604 0.031688 0.026683 0.021589 0.016418 0.011142 0.0060435
88 0.085227 0.082407 0.079588 0.07656 0.073376 0.070019 0.06649 0.062918 0.058897 0.054876 0.050641 0.046192 0.041743 0.036841 0.031895 0.026853 0.021714 0.016513 0.011229 0.0060226
89 0.08461 0.081757 0.079088 0.07621 0.073176 0.069926 0.066459 0.062952 0.059022 0.055091 0.0509 0.046448 0.041997 0.037101 0.032161 0.027104 0.02193 0.016675 0.011312 0.0060801
90 0.084069 0.081376 0.078699 0.075831 0.072819 0.069664 0.066367 0.06302 0.059159 0.055298 0.051134 0.046666 0.042198 0.037335 0.032433 0.027379 0.022171 0.01685 0.011377 0.0061554
91 0.083051 0.080917 0.078261 0.075454 0.072534 0.06949 0.066322 0.063097 0.059292 0.055487 0.051367 0.046933 0.042498 0.03765 0.032762 0.02769 0.022432 0.017053 0.011511 0.0061982
92 0.082364 0.080388 0.077796 0.075131 0.07241 0.069478 0.066335 0.063134 0.059344 0.055553 0.051481 0.047126 0.042772 0.037936 0.033053 0.02796 0.022656 0.017228 0.011636 0.0062205
93 0.081697 0.079852 0.077364 0.074817 0.072227 0.069388 0.066301 0.063158 0.059432 0.055707 0.051693 0.047389 0.043084 0.038229 0.033321 0.028194 0.022847 0.017382 0.011759 0.0061589
94 0.080604 0.079554 0.077179 0.07465 0.072005 0.069187 0.066196 0.063149 0.059527 0.055904 0.051955 0.047678 0.043401 0.038515 0.033571 0.028407 0.023024 0.017527 0.011878 0.0060891
95 0.079868 0.079141 0.076888 0.074428 0.071814 0.069048 0.066129 0.063155 0.059607 0.05606 0.052145 0.047864 0.043582 0.03875 0.033865 0.02869 0.023224 0.017657 0.011958 0.0061281
96 0.080004 0.078653 0.076498 0.074151 0.071661 0.068965 0.066064 0.063111 0.059618 0.056124 0.052232 0.047942 0.043651 0.038908 0.03412 0.02895 0.023397 0.017765 0.012028 0.0061602
97 0.0795 0.078151 0.075996 0.073776 0.071508 0.068948 0.066097 0.063194 0.059745 0.056296 0.05245 0.048205 0.043961 0.039144 0.034272 0.029056 0.023494 0.017865 0.012144 0.0061981
98 0.079219 0.077848 0.075469 0.073323 0.071351 0.068959 0.066147 0.063282 0.059853 0.056425 0.052616 0.048425 0.044234 0.039335 0.034368 0.029113 0.023571 0.017961 0.012262 0.0062398
99 0.078933 0.077178 0.074958 0.072914 0.071003 0.068696 0.065992 0.063234 0.059911 0.056587 0.05285 0.0487 0.04455 0.039642 0.034661 0.029395 0.023844 0.018201 0.012436 0.006313
100 0.077625 0.076405 0.074763 0.072849 0.070733 0.068394 0.065834 0.063217 0.060017 0.056817 0.053155 0.049032 0.044909 0.039993 0.035001 0.029724 0.024165 0.018464 0.012577 0.0063263
101 0.076961 0.075704 0.074446 0.072751 0.070727 0.068449 0.065919 0.063324 0.060075 0.056825 0.053173 0.049118 0.045063 0.040214 0.035289 0.030045 0.024483 0.018683 0.012565 0.0061864
102 0.076232 0.0755 0.074156 0.072567 0.070793 0.068607 0.066008 0.063344 0.060001 0.056658 0.053024 0.049097 0.045171 0.04041 0.035568 0.030353 0.024765 0.018897 0.012656 0.0061949
103 0.075054 0.074865 0.073608 0.072175 0.070611 0.068524 0.065915 0.063256 0.060073 0.056889 0.053359 0.049482 0.045605 0.040805 0.035916 0.030624 0.024927 0.019035 0.012883 0.0063933
104 0.074382 0.074029 0.072979 0.071724 0.070314 0.068298 0.065676 0.063021 0.06003 0.057039 0.053643 0.049843 0.046042 0.041229 0.036318 0.03098 0.025214 0.019311 0.013225 0.0067042
105 0.073218 0.073196 0.072071 0.070972 0.069894 0.068103 0.065601 0.063069 0.060218 0.057367 0.054038 0.05023 0.046423 0.041608 0.036696 0.03135 0.02557 0.019673 0.013621 0.007083
106 0.072202 0.072745 0.071287 0.070262 0.069563 0.068012 0.065609 0.063176 0.060434 0.057692 0.054413 0.050596 0.046779 0.041916 0.036951 0.031608 0.025886 0.019957 0.013753 0.0071606
107 0.072118 0.072543 0.071029 0.070001 0.069336 0.067869 0.065601 0.063288 0.060506 0.057724 0.054465 0.050731 0.046996 0.042047 0.03698 0.031679 0.026142 0.020193 0.013695 0.007057
108 0.072244 0.072113 0.07065 0.069585 0.06882 0.067408 0.065351 0.063231 0.060465 0.0577 0.054508 0.050888 0.047268 0.042357 0.03732 0.03201 0.026428 0.020492 0.014086 0.0070773
109 0.071893 0.071434 0.069738 0.06879 0.068402 0.067279 0.06542 0.063477 0.060667 0.057856 0.054653 0.051056 0.047459 0.042688 0.037804 0.032433 0.026576 0.020651 0.014634 0.0070902
110 0.071599 0.07078 0.068677 0.067813 0.067881 0.067086 0.065427 0.063672 0.060938 0.058204 0.055036 0.051432 0.047829 0.04305 0.038157 0.03279 0.02695 0.020902 0.014578 0.0071988
111 0.070926 0.07066 0.068472 0.067513 0.067478 0.066657 0.065051 0.063382 0.061072 0.058762 0.05572 0.051947 0.048174 0.043233 0.038179 0.032853 0.027254 0.021119 0.014269 0.0072801
112 0.070801 0.070353 0.068028 0.066897 0.066664 0.065817 0.064357 0.062857 0.060957 0.059057 0.056194 0.052368 0.048542 0.043588 0.038524 0.033268 0.027819 0.02168 0.014621 0.0076093
113 0.07072 0.069374 0.067283 0.066259 0.066036 0.065286 0.064008 0.062686 0.060913 0.059141 0.056383 0.052639 0.048894 0.043985 0.038963 0.033776 0.028424 0.022263 0.015022 0.0079463
114 0.070645 0.068044 0.066276 0.06543 0.065276 0.064717 0.063751 0.062724 0.061062 0.0594 0.056745 0.053099 0.049453 0.044493 0.039407 0.034217 0.028924 0.022764 0.01545 0.0081211
115 0.070233 0.067864 0.066065 0.065093 0.064741 0.06427 0.063681 0.062988 0.061224 0.059459 0.056799 0.053242 0.049686 0.044654 0.039478 0.034308 0.029144 0.023064 0.015764 0.0082424
