1 0 0 0 0 0 0 0 0 0 0 0 0 0 0 0 0 0 0 0 0
2 0 0 0 0 0 0 0 0 0 0 0 0 0 0 0 0 0 0 0 0
3 0 0 0 0 0 0 0 0 0 0 0 0 0 0 0 0 0 0 0 0
4 0 0 0 0 0 0 0 0 0 0 0 0 0 0 0 0 0 0 0 0
5 0 0 0 0 0 0 0 0 0 0 0 0 0 0 0 0 0 0 0 0
6 0 0 0 0 0 0 0 0 0 0 0 0 0 0 0 0 0 0 0 0
7 0 0 0 0 0 0 0 0 0 0 0 0 0 0 0 0 0 0 0 0
8 0 0 0 0 0 0 0 0 0 0 0 0 0 0 0 0 0 0 0 0
9 0 0 0 0 0 0 0 0 0 0 0 0 0 0 0 0 0 0 0 0
10 0 0 0 0 0 0 0 0 0 0 0 0 0 0 0 0 0 0 0 0
11 0 0 0 0 0 0 0 0 0 0 0 0 0 0 0 0 0 0 0 0
12 0 0 0 0 0 0 0 0 0 0 0 0 0 0 0 0 0 0 0 0
13 0 0 0 0 0 0 0 0 0 0 0 0 0 0 0 0 0 0 0 0
14 0 0 0 0 0 0 0 0 0 0 0 0 0 0 0 0 0 0 0 0
15 0 0 0 0 0 0 0 0 0 0 0 0 0 0 0 0 0 0 0 0
16 0 0 0 0 0 0 0 0 0 0 0 0 0 0 0 0 0 0 0 0
17 0 0 0 0 0 0 0 0 0 0 0 0 0 0 0 0 0 0 0 0
18 0 0 0 0 0 0 0 0 0 0 0 0 0 0 0 0 0 0 0 0
19 0 0 0 0 0 0 0 0 0 0 0 0 0 0 0 0 0 0 0 0
20 0 0 0 0 0 0 0 0 0 0 0 0 0 0 0 0 0 0 0 0
21 0 0 0 0 0 0 0 0 0 0 0 0 0 0 0 0 0 0 0 0
22 0.069417 0.059751 0.056865 0.055689 0.055797 0.056161 0.056782 0.057253 0.056188 0.055122 0.053437 0.051131 0.048826 0.046398 0.043958 0.041325 0.038497 0.036325 0.035025 0.026054
23 0.073751 0.067738 0.063955 0.061581 0.060264 0.059216 0.058435 0.057519 0.055193 0.052867 0.050274 0.047414 0.044554 0.041855 0.039172 0.037326 0.036317 0.034152 0.030448 0.027969
24 0.07588 0.071218 0.067657 0.065343 0.063966 0.061869 0.059051 0.056258 0.053719 0.05118 0.04849 0.045647 0.042805 0.040417 0.038072 0.036 0.034199 0.031911 0.028974 0.027342
25 0.07557 0.072747 0.070081 0.067127 0.063958 0.061086 0.058511 0.055935 0.053356 0.050777 0.0482 0.045625 0.043051 0.040717 0.038406 0.035908 0.033223 0.030724 0.02847 0.026527
26 0.075341 0.073011 0.070144 0.067163 0.064096 0.061175 0.0584 0.055654 0.05322 0.050786 0.048296 0.045749 0.043202 0.040716 0.038235 0.035796 0.033399 0.030977 0.028522 0.026118
27 0.077149 0.073693 0.070627 0.067518 0.064375 0.061398 0.058586 0.05579 0.053145 0.050501 0.047879 0.045278 0.042676 0.040216 0.037769 0.035383 0.033056 0.030713 0.028351 0.025896
28 0.077657 0.074274 0.071071 0.068053 0.065174 0.062166 0.059028 0.055923 0.053156 0.05039 0.047647 0.044928 0.042209 0.039774 0.037365 0.034923 0.032449 0.030114 0.027966 0.025733
29 0.078562 0.075216 0.071635 0.068302 0.065154 0.062102 0.059146 0.056197 0.053319 0.050441 0.047635 0.0449 0.042164 0.039541 0.036928 0.034406 0.031973 0.029642 0.027448 0.02529
30 0.078958 0.075605 0.072275 0.068994 0.065749 0.062552 0.059404 0.056274 0.053324 0.050373 0.047504 0.044715 0.041926 0.039256 0.036596 0.034042 0.031593 0.02921 0.026913 0.024737
31 0.079642 0.076205 0.072799 0.06944 0.066115 0.062827 0.059574 0.056343 0.053325 0.050307 0.04739 0.044575 0.04176 0.039019 0.036285 0.033676 0.031194 0.028781 0.026462 0.024281
32 0.080332 0.076832 0.073253 0.069765 0.066345 0.063002 0.059735 0.056484 0.053381 0.050279 0.047293 0.044424 0.041554 0.038776 0.036006 0.033365 0.030853 0.028402 0.026033 0.023888
33 0.080822 0.077295 0.073684 0.070126 0.066606 0.063209 0.059934 0.056666 0.053474 0.050282 0.047214 0.044271 0.041327 0.03854 0.035768 0.033103 0.030544 0.028041 0.025613 0.023482
34 0.081211 0.077654 0.074108 0.070528 0.066924 0.063449 0.060104 0.056767 0.053521 0.050274 0.047166 0.044196 0.041227 0.038387 0.03556 0.032832 0.030202 0.027659 0.025231 0.023002
35 0.081727 0.078103 0.074416 0.070774 0.067167 0.063655 0.060239 0.056839 0.053595 0.050352 0.047205 0.044155 0.041104 0.038207 0.035326 0.032549 0.029878 0.027306 0.024868 0.022536
36 0.082272 0.078546 0.074772 0.071073 0.067432 0.063869 0.060383 0.056914 0.053623 0.050332 0.047143 0.044056 0.040969 0.038032 0.03511 0.032289 0.029568 0.026958 0.024495 0.022162
37 0.082782 0.078904 0.075114 0.071385 0.067702 0.064089 0.060547 0.05702 0.053665 0.05031 0.047068 0.043939 0.04081 0.037842 0.03489 0.032041 0.029296 0.026652 0.024144 0.0218
38 0.083247 0.079232 0.075444 0.07169 0.067962 0.064302 0.06071 0.057135 0.053735 0.050335 0.047042 0.043856 0.040671 0.037656 0.034657 0.031776 0.02901 0.026334 0.023776 0.02143
39 0.08364 0.079586 0.075768 0.071979 0.06821 0.064503 0.060855 0.057229 0.053811 0.050394 0.047059 0.043806 0.040553 0.037487 0.034439 0.031514 0.028712 0.026 0.023406 0.02105
40 0.09332 0.088465 0.083583 0.078774 0.07402 0.069331 0.064708 0.060087 0.055484 0.05088 0.046417 0.042092 0.037768 0.033712 0.029681 0.025738 0.021882 0.018154 0.014599 0.011306
41 0.093513 0.088867 0.083898 0.079005 0.07417 0.06945 0.064847 0.06024 0.055599 0.050958 0.046443 0.042054 0.037665 0.033573 0.029509 0.025525 0.021622 0.017851 0.014256 0.010956
42 0.094262 0.08907 0.084173 0.079277 0.074382 0.069591 0.064904 0.060224 0.055607 0.050991 0.046462 0.04202 0.037578 0.033423 0.029296 0.025272 0.021352 0.017561 0.013944 0.010612
43 0.094306 0.089321 0.084473 0.079571 0.074629 0.069774 0.065008 0.060256 0.055654 0.051053 0.046506 0.042015 0.037523 0.033316 0.029136 0.025073 0.021126 0.017306 0.013656 0.010299
44 0.094513 0.089506 0.084586 0.079694 0.074824 0.069971 0.065135 0.060319 0.055714 0.051109 0.046541 0.04201 0.037479 0.033259 0.029069 0.024965 0.020947 0.017056 0.013335 0.0099688
45 0.094571 0.089703 0.084728 0.079835 0.075003 0.070145 0.065261 0.060401 0.055783 0.051165 0.046576 0.042015 0.037454 0.033207 0.02899 0.024846 0.020774 0.016829 0.013053 0.0096626
46 0.094659 0.089779 0.08485 0.079946 0.075059 0.070197 0.06536 0.06054 0.055889 0.051238 0.046631 0.042068 0.037505 0.03319 0.028899 0.024708 0.020615 0.016645 0.01284 0.0093842
47 0.094872 0.089882 0.084972 0.080057 0.075139 0.070273 0.065458 0.060655 0.055972 0.05129 0.046662 0.042088 0.037514 0.033147 0.028799 0.024568 0.020453 0.016459 0.012627 0.0091143
48 0.095066 0.089963 0.085027 0.080126 0.075251 0.070399 0.065568 0.060749 0.056046 0.051343 0.046693 0.042095 0.037498 0.033099 0.02872 0.024458 0.020314 0.016291 0.01243 0.0088639
49 0.094989 0.090041 0.085099 0.080204 0.075345 0.070503 0.065679 0.060863 0.056131 0.051398 0.046729 0.042124 0.037518 0.03309 0.02868 0.024382 0.020198 0.016138 0.012241 0.0086484
50 0.094951 0.090004 0.085112 0.080229 0.075354 0.070531 0.06576 0.06099 0.05622 0.051451 0.046771 0.042182 0.037593 0.033137 0.028695 0.024355 0.020117 0.016008 0.012068 0.0084716
51 0.094842 0.089969 0.085111 0.080255 0.075399 0.070597 0.065848 0.061097 0.056313 0.05153 0.046841 0.042247 0.037653 0.033164 0.028685 0.024309 0.020037 0.01589 0.011911 0.0083007
52 0.094735 0.08984 0.08502 0.080226 0.07545 0.070686 0.065934 0.06118 0.056413 0.051646 0.046955 0.04234 0.037725 0.033198 0.02868 0.024273 0.019977 0.015799 0.011779 0.0081449
53 0.094614 0.089756 0.084992 0.080238 0.075491 0.070748 0.066008 0.061267 0.05651 0.051752 0.047051 0.042407 0.037762 0.033207 0.028662 0.024239 0.019939 0.015732 0.011647 0.0079752
54 0.094449 0.089627 0.084957 0.080242 0.075493 0.070767 0.066066 0.06136 0.056615 0.05187 0.047159 0.042483 0.037806 0.03323 0.028664 0.024232 0.019937 0.015698 0.011533 0.0078119
55 0.094297 0.089531 0.084912 0.080233 0.075509 0.070807 0.066127 0.061442 0.056704 0.051965 0.047248 0.042553 0.037858 0.033266 0.028683 0.024231 0.019908 0.015635 0.011428 0.007661
56 0.094049 0.089395 0.084814 0.080183 0.075515 0.070852 0.066193 0.061528 0.056799 0.052069 0.047352 0.042646 0.037941 0.033334 0.028736 0.024256 0.019893 0.015582 0.01134 0.0075234
57 0.093845 0.089225 0.084723 0.080154 0.075534 0.070897 0.066242 0.061582 0.056863 0.052144 0.047433 0.042729 0.038025 0.033404 0.028791 0.024284 0.019882 0.015544 0.011292 0.0074068
58 0.093523 0.08899 0.084603 0.080114 0.07555 0.070942 0.066292 0.061637 0.056934 0.052231 0.047531 0.042834 0.038136 0.033501 0.028872 0.024335 0.019891 0.015524 0.011261 0.0073003
59 0.093321 0.088818 0.084486 0.080056 0.075552 0.070973 0.066316 0.06166 0.056997 0.052335 0.04765 0.042943 0.038237 0.033587 0.028942 0.024381 0.019903 0.015495 0.011181 0.0071671
60 0.092945 0.088628 0.084341 0.079973 0.075544 0.071001 0.066344 0.06169 0.057078 0.052466 0.047801 0.043083 0.038365 0.033698 0.029036 0.024448 0.019932 0.015479 0.01111 0.0070377
61 0.092707 0.088445 0.084202 0.079875 0.075484 0.070992 0.066399 0.061803 0.057179 0.052556 0.047888 0.043177 0.038467 0.033798 0.029133 0.024517 0.019951 0.015455 0.011052 0.0069201
62 0.092386 0.08823 0.084041 0.07976 0.075409 0.070978 0.066465 0.061941 0.057301 0.052662 0.04799 0.043286 0.038583 0.03391 0.029239 0.024596 0.019981 0.01544 0.010997 0.0068043
63 0.09216 0.08801 0.083829 0.079578 0.075274 0.070907 0.066477 0.062031 0.057418 0.052806 0.048141 0.043422 0.038704 0.03402 0.029339 0.024684 0.020052 0.015473 0.010963 0.0067128
64 0.091789 0.087806 0.08363 0.079412 0.075161 0.070861 0.066513 0.062143 0.057552 0.052961 0.048298 0.043562 0.038825 0.03413 0.029438 0.024767 0.020116 0.015498 0.010924 0.0066128
65 0.091474 0.087579 0.083523 0.07937 0.075144 0.070868 0.066542 0.062193 0.057613 0.053033 0.048379 0.04365 0.038922 0.034227 0.029536 0.024852 0.020174 0.015519 0.010892 0.0065095
66 0.091016 0.08733 0.083401 0.079316 0.075115 0.070862 0.066558 0.062231 0.057675 0.053119 0.04848 0.043757 0.039033 0.03434 0.029649 0.024954 0.020253 0.015563 0.010888 0.0064586
67 0.090646 0.087005 0.083116 0.07908 0.074933 0.070732 0.066478 0.062206 0.057741 0.053276 0.048677 0.043944 0.039211 0.034513 0.029819 0.025111 0.02039 0.015669 0.010948 0.0065063
68 0.09011 0.086702 0.082856 0.078871 0.074782 0.070638 0.066439 0.062223 0.05783 0.053436 0.048872 0.044136 0.0394 0.034695 0.029993 0.025261 0.020498 0.015744 0.011002 0.006513
69 0.089705 0.086243 0.082516 0.078638 0.074647 0.070592 0.066474 0.062332 0.057951 0.053571 0.049026 0.044317 0.039609 0.034895 0.03018 0.025407 0.020577 0.015788 0.011055 0.0064783
70 0.089376 0.085795 0.082186 0.078415 0.074522 0.070551 0.066502 0.062424 0.058053 0.053682 0.049157 0.044478 0.0398 0.035078 0.030353 0.025557 0.02069 0.015861 0.011082 0.0064405
71 0.088924 0.085469 0.081937 0.078247 0.074437 0.070526 0.066513 0.062469 0.058108 0.053747 0.049247 0.044609 0.039971 0.035248 0.030517 0.025716 0.020846 0.015973 0.011093 0.0064022
72 0.088383 0.085155 0.081707 0.078101 0.074375 0.070528 0.066559 0.062554 0.058188 0.053821 0.049342 0.044752 0.040163 0.035428 0.030679 0.02585 0.02094 0.01602 0.011089 0.0063666
73 0.087995 0.084772 0.081434 0.077926 0.074292 0.070523 0.066619 0.062672 0.058281 0.05389 0.049431 0.044903 0.040376 0.035623 0.030849 0.025974 0.020998 0.016032 0.011077 0.0063334
74 0.087493 0.084353 0.081156 0.07774 0.074159 0.070455 0.06663 0.062756 0.058379 0.054003 0.049574 0.045092 0.04061 0.035839 0.031039 0.026135 0.021126 0.016111 0.01109 0.0062607
75 0.086891 0.083969 0.080951 0.077593 0.073981 0.070309 0.066579 0.062797 0.058475 0.054153 0.049764 0.045308 0.040853 0.036061 0.031237 0.02631 0.021281 0.016217 0.011106 0.0061665
76 0.08643 0.083551 0.080639 0.077351 0.07378 0.070173 0.066531 0.062836 0.05859 0.054344 0.049998 0.045551 0.041104 0.036281 0.031423 0.026467 0.021416 0.016304 0.011113 0.0061189
77 0.086009 0.083184 0.080238 0.077012 0.073575 0.070073 0.066507 0.062889 0.058727 0.054565 0.050257 0.045805 0.041353 0.036495 0.031598 0.026613 0.02154 0.016382 0.011109 0.0060687
78 0.085729 0.082667 0.079775 0.076665 0.07339 0.069991 0.06647 0.0629 0.058829 0.054758 0.050499 0.046051 0.041604 0.03672 0.031794 0.026775 0.021664 0.016477 0.011191 0.0060508
79 0.084784 0.082105 0.079364 0.076416 0.073312 0.070005 0.066493 0.062941 0.058961 0.054982 0.050771 0.046328 0.041885 0.036973 0.032016 0.026958 0.021799 0.016581 0.011284 0.0060405
80 0.084351 0.081532 0.07888 0.076024 0.073016 0.069814 0.06642 0.062982 0.059084 0.055187 0.051012 0.04656 0.042108 0.037222 0.032294 0.027235 0.022045 0.016762 0.011357 0.0061174
81 0.083629 0.081142 0.078482 0.075637 0.072652 0.06955 0.066333 0.063062 0.059237 0.055412 0.051265 0.046796 0.042326 0.037475 0.032586 0.027528 0.022302 0.016954 0.011441 0.0061903
82 0.082665 0.080638 0.078026 0.075289 0.072457 0.069469 0.066323 0.063121 0.059331 0.055541 0.051445 0.047042 0.042638 0.037794 0.032907 0.027824 0.022547 0.017144 0.011577 0.0062214
83 0.082028 0.080075 0.077532 0.074944 0.072322 0.069451 0.066333 0.063157 0.059383 0.05561 0.051564 0.047245 0.042927 0.038092 0.033207 0.028102 0.022775 0.017324 0.011707 0.0062232
84 0.081274 0.079636 0.077211 0.074691 0.072101 0.069287 0.06625 0.063157 0.059478 0.0558 0.051816 0.047527 0.043238 0.038374 0.033454 0.028313 0.022949 0.017466 0.011825 0.0061525
85 0.08009 0.079313 0.077008 0.074508 0.071863 0.069073 0.066137 0.063146 0.059576 0.056007 0.052089 0.047823 0.043557 0.038677 0.033738 0.028562 0.023148 0.01762 0.011942 0.0061225
86 0.079731 0.078857 0.076663 0.074266 0.071717 0.068995 0.0661 0.06315 0.059634 0.056118 0.052221 0.047944 0.043666 0.038863 0.034009 0.028832 0.023332 0.017735 0.01201 0.0061558
87 0.079768 0.078317 0.076229 0.073953 0.071536 0.068891 0.06602 0.063098 0.059652 0.056207 0.052352 0.048086 0.04382 0.039064 0.034261 0.029075 0.023506 0.01786 0.012109 0.0061971
88 0.079181 0.077934 0.075722 0.073551 0.071411 0.068931 0.066112 0.063239 0.059811 0.056382 0.052558 0.048338 0.044118 0.039273 0.034368 0.029132 0.023566 0.017933 0.01221 0.0062263
89 0.079069 0.077517 0.075075 0.072985 0.071161 0.068865 0.066098 0.063276 0.059894 0.056512 0.05274 0.048579 0.044419 0.039518 0.034546 0.029282 0.023727 0.018094 0.012358 0.0062857
90 0.078045 0.07679 0.074807 0.072836 0.070874 0.068577 0.065944 0.063254 0.059987 0.056719 0.053019 0.048885 0.044751 0.039837 0.034849 0.029573 0.024009 0.018343 0.01254 0.0063618
91 0.077169 0.075906 0.074536 0.072723 0.070579 0.068271 0.0658 0.063267 0.060089 0.056912 0.053274 0.049176 0.045079 0.04018 0.035204 0.029929 0.024355 0.018607 0.01263 0.006315
92 0.076571 0.075508 0.074244 0.072612 0.070702 0.068481 0.065947 0.063348 0.060083 0.056819 0.05318 0.049166 0.045153 0.040336 0.035441 0.03021 0.024644 0.018802 0.012594 0.0061576
93 0.075558 0.075127 0.07378 0.072274 0.070649 0.068548 0.065971 0.063333 0.06007 0.056807 0.053223 0.049319 0.045416 0.04064 0.035781 0.030534 0.024902 0.01901 0.012776 0.0062808
94 0.074665 0.07445 0.073298 0.071957 0.070474 0.068436 0.065845 0.063208 0.0601 0.056992 0.053514 0.049668 0.045821 0.041011 0.036108 0.030787 0.025046 0.019136 0.013001 0.0064827
95 0.073809 0.073382 0.072464 0.071348 0.070083 0.068181 0.065642 0.06307 0.060153 0.057236 0.053879 0.050081 0.046284 0.041467 0.036552 0.031202 0.025418 0.019499 0.013402 0.0068474
96 0.072629 0.072852 0.071632 0.070588 0.069675 0.067997 0.065554 0.063081 0.060297 0.057512 0.05422 0.050422 0.046623 0.041812 0.036903 0.031552 0.02576 0.019855 0.0138 0.0072361
97 0.07188 0.072473 0.070965 0.069986 0.069404 0.067946 0.065613 0.063244 0.060508 0.057771 0.054514 0.050735 0.046957 0.042068 0.037071 0.031735 0.026059 0.02011 0.013797 0.0071647
98 0.071978 0.072302 0.070838 0.069826 0.069153 0.067726 0.065544 0.063309 0.060534 0.05776 0.054529 0.050842 0.047155 0.042179 0.03708 0.031792 0.026316 0.020349 0.01373 0.0070601
99 0.07191 0.071602 0.070157 0.069192 0.068587 0.067311 0.065364 0.063345 0.060582 0.05782 0.054638 0.051037 0.047437 0.042571 0.037582 0.032249 0.02657 0.020621 0.014311 0.0071151
100 0.071589 0.071055 0.069241 0.068353 0.068162 0.067187 0.065426 0.063574 0.060767 0.05796 0.054769 0.051196 0.047622 0.042907 0.038082 0.032692 0.026738 0.020764 0.014764 0.0071507
101 0.071151 0.070439 0.068363 0.067539 0.067656 0.066908 0.065295 0.063598 0.06103 0.058462 0.055353 0.051704 0.048055 0.043226 0.038283 0.032923 0.027147 0.021058 0.014554 0.0072585
102 0.07049 0.070482 0.068272 0.067273 0.067182 0.066361 0.064809 0.063207 0.061094 0.05898 0.056012 0.052189 0.048366 0.043379 0.03828 0.03298 0.027479 0.021355 0.014401 0.0074094
103 0.070577 0.069836 0.067615 0.066553 0.066359 0.065579 0.064212 0.062803 0.06097 0.059137 0.056328 0.052543 0.048758 0.043821 0.038772 0.033533 0.028105 0.021944 0.014805 0.0077487
104 0.070496 0.068762 0.066827 0.065889 0.0657 0.065019 0.063848 0.062631 0.060935 0.05924 0.056543 0.052845 0.049147 0.044255 0.039247 0.03407 0.028725 0.022539 0.015235 0.0080457
105 0.070262 0.067699 0.066036 0.065209 0.06501 0.064509 0.063706 0.062826 0.061151 0.059475 0.056837 0.053236 0.049635 0.044656 0.039544 0.034358 0.029098 0.022948 0.015613 0.0081928
106 0.069896 0.067646 0.065808 0.064787 0.064381 0.063977 0.063577 0.063055 0.061274 0.059494 0.056856 0.05336 0.049863 0.04488 0.039753 0.03457 0.02933 0.023215 0.015933 0.0083432
107 0.069367 0.067292 0.065619 0.064449 0.063656 0.063182 0.063024 0.062738 0.061113 0.059488 0.056989 0.053615 0.050242 0.045492 0.040609 0.035329 0.029653 0.023359 0.016244 0.0085398
108 0.069007 0.066588 0.065628 0.064377 0.062908 0.062181 0.062196 0.06209 0.060729 0.059367 0.05709 0.053898 0.050707 0.046144 0.041448 0.036117 0.030151 0.02375 0.016772 0.0088525
109 0.068837 0.065455 0.064767 0.063529 0.061876 0.061299 0.061797 0.062133 0.060803 0.059472 0.057355 0.054451 0.051547 0.046779 0.041831 0.036448 0.030632 0.024345 0.017432 0.0092116
110 0.068515 0.06455 0.063423 0.062128 0.060705 0.060509 0.06154 0.062355 0.060932 0.059508 0.057515 0.054954 0.052392 0.047519 0.042421 0.037022 0.03132 0.025056 0.018044 0.0095927
111 0.067704 0.063708 0.062455 0.061414 0.060532 0.060526 0.061395 0.062066 0.060698 0.05933 0.057473 0.055128 0.052783 0.048034 0.043053 0.037709 0.032002 0.025651 0.018442 0.0098963
112 0.068256 0.06349 0.062225 0.061388 0.060873 0.06076 0.061047 0.061192 0.059871 0.05855 0.056834 0.054721 0.052608 0.048054 0.043264 0.038143 0.032691 0.026505 0.019342 0.010185
113 0.068882 0.064133 0.062843 0.061945 0.061341 0.060748 0.060164 0.059537 0.05846 0.057383 0.055895 0.053996 0.052096 0.047842 0.04336 0.038634 0.033665 0.027794 0.020721 0.010561
114 0.069218 0.065902 0.06438 0.063146 0.062129 0.060815 0.059203 0.057675 0.057012 0.056348 0.055228 0.053652 0.052075 0.047784 0.04323 0.038513 0.033634 0.027944 0.021174 0.010938
115 0.07073 0.066917 0.064581 0.062982 0.061937 0.060701 0.059274 0.057903 0.057099 0.056295 0.055219 0.053873 0.052526 0.047676 0.042488 0.037469 0.032618 0.027248 0.021185 0.01128
