1 0 0 0 0 0 0 0 0 0 0 0 0 0 0 0 0 0 0 0 0
2 0 0 0 0 0 0 0 0 0 0 0 0 0 0 0 0 0 0 0 0
3 0 0 0 0 0 0 0 0 0 0 0 0 0 0 0 0 0 0 0 0
4 0 0 0 0 0 0 0 0 0 0 0 0 0 0 0 0 0 0 0 0
5 0 0 0 0 0 0 0 0 0 0 0 0 0 0 0 0 0 0 0 0
6 0 0 0 0 0 0 0 0 0 0 0 0 0 0 0 0 0 0 0 0
7 0 0 0 0 0 0 0 0 0 0 0 0 0 0 0 0 0 0 0 0
8 0 0 0 0 0 0 0 0 0 0 0 0 0 0 0 0 0 0 0 0
9 0 0 0 0 0 0 0 0 0 0 0 0 0 0 0 0 0 0 0 0
10 0 0 0 0 0 0 0 0 0 0 0 0 0 0 0 0 0 0 0 0
11 0 0 0 0 0 0 0 0 0 0 0 0 0 0 0 0 0 0 0 0
12 0 0 0 0 0 0 0 0 0 0 0 0 0 0 0 0 0 0 0 0
13 0 0 0 0 0 0 0 0 0 0 0 0 0 0 0 0 0 0 0 0
14 0 0 0 0 0 0 0 0 0 0 0 0 0 0 0 0 0 0 0 0
15 0 0 0 0 0 0 0 0 0 0 0 0 0 0 0 0 0 0 0 0
16 0 0 0 0 0 0 0 0 0 0 0 0 0 0 0 0 0 0 0 0
17 0 0 0 0 0 0 0 0 0 0 0 0 0 0 0 0 0 0 0 0
18 0 0 0 0 0 0 0 0 0 0 0 0 0 0 0 0 0 0 0 0
19 0 0 0 0 0 0 0 0 0 0 0 0 0 0 0 0 0 0 0 0
20 0 0 0 0 0 0 0 0 0 0 0 0 0 0 0 0 0 0 0 0
21 0 0 0 0 0 0 0 0 0 0 0 0 0 0 0 0 0 0 0 0
22 0 0 0 0 0 0 0 0 0 0 0 0 0 0 0 0 0 0 0 0
23 0 0 0 0 0 0 0 0 0 0 0 0 0 0 0 0 0 0 0 0
24 0 0 0 0 0 0 0 0 0 0 0 0 0 0 0 0 0 0 0 0
25 0 0 0 0 0 0 0 0 0 0 0 0 0 0 0 0 0 0 0 0
26 0 0 0 0 0 0 0 0 0 0 0 0 0 0 0 0 0 0 0 0
27 0 0 0 0 0 0 0 0 0 0 0 0 0 0 0 0 0 0 0 0
28 0 0 0 0 0 0 0 0 0 0 0 0 0 0 0 0 0 0 0 0
29 0 0 0 0 0 0 0 0 0 0 0 0 0 0 0 0 0 0 0 0
30 0.069328 0.059684 0.056809 0.055643 0.05576 0.056133 0.056761 0.057241 0.056184 0.055127 0.053449 0.051151 0.048852 0.04643 0.043995 0.041366 0.038541 0.036372 0.035076 0.026095
31 0.072217 0.065322 0.062205 0.060406 0.059598 0.058922 0.05838 0.057703 0.055627 0.053552 0.051105 0.048288 0.04547 0.042724 0.039984 0.038011 0.036804 0.034671 0.031305 0.027706
32 0.074756 0.069948 0.066455 0.064484 0.063658 0.062005 0.059524 0.057016 0.054226 0.051437 0.048651 0.045868 0.043086 0.040492 0.037916 0.03599 0.034715 0.032607 0.029392 0.027774
33 0.075727 0.072175 0.069788 0.067063 0.064084 0.061264 0.058602 0.055949 0.053382 0.050815 0.048221 0.045601 0.042981 0.040633 0.038311 0.035903 0.033408 0.030938 0.0285 0.026657
34 0.075399 0.073046 0.06997 0.066962 0.064004 0.061138 0.058366 0.055624 0.053198 0.050772 0.048301 0.045783 0.043266 0.040802 0.038343 0.035894 0.033454 0.030994 0.028506 0.026179
35 0.076755 0.073352 0.07042 0.067373 0.064239 0.061282 0.058501 0.055737 0.053145 0.050552 0.047976 0.045416 0.042856 0.040378 0.037907 0.035527 0.033237 0.030895 0.028485 0.025966
36 0.077504 0.0741 0.070943 0.067895 0.064929 0.06193 0.058898 0.055892 0.053142 0.050392 0.047677 0.044997 0.042317 0.039906 0.037521 0.035098 0.032637 0.030295 0.02811 0.025818
37 0.078296 0.074952 0.071464 0.068228 0.065183 0.062149 0.059127 0.05612 0.053282 0.050444 0.047656 0.044917 0.042179 0.039599 0.037035 0.034533 0.032092 0.029761 0.027578 0.025404
38 0.078853 0.07552 0.072101 0.068792 0.065566 0.062412 0.05933 0.056261 0.053329 0.050396 0.047544 0.044772 0.042 0.039338 0.036687 0.03414 0.031696 0.029326 0.027052 0.024886
39 0.079395 0.075988 0.072659 0.069347 0.066049 0.06278 0.059541 0.056324 0.053326 0.050328 0.047424 0.044613 0.041802 0.039084 0.036374 0.033781 0.031305 0.028898 0.026582 0.024399
40 0.088291 0.08585 0.080327 0.07552 0.07125 0.067052 0.062925 0.058793 0.054612 0.05043 0.046428 0.042605 0.038782 0.035309 0.03187 0.028458 0.025072 0.021854 0.018861 0.015712
41 0.089056 0.085212 0.080588 0.076046 0.071563 0.067316 0.063303 0.059272 0.055051 0.05083 0.046725 0.042736 0.038747 0.035095 0.031476 0.027974 0.024591 0.021298 0.018128 0.014994
42 0.089502 0.085306 0.080987 0.076532 0.071975 0.06766 0.063586 0.059497 0.055259 0.051021 0.046862 0.042782 0.038703 0.034918 0.031162 0.027562 0.024117 0.020752 0.017491 0.014327
43 0.089854 0.086208 0.08159 0.077034 0.072526 0.068111 0.063789 0.059475 0.055238 0.051 0.046828 0.04272 0.038612 0.034727 0.030864 0.027153 0.023594 0.020155 0.016876 0.013647
44 0.091478 0.086718 0.082001 0.077394 0.072868 0.068364 0.063881 0.059417 0.055154 0.050891 0.046691 0.042554 0.038418 0.034484 0.030569 0.026796 0.023167 0.01968 0.016383 0.01309
45 0.091651 0.087183 0.082505 0.077867 0.07326 0.068658 0.064061 0.059489 0.055168 0.050848 0.046599 0.042423 0.038247 0.034289 0.030351 0.026541 0.022861 0.019335 0.016014 0.012651
46 0.092453 0.087552 0.082851 0.078182 0.073536 0.068893 0.064255 0.059637 0.055222 0.050808 0.046495 0.042285 0.038074 0.034089 0.030126 0.026278 0.022543 0.018954 0.015558 0.012209
47 0.09294 0.087901 0.083139 0.078436 0.073777 0.069127 0.064487 0.059856 0.05533 0.050804 0.04642 0.042177 0.037934 0.033923 0.029934 0.026045 0.022257 0.018597 0.015109 0.011807
48 0.093144 0.088321 0.083473 0.078696 0.073971 0.069297 0.064672 0.06005 0.055461 0.050872 0.046426 0.042121 0.037817 0.03377 0.029748 0.025815 0.021971 0.018254 0.014708 0.011413
49 0.093423 0.088713 0.083776 0.078915 0.074109 0.069407 0.064807 0.060205 0.055578 0.05095 0.046451 0.042081 0.03771 0.033629 0.029576 0.025603 0.021708 0.017945 0.014356 0.011057
50 0.094014 0.088987 0.084078 0.07919 0.074317 0.06955 0.064889 0.060232 0.055613 0.050993 0.04647 0.042043 0.037616 0.033477 0.029365 0.02535 0.021433 0.017646 0.014032 0.010706
51 0.094247 0.089213 0.084371 0.079479 0.074549 0.069714 0.064975 0.060248 0.055648 0.051049 0.04651 0.042033 0.037556 0.033357 0.029184 0.025131 0.021196 0.01739 0.013753 0.010397
52 0.094501 0.08942 0.084527 0.079639 0.074756 0.069908 0.065095 0.0603 0.0557 0.051099 0.046539 0.04202 0.037501 0.033284 0.029097 0.025003 0.021003 0.017128 0.013422 0.010057
53 0.094481 0.089614 0.084652 0.079773 0.074957 0.070108 0.065229 0.060373 0.055769 0.051164 0.046583 0.042026 0.037469 0.033239 0.029042 0.024909 0.02084 0.016898 0.013125 0.009749
54 0.094632 0.089732 0.084797 0.079901 0.075034 0.070177 0.065332 0.060504 0.055864 0.051225 0.046624 0.042063 0.037502 0.033205 0.028933 0.024753 0.020665 0.0167 0.0129 0.009459
55 0.094739 0.089827 0.084934 0.080026 0.075106 0.070243 0.065435 0.060639 0.055963 0.051288 0.046667 0.042099 0.037532 0.033173 0.028833 0.024609 0.0205 0.016513 0.012687 0.009186
56 0.095024 0.08992 0.084995 0.080095 0.075212 0.070359 0.065536 0.060724 0.056029 0.051333 0.04669 0.0421 0.037509 0.033119 0.028748 0.024494 0.020356 0.01634 0.012485 0.0089306
57 0.094939 0.090042 0.085088 0.080192 0.07534 0.070496 0.065659 0.060832 0.056111 0.05139 0.046725 0.042116 0.037507 0.033086 0.028684 0.024397 0.020227 0.016178 0.012292 0.0086985
58 0.095005 0.089993 0.085091 0.080208 0.075341 0.070516 0.065733 0.060953 0.056195 0.051438 0.046763 0.04217 0.037578 0.03313 0.028696 0.024367 0.020143 0.016045 0.012116 0.0085189
59 0.094836 0.089998 0.085132 0.08026 0.075384 0.070572 0.065826 0.061076 0.056289 0.051502 0.046815 0.042227 0.037639 0.03316 0.028692 0.024324 0.020057 0.015918 0.011949 0.0083435
60 0.094812 0.08986 0.085032 0.080223 0.075427 0.070655 0.065906 0.061155 0.056384 0.051614 0.046925 0.042316 0.037708 0.033192 0.028684 0.024285 0.019995 0.015825 0.011815 0.0081859
61 0.094585 0.089797 0.085006 0.080241 0.075496 0.070748 0.065998 0.061247 0.056486 0.051725 0.047027 0.042391 0.037755 0.033206 0.028665 0.024244 0.019943 0.015743 0.011679 0.0080185
62 0.094492 0.08966 0.084964 0.080238 0.075491 0.070761 0.06605 0.061335 0.056587 0.051839 0.047132 0.042464 0.037796 0.033226 0.028665 0.024236 0.019939 0.015708 0.011563 0.0078541
63 0.094303 0.089579 0.084948 0.080255 0.075514 0.0708 0.066114 0.061423 0.056681 0.05194 0.047223 0.04253 0.037838 0.033249 0.02867 0.024225 0.019912 0.015649 0.011451 0.0076961
64 0.094144 0.089434 0.084841 0.080196 0.075512 0.070838 0.066173 0.061502 0.05677 0.052039 0.047322 0.042619 0.037917 0.033314 0.02872 0.024248 0.019895 0.015595 0.011362 0.0075579
65 0.093914 0.089303 0.084765 0.080171 0.075535 0.070888 0.066231 0.061568 0.056844 0.05212 0.047405 0.042699 0.037993 0.033376 0.028768 0.024268 0.019877 0.015547 0.011298 0.0074323
66 0.093662 0.089062 0.08464 0.080126 0.075545 0.070928 0.066275 0.061618 0.05691 0.052202 0.047499 0.0428 0.0381 0.03347 0.028846 0.024317 0.019884 0.015525 0.011266 0.0073257
67 0.093422 0.088888 0.084539 0.080089 0.075561 0.070969 0.066311 0.061651 0.056974 0.052297 0.047606 0.042901 0.038197 0.033551 0.028911 0.024357 0.019889 0.015494 0.011195 0.0071967
68 0.093117 0.088693 0.084389 0.08 0.075547 0.070991 0.066332 0.061676 0.057049 0.052422 0.047751 0.043036 0.038321 0.033659 0.029003 0.024423 0.01992 0.01548 0.011125 0.0070685
69 0.092785 0.08853 0.084267 0.079922 0.075516 0.071004 0.066385 0.061766 0.057145 0.052523 0.047855 0.043141 0.038426 0.033758 0.029095 0.024487 0.019936 0.015453 0.01106 0.0069461
70 0.092529 0.088308 0.084098 0.079799 0.075433 0.070981 0.066442 0.061895 0.057259 0.052623 0.047953 0.043249 0.038545 0.033874 0.029206 0.02457 0.019965 0.015436 0.011006 0.0068285
71 0.092267 0.088104 0.083915 0.079648 0.075324 0.070932 0.066473 0.062 0.057377 0.052754 0.048086 0.043371 0.038656 0.033976 0.029299 0.024647 0.020022 0.015454 0.010964 0.0067316
72 0.09192 0.087869 0.083687 0.079455 0.075185 0.070866 0.066496 0.062106 0.057512 0.052918 0.048255 0.043523 0.038792 0.034099 0.02941 0.024744 0.0201 0.015492 0.010932 0.0066378
73 0.091628 0.087682 0.083579 0.079398 0.075159 0.07087 0.066532 0.062173 0.057587 0.053001 0.048342 0.043611 0.038879 0.034184 0.029493 0.024813 0.020145 0.015501 0.010891 0.0065305
74 0.091196 0.08744 0.08347 0.079362 0.075149 0.070885 0.066569 0.062231 0.057656 0.053081 0.048431 0.043707 0.038982 0.034288 0.029598 0.024905 0.02021 0.015529 0.010867 0.0064427
75 0.090824 0.087136 0.083226 0.079167 0.074997 0.070774 0.0665 0.062206 0.057712 0.053217 0.048604 0.043873 0.039142 0.034446 0.029753 0.02505 0.020337 0.015627 0.010922 0.006487
76 0.090304 0.086822 0.082953 0.078943 0.074828 0.070658 0.066435 0.062197 0.057795 0.053394 0.048821 0.044076 0.039331 0.034628 0.029929 0.025207 0.020464 0.015721 0.010979 0.0065148
77 0.089902 0.086425 0.082651 0.078731 0.074701 0.070611 0.066463 0.062293 0.057905 0.053516 0.048963 0.044245 0.039527 0.034816 0.030105 0.025345 0.020536 0.015759 0.011028 0.0064792
78 0.089539 0.085949 0.082299 0.078491 0.074563 0.070566 0.0665 0.062407 0.058028 0.053649 0.049114 0.044422 0.039731 0.03501 0.030287 0.025493 0.02063 0.015815 0.011065 0.0064413
79 0.08914 0.085618 0.082051 0.078325 0.07448 0.070541 0.06651 0.062449 0.05808 0.053711 0.0492 0.044549 0.039897 0.035174 0.030445 0.025648 0.020782 0.015923 0.011076 0.0064031
80 0.088605 0.085309 0.081821 0.078177 0.074416 0.070538 0.066543 0.062515 0.058149 0.053783 0.049296 0.044687 0.040078 0.035348 0.030607 0.025791 0.0209 0.015996 0.011075 0.0063647
81 0.088172 0.084952 0.081566 0.078015 0.074341 0.070538 0.066605 0.062632 0.058242 0.053852 0.049383 0.044835 0.040286 0.035539 0.030772 0.025911 0.020957 0.016007 0.011064 0.0063319
82 0.087738 0.084523 0.081261 0.077815 0.074231 0.070508 0.066647 0.062738 0.058341 0.053944 0.049499 0.045007 0.040516 0.03575 0.030957 0.026061 0.02106 0.016063 0.011069 0.0062727
83 0.087125 0.084157 0.081067 0.077677 0.074062 0.07037 0.0666 0.06278 0.058435 0.05409 0.049684 0.045218 0.040752 0.035966 0.031149 0.02623 0.02121 0.016164 0.011084 0.0061804
84 0.086661 0.083719 0.080802 0.077482 0.07386 0.070212 0.066539 0.062813 0.058537 0.054262 0.049901 0.045452 0.041003 0.03619 0.031342 0.026397 0.021354 0.016259 0.011095 0.0061195
85 0.086146 0.083377 0.080426 0.077165 0.073672 0.070125 0.066524 0.062872 0.058677 0.054482 0.050157 0.045703 0.041248 0.0364 0.031514 0.026539 0.021476 0.016335 0.011091 0.0060706
86 0.085964 0.082911 0.079959 0.076786 0.073448 0.070011 0.066475 0.062889 0.058786 0.054682 0.050404 0.045951 0.041497 0.036621 0.031703 0.026696 0.021599 0.016426 0.011149 0.0060439
87 0.085153 0.082364 0.079557 0.076541 0.073368 0.070018 0.066492 0.062922 0.058907 0.054892 0.05066 0.046212 0.041764 0.03686 0.031912 0.026868 0.021726 0.016523 0.011237 0.0060232
88 0.084574 0.081725 0.079058 0.076183 0.073152 0.069909 0.066453 0.062956 0.059031 0.055105 0.050916 0.046464 0.042012 0.037118 0.032181 0.027123 0.021947 0.016687 0.011318 0.0060855
89 0.084005 0.081344 0.078669 0.075803 0.072794 0.069647 0.066362 0.063026 0.05917 0.055315 0.051153 0.046685 0.042217 0.037355 0.032455 0.0274 0.02219 0.016864 0.011384 0.0061615
90 0.082966 0.08088 0.07823 0.075433 0.072526 0.06949 0.066324 0.063102 0.059299 0.055496 0.051379 0.04695 0.04252 0.037672 0.032784 0.02771 0.022449 0.017066 0.011521 0.0062013
91 0.082317 0.080343 0.077758 0.075104 0.072398 0.069475 0.066334 0.063137 0.059349 0.05556 0.051492 0.047142 0.042793 0.037958 0.033076 0.027981 0.022674 0.017242 0.011646 0.0062214
92 0.081637 0.079823 0.077344 0.0748 0.072209 0.069373 0.066293 0.063157 0.059439 0.055721 0.05171 0.047408 0.043106 0.03825 0.03334 0.02821 0.022861 0.017394 0.011768 0.0061568
93 0.080502 0.079525 0.077159 0.074633 0.071987 0.069173 0.066189 0.06315 0.059536 0.055921 0.051976 0.047702 0.043427 0.03854 0.033593 0.028426 0.02304 0.01754 0.011887 0.0060938
94 0.079816 0.079105 0.07686 0.074409 0.071804 0.069043 0.066127 0.063156 0.059613 0.05607 0.052157 0.047876 0.043594 0.038767 0.033887 0.028711 0.02324 0.017668 0.011965 0.0061319
95 0.080003 0.078607 0.076461 0.074125 0.071645 0.068956 0.066058 0.063109 0.05962 0.056132 0.052242 0.047952 0.043662 0.038922 0.034139 0.028969 0.023413 0.017778 0.012039 0.0061653
96 0.079443 0.078123 0.075959 0.073746 0.071496 0.068948 0.066101 0.063202 0.059755 0.056309 0.052466 0.048225 0.043984 0.039162 0.034285 0.029065 0.023503 0.017873 0.012153 0.0062017
97 0.079206 0.077805 0.075415 0.073277 0.071327 0.068948 0.066142 0.063281 0.059856 0.056431 0.052626 0.048441 0.044256 0.039359 0.034393 0.029138 0.023594 0.017981 0.012276 0.0062466
98 0.078802 0.077123 0.074939 0.072905 0.070985 0.068679 0.065985 0.063237 0.059921 0.056606 0.052874 0.048727 0.044579 0.03967 0.034688 0.02942 0.023868 0.018221 0.012451 0.0063198
99 0.077565 0.076337 0.074735 0.072834 0.070707 0.068369 0.06582 0.063215 0.060024 0.056834 0.053177 0.049056 0.044934 0.040021 0.035031 0.029755 0.024193 0.018485 0.012584 0.0063233
100 0.076908 0.07568 0.07442 0.072733 0.070726 0.068456 0.065924 0.063328 0.060075 0.056822 0.053171 0.049123 0.045074 0.04023 0.03531 0.030068 0.024506 0.018699 0.012567 0.0061803
101 0.076138 0.075451 0.074105 0.072526 0.070772 0.068595 0.065995 0.063331 0.060005 0.05668 0.053055 0.049132 0.045209 0.040445 0.0356 0.03038 0.024785 0.018913 0.012674 0.0062081
102 0.075001 0.074807 0.073565 0.072145 0.070592 0.068512 0.065905 0.063248 0.060076 0.056904 0.053381 0.049508 0.045635 0.040834 0.035943 0.030646 0.024943 0.019048 0.0129 0.0064067
103 0.074313 0.073943 0.07291 0.07167 0.070273 0.068266 0.065647 0.062998 0.060034 0.05707 0.053687 0.049886 0.046085 0.04127 0.036358 0.031017 0.025248 0.019342 0.013254 0.0067277
104 0.073129 0.073149 0.072008 0.070917 0.069862 0.068088 0.065595 0.063071 0.060229 0.057388 0.054064 0.050258 0.046451 0.041637 0.036725 0.031378 0.025597 0.019699 0.013648 0.0071069
105 0.072126 0.07271 0.071232 0.070215 0.069544 0.068011 0.065617 0.063191 0.060449 0.057707 0.05443 0.050618 0.046807 0.041939 0.036968 0.031626 0.025911 0.019979 0.013758 0.00716
106 0.072102 0.072514 0.071007 0.069979 0.069312 0.06785 0.065594 0.063292 0.06051 0.057727 0.054473 0.050745 0.047017 0.042064 0.036991 0.031692 0.026166 0.020215 0.013697 0.0070545
107 0.072208 0.072033 0.070578 0.069519 0.068757 0.067365 0.065344 0.063258 0.060492 0.057726 0.054534 0.050916 0.047298 0.042393 0.037363 0.032049 0.02645 0.020512 0.014122 0.0070829
108 0.071852 0.071382 0.069666 0.068726 0.068368 0.067266 0.065421 0.063491 0.06068 0.057869 0.054667 0.051073 0.047479 0.042718 0.037843 0.032468 0.026594 0.020668 0.014672 0.0070944
109 0.071547 0.070704 0.068577 0.06773 0.067844 0.067074 0.06542 0.063674 0.060964 0.058255 0.055094 0.051482 0.04787 0.043081 0.038179 0.032813 0.026983 0.020928 0.014574 0.0072083
110 0.070856 0.070646 0.068453 0.067487 0.067441 0.066619 0.06502 0.06336 0.06108 0.058799 0.055768 0.051986 0.048204 0.043254 0.038191 0.032867 0.027282 0.02114 0.014257 0.0072913
111 0.070777 0.070288 0.067961 0.066837 0.066618 0.065784 0.064336 0.062849 0.060959 0.059068 0.056213 0.052393 0.048573 0.043621 0.038559 0.033306 0.027861 0.021719 0.014648 0.0076305
112 0.070694 0.069287 0.067218 0.066206 0.065987 0.065246 0.063983 0.062676 0.060914 0.059153 0.056404 0.052666 0.048929 0.044022 0.039003 0.033819 0.028472 0.022307 0.015054 0.0079602
113 0.070588 0.067908 0.066225 0.065411 0.065249 0.064697 0.063755 0.06275 0.061084 0.059418 0.056765 0.053125 0.049484 0.044521 0.039429 0.03424 0.028951 0.022793 0.015475 0.008132
114 0.070196 0.067843 0.066037 0.065056 0.064694 0.064232 0.063671 0.063003 0.061235 0.059467 0.056808 0.05326 0.049711 0.044675 0.039494 0.034324 0.029163 0.023085 0.015789 0.0082574
115 0.069769 0.067642 0.065724 0.064547 0.063927 0.063499 0.063265 0.062899 0.061178 0.059457 0.056885 0.053461 0.050038 0.045214 0.040255 0.035004 0.029461 0.023233 0.016092 0.0084481
