1 0 0 0 0 0 0 0 0 0 0 0 0 0 0 0 0 0 0 0 0
2 0 0 0 0 0 0 0 0 0 0 0 0 0 0 0 0 0 0 0 0
3 0 0 0 0 0 0 0 0 0 0 0 0 0 0 0 0 0 0 0 0
4 0 0 0 0 0 0 0 0 0 0 0 0 0 0 0 0 0 0 0 0
5 0 0 0 0 0 0 0 0 0 0 0 0 0 0 0 0 0 0 0 0
6 0 0 0 0 0 0 0 0 0 0 0 0 0 0 0 0 0 0 0 0
7 0 0 0 0 0 0 0 0 0 0 0 0 0 0 0 0 0 0 0 0
8 0 0 0 0 0 0 0 0 0 0 0 0 0 0 0 0 0 0 0 0
9 0 0 0 0 0 0 0 0 0 0 0 0 0 0 0 0 0 0 0 0
10 0 0 0 0 0 0 0 0 0 0 0 0 0 0 0 0 0 0 0 0
11 0 0 0 0 0 0 0 0 0 0 0 0 0 0 0 0 0 0 0 0
12 0 0 0 0 0 0 0 0 0 0 0 0 0 0 0 0 0 0 0 0
13 0 0 0 0 0 0 0 0 0 0 0 0 0 0 0 0 0 0 0 0
14 0 0 0 0 0 0 0 0 0 0 0 0 0 0 0 0 0 0 0 0
15 0 0 0 0 0 0 0 0 0 0 0 0 0 0 0 0 0 0 0 0
16 0.069378 0.059721 0.05684 0.055669 0.055781 0.056149 0.056773 0.057248 0.056186 0.055125 0.053442 0.05114 0.048837 0.046412 0.043975 0.041343 0.038516 0.036346 0.035048 0.026072
17 0.07101 0.063259 0.060182 0.058696 0.058404 0.058167 0.057985 0.057671 0.055988 0.054304 0.05209 0.049344 0.046599 0.043937 0.041284 0.039098 0.037379 0.035194 0.032388 0.027019
18 0.07364 0.068729 0.066238 0.064492 0.063307 0.061701 0.059675 0.057553 0.054435 0.051317 0.048415 0.045726 0.043038 0.040659 0.038309 0.03655 0.035382 0.033185 0.029619 0.02803
19 0.076112 0.072165 0.069556 0.0669 0.064208 0.061481 0.058721 0.055976 0.053393 0.050811 0.048178 0.045495 0.042811 0.04044 0.0381 0.035807 0.033561 0.031126 0.028439 0.026719
20 0.075501 0.073134 0.070005 0.066947 0.063944 0.061116 0.058463 0.05582 0.053275 0.05073 0.048212 0.04572 0.043228 0.040792 0.038361 0.035899 0.033406 0.030899 0.028373 0.026175
21 0.076377 0.073155 0.070348 0.067348 0.064201 0.061245 0.058477 0.05573 0.053184 0.050638 0.048084 0.045522 0.042959 0.040472 0.037993 0.03559 0.033264 0.030908 0.028512 0.025993
22 0.077464 0.074079 0.070902 0.067802 0.06476 0.061759 0.0588 0.055862 0.05314 0.050418 0.047728 0.045068 0.042408 0.039979 0.037572 0.035159 0.032738 0.030395 0.028155 0.025811
23 0.078128 0.074767 0.071357 0.068207 0.065252 0.062224 0.059121 0.056045 0.053238 0.050432 0.047655 0.044907 0.042159 0.039623 0.037107 0.034623 0.032171 0.02984 0.027668 0.025475
24 0.078834 0.075505 0.071985 0.068635 0.065415 0.062292 0.059266 0.05625 0.053328 0.050406 0.047566 0.044806 0.042046 0.03939 0.036744 0.034202 0.031764 0.029406 0.027157 0.025002
25 0.079228 0.075835 0.072568 0.069292 0.066009 0.06275 0.059517 0.056305 0.053321 0.050337 0.04744 0.04463 0.04182 0.039122 0.036436 0.033857 0.031387 0.028985 0.026673 0.024488
26 0.080048 0.076564 0.073028 0.069589 0.066222 0.062902 0.059629 0.056376 0.053325 0.050274 0.047338 0.044517 0.041695 0.038914 0.036137 0.033502 0.031007 0.028586 0.026262 0.024084
27 0.080588 0.077075 0.073463 0.069931 0.06646 0.063095 0.059836 0.056587 0.053435 0.050283 0.04725 0.044334 0.041418 0.038645 0.035884 0.03324 0.030711 0.028233 0.025823 0.023708
28 0.081005 0.077465 0.073892 0.070325 0.066762 0.063326 0.060017 0.056716 0.053496 0.050275 0.047188 0.044234 0.04128 0.038468 0.035669 0.032972 0.030377 0.027854 0.025428 0.023248
29 0.081471 0.07788 0.074263 0.070651 0.067045 0.063551 0.060171 0.056802 0.053557 0.050311 0.047184 0.044174 0.041164 0.038297 0.035443 0.032691 0.03004 0.027484 0.025051 0.022772
30 0.08201 0.078336 0.074597 0.070924 0.067301 0.063763 0.060311 0.056875 0.053611 0.050347 0.047178 0.044106 0.041033 0.038115 0.035212 0.032413 0.029718 0.027129 0.02468 0.022341
31 0.082546 0.078755 0.074953 0.07123 0.067568 0.063977 0.060459 0.056957 0.053636 0.050315 0.047102 0.043997 0.040892 0.037939 0.035 0.032161 0.029422 0.026794 0.024314 0.021981
32 0.083006 0.07904 0.075265 0.071531 0.06783 0.064196 0.060631 0.057081 0.053693 0.050304 0.047035 0.043884 0.040732 0.037751 0.034786 0.031928 0.029177 0.026519 0.023984 0.021629
33 0.083432 0.079385 0.075588 0.071819 0.068072 0.064392 0.060779 0.057185 0.05378 0.050375 0.047064 0.043846 0.040628 0.03758 0.034549 0.031644 0.028865 0.026171 0.023592 0.021255
34 0.08373 0.079735 0.075902 0.072104 0.068332 0.064604 0.060921 0.05726 0.053831 0.050403 0.047048 0.043767 0.040486 0.03742 0.034375 0.031438 0.02861 0.025878 0.023276 0.02088
35 0.084066 0.080125 0.076253 0.072389 0.068529 0.064747 0.061045 0.057364 0.053907 0.05045 0.04705 0.043708 0.040366 0.037264 0.034186 0.031212 0.028345 0.025576 0.02294 0.02048
36 0.084455 0.080506 0.076568 0.072621 0.068669 0.064844 0.061145 0.057468 0.054003 0.050539 0.047106 0.043704 0.040302 0.037131 0.033982 0.030959 0.028062 0.025265 0.022602 0.020068
37 0.084785 0.080805 0.076727 0.072762 0.068883 0.065053 0.061271 0.057519 0.054073 0.050626 0.047178 0.043726 0.040275 0.037034 0.033813 0.030732 0.027791 0.024965 0.022291 0.019693
38 0.085217 0.081173 0.076968 0.07298 0.069155 0.06534 0.061535 0.057746 0.054135 0.050524 0.047004 0.043573 0.040143 0.036891 0.033657 0.030541 0.027545 0.024633 0.021833 0.019408
39 0.085121 0.0811 0.077172 0.073277 0.069406 0.065569 0.061767 0.057974 0.054266 0.050558 0.046984 0.043543 0.040101 0.036798 0.033508 0.030363 0.027365 0.024437 0.021601 0.019091
40 0.094669 0.089754 0.084799 0.079897 0.075034 0.070172 0.065309 0.060467 0.055831 0.051195 0.046596 0.042033 0.037471 0.03319 0.028936 0.024768 0.020687 0.016731 0.012941 0.0095199
41 0.094747 0.089828 0.084917 0.080004 0.075089 0.070223 0.065406 0.060601 0.055933 0.051265 0.046649 0.042084 0.037519 0.033174 0.028849 0.024636 0.020534 0.016554 0.012736 0.0092516
42 0.095026 0.089931 0.085005 0.080094 0.075196 0.070335 0.065511 0.060698 0.056004 0.051311 0.046671 0.042084 0.037498 0.033115 0.028752 0.024506 0.020378 0.01637 0.012525 0.0089872
43 0.09498 0.090034 0.085081 0.080182 0.075325 0.070476 0.065635 0.060805 0.056091 0.051376 0.046713 0.042103 0.037492 0.033078 0.028683 0.024406 0.020248 0.016211 0.012336 0.0087455
44 0.095055 0.090025 0.085106 0.080216 0.075347 0.070513 0.065715 0.060921 0.056169 0.051417 0.046743 0.042145 0.037548 0.033106 0.02868 0.024362 0.020153 0.016069 0.012152 0.0085583
45 0.094841 0.09001 0.085139 0.08026 0.075374 0.070557 0.065811 0.06106 0.056271 0.051482 0.046795 0.042211 0.037626 0.033155 0.028695 0.024334 0.020072 0.015941 0.011983 0.0083835
46 0.094838 0.089905 0.085066 0.08024 0.075424 0.07064 0.065889 0.061135 0.056359 0.051583 0.046893 0.042289 0.037684 0.033176 0.028678 0.024287 0.020004 0.015842 0.011844 0.0082224
47 0.094565 0.089834 0.085024 0.08025 0.075503 0.07075 0.06599 0.06123 0.056465 0.0517 0.047003 0.042373 0.037744 0.0332 0.028664 0.024245 0.019943 0.015751 0.011707 0.0080602
48 0.094533 0.089693 0.084976 0.080242 0.075493 0.070758 0.066037 0.061314 0.056562 0.051811 0.047104 0.042444 0.037783 0.033217 0.028661 0.024235 0.019937 0.015714 0.011591 0.0078949
49 0.094302 0.089608 0.08497 0.080268 0.075516 0.070794 0.066103 0.061408 0.056664 0.05192 0.047203 0.042513 0.037822 0.033236 0.028661 0.024222 0.019919 0.015664 0.011475 0.0077326
50 0.094203 0.089457 0.084858 0.080204 0.075509 0.070827 0.066158 0.061483 0.056749 0.052016 0.047299 0.042599 0.037898 0.033299 0.028709 0.024243 0.0199 0.015609 0.011385 0.007594
51 0.09394 0.08934 0.084783 0.080175 0.07553 0.070879 0.066222 0.061559 0.056833 0.052106 0.047389 0.042682 0.037974 0.03336 0.028755 0.024262 0.01988 0.015557 0.011309 0.0074622
52 0.093732 0.089095 0.084653 0.080126 0.075536 0.070915 0.066263 0.061606 0.056896 0.052186 0.047481 0.04278 0.03808 0.033452 0.028832 0.02431 0.019887 0.015535 0.011277 0.0073557
53 0.093426 0.088907 0.084555 0.080097 0.075559 0.070963 0.066308 0.061651 0.056964 0.052278 0.047584 0.042882 0.038181 0.033538 0.028902 0.024353 0.019892 0.015506 0.01122 0.0072339
54 0.09316 0.088708 0.084401 0.080004 0.075541 0.070982 0.066327 0.061673 0.057037 0.0524 0.047726 0.043015 0.038303 0.033645 0.028992 0.024418 0.019922 0.015492 0.011149 0.0071064
55 0.092784 0.088543 0.084277 0.07993 0.075523 0.071004 0.066373 0.061744 0.057128 0.052512 0.047847 0.043131 0.038415 0.033747 0.029084 0.024482 0.019942 0.015469 0.011083 0.0069819
56 0.092566 0.088316 0.084105 0.079804 0.075436 0.070977 0.066427 0.06187 0.05724 0.05261 0.047942 0.043237 0.038532 0.033861 0.029195 0.024564 0.019971 0.015451 0.011029 0.0068653
57 0.092257 0.088112 0.083931 0.079666 0.075339 0.070941 0.06647 0.061985 0.05736 0.052734 0.048067 0.043357 0.038647 0.033969 0.029294 0.024644 0.020021 0.01546 0.010984 0.0067626
58 0.091948 0.087873 0.0837 0.07947 0.075199 0.070871 0.066489 0.062088 0.057491 0.052895 0.048233 0.043507 0.038781 0.034091 0.029404 0.02474 0.020099 0.015498 0.010952 0.0066709
59 0.091628 0.087674 0.08356 0.079377 0.075142 0.070858 0.066524 0.062167 0.057584 0.053001 0.048344 0.043613 0.038881 0.034186 0.029495 0.024817 0.020152 0.015515 0.010914 0.0065666
60 0.091215 0.087434 0.083452 0.079341 0.075134 0.070874 0.066562 0.062226 0.057654 0.053082 0.048434 0.04371 0.038986 0.034291 0.0296 0.024908 0.020215 0.015538 0.010882 0.0064614
61 0.090813 0.087141 0.083238 0.079183 0.075014 0.070792 0.066517 0.062221 0.057713 0.053205 0.048587 0.04386 0.039132 0.034437 0.029744 0.025042 0.02033 0.015623 0.010924 0.0064858
62 0.090338 0.086812 0.082951 0.078946 0.074833 0.070665 0.066441 0.062201 0.057787 0.053372 0.048796 0.044058 0.03932 0.03462 0.029923 0.025208 0.020473 0.015734 0.010988 0.0065359
63 0.089899 0.086438 0.08266 0.078735 0.074701 0.070607 0.066454 0.062279 0.057895 0.053511 0.048958 0.044237 0.039516 0.034806 0.030098 0.025345 0.020548 0.015775 0.011035 0.0065014
64 0.089492 0.085959 0.082304 0.078492 0.074559 0.070558 0.066488 0.062391 0.058021 0.05365 0.049118 0.044425 0.039732 0.035014 0.030292 0.025498 0.020631 0.015821 0.011087 0.0064656
65 0.089122 0.085595 0.082033 0.07831 0.074466 0.070531 0.066505 0.062449 0.058087 0.053724 0.049214 0.044557 0.0399 0.035178 0.030449 0.02565 0.02078 0.015927 0.011097 0.006428
66 0.088584 0.085264 0.081783 0.078144 0.074387 0.070514 0.066525 0.062505 0.058152 0.0538 0.049316 0.0447 0.040084 0.035358 0.03062 0.025811 0.02093 0.01603 0.011105 0.0063895
67 0.088115 0.084924 0.08154 0.077992 0.07432 0.070519 0.066588 0.062619 0.058244 0.053868 0.049402 0.044845 0.040288 0.035544 0.030782 0.02593 0.020986 0.016041 0.011094 0.0063578
68 0.087711 0.08451 0.081243 0.077799 0.074224 0.070505 0.066644 0.062735 0.058338 0.053942 0.049497 0.045005 0.040513 0.035752 0.030964 0.02607 0.021068 0.016075 0.011093 0.006312
69 0.087113 0.084118 0.081021 0.077644 0.074055 0.070375 0.066604 0.062782 0.058437 0.054092 0.049686 0.045219 0.040752 0.03597 0.031158 0.026241 0.02122 0.016178 0.01111 0.0062234
70 0.086612 0.083691 0.080783 0.077469 0.073849 0.070204 0.066534 0.062811 0.058532 0.054252 0.049892 0.045449 0.041007 0.036202 0.031361 0.026419 0.021375 0.016283 0.011126 0.0061498
71 0.086097 0.083324 0.080405 0.077158 0.073664 0.070118 0.066521 0.062872 0.058672 0.054472 0.050148 0.0457 0.041253 0.036412 0.031534 0.026563 0.021498 0.01636 0.011125 0.0061034
72 0.085896 0.082886 0.079938 0.076764 0.073422 0.06999 0.066471 0.062899 0.058791 0.054683 0.050405 0.045956 0.041508 0.036636 0.031723 0.02672 0.021627 0.01645 0.011163 0.0060696
73 0.085165 0.082333 0.079529 0.076512 0.073334 0.06999 0.066481 0.062928 0.058908 0.054888 0.050656 0.046213 0.04177 0.036872 0.03193 0.026891 0.021753 0.016547 0.011251 0.0060502
74 0.084497 0.081664 0.079026 0.076176 0.073167 0.069929 0.066464 0.062958 0.059033 0.055108 0.050924 0.046481 0.042039 0.037137 0.032191 0.027129 0.021951 0.016697 0.01134 0.0060889
75 0.083977 0.081276 0.078632 0.075793 0.072807 0.069666 0.06637 0.063024 0.059169 0.055313 0.051157 0.046699 0.042242 0.037372 0.032463 0.027403 0.022192 0.016872 0.011407 0.0061644
76 0.082995 0.080824 0.078194 0.075402 0.072489 0.069458 0.066309 0.063103 0.059313 0.055522 0.051408 0.04697 0.042532 0.037682 0.032793 0.027719 0.022461 0.017078 0.01153 0.0062187
77 0.082239 0.080295 0.077731 0.075082 0.072368 0.069449 0.066326 0.063145 0.05937 0.055595 0.051528 0.047169 0.04281 0.037972 0.033087 0.027992 0.022687 0.017256 0.011656 0.006243
78 0.081579 0.079728 0.077262 0.074746 0.07219 0.069376 0.066303 0.063174 0.059453 0.055732 0.051722 0.047423 0.043124 0.038273 0.03337 0.028243 0.022894 0.017421 0.011785 0.0062019
79 0.080526 0.079418 0.077067 0.07457 0.071964 0.069172 0.066197 0.063164 0.059546 0.055928 0.051983 0.047712 0.04344 0.03856 0.033621 0.028459 0.023072 0.017568 0.011907 0.0061252
80 0.079715 0.079006 0.076781 0.074345 0.071752 0.069008 0.066115 0.063165 0.059631 0.056098 0.052196 0.047928 0.043659 0.038816 0.033916 0.028736 0.023275 0.017707 0.011998 0.0061512
81 0.079768 0.078516 0.076391 0.07407 0.071601 0.06893 0.066056 0.063129 0.05965 0.05617 0.052292 0.048015 0.043739 0.038981 0.034177 0.029001 0.023453 0.017816 0.012061 0.006182
82 0.079337 0.077991 0.075893 0.073702 0.07144 0.068896 0.066069 0.063189 0.059759 0.056329 0.052494 0.048254 0.044014 0.039214 0.03436 0.029147 0.023575 0.017928 0.012182 0.0062243
83 0.078987 0.077696 0.075379 0.073263 0.071296 0.06892 0.066133 0.063292 0.059883 0.056475 0.052676 0.048489 0.044301 0.03941 0.034451 0.029189 0.023623 0.017995 0.012284 0.0062557
84 0.078845 0.077047 0.074822 0.072807 0.070951 0.068679 0.065992 0.06325 0.059935 0.056619 0.052891 0.048749 0.044607 0.039702 0.034724 0.029453 0.023891 0.018238 0.012464 0.0063325
85 0.077433 0.076272 0.074621 0.072738 0.070682 0.068382 0.065839 0.063239 0.060047 0.056855 0.053202 0.049088 0.044975 0.040055 0.035059 0.029775 0.024204 0.018507 0.012641 0.0063861
86 0.076749 0.075505 0.074294 0.072628 0.07062 0.06837 0.065879 0.063324 0.060112 0.0569 0.053269 0.049218 0.045167 0.040308 0.035371 0.030114 0.024538 0.018738 0.012641 0.0062558
87 0.076053 0.075318 0.074025 0.072466 0.070708 0.06855 0.065993 0.063371 0.060068 0.056766 0.053136 0.049179 0.045222 0.04046 0.035621 0.030412 0.024833 0.018954 0.012675 0.00619
88 0.074846 0.074709 0.07348 0.072075 0.070538 0.068483 0.065911 0.063286 0.06011 0.056934 0.05341 0.049539 0.045668 0.040876 0.035995 0.030709 0.025018 0.01911 0.012912 0.0063915
89 0.074196 0.073911 0.07289 0.071663 0.070281 0.068298 0.065714 0.063094 0.060088 0.057082 0.053681 0.049883 0.046085 0.041274 0.036366 0.031025 0.025251 0.019332 0.013217 0.006668
90 0.073063 0.073037 0.071978 0.070914 0.069845 0.068072 0.065595 0.063085 0.060244 0.057403 0.054086 0.050293 0.046501 0.041687 0.036774 0.031421 0.025628 0.019708 0.01362 0.0070472
91 0.071973 0.072522 0.071139 0.070152 0.069462 0.06793 0.065555 0.063151 0.060446 0.057741 0.054485 0.050678 0.046871 0.042027 0.037082 0.031728 0.025964 0.020023 0.013845 0.0072261
92 0.071806 0.072287 0.07082 0.069841 0.069229 0.067803 0.065562 0.063277 0.060534 0.057791 0.054556 0.050831 0.047106 0.042177 0.037132 0.031817 0.026233 0.020268 0.013799 0.007131
93 0.071978 0.071937 0.070523 0.069512 0.068804 0.067415 0.065345 0.063216 0.060476 0.057736 0.054565 0.050963 0.047361 0.042434 0.037378 0.032076 0.026527 0.020569 0.014068 0.0071202
94 0.07162 0.071223 0.069606 0.068698 0.068324 0.067218 0.065381 0.063461 0.060688 0.057915 0.054739 0.05116 0.04758 0.04279 0.037882 0.032517 0.026696 0.020744 0.014618 0.0071402
95 0.07132 0.070579 0.068564 0.067743 0.067819 0.067041 0.065408 0.063677 0.06093 0.058183 0.055029 0.051467 0.047905 0.043157 0.038295 0.032919 0.027029 0.020981 0.014723 0.0072308
96 0.070643 0.07038 0.068253 0.067356 0.067383 0.066614 0.065049 0.063417 0.061089 0.058761 0.055733 0.052005 0.048276 0.043369 0.038347 0.033008 0.02735 0.021213 0.014436 0.0073178
97 0.070515 0.070153 0.067891 0.066808 0.066611 0.065794 0.064356 0.06288 0.061001 0.059122 0.056276 0.052461 0.048646 0.043689 0.038621 0.033348 0.02787 0.021711 0.014647 0.0075989
98 0.070412 0.069171 0.067122 0.066144 0.065971 0.065259 0.064009 0.062715 0.060965 0.059215 0.056474 0.052741 0.049008 0.044095 0.039069 0.033863 0.028478 0.022294 0.015048 0.0079471
99 0.07035 0.067883 0.066151 0.065329 0.065191 0.064644 0.063688 0.062674 0.061058 0.059442 0.056818 0.053185 0.049552 0.044613 0.039547 0.034354 0.029032 0.022841 0.01549 0.0081571
100 0.069907 0.067586 0.06585 0.06494 0.064652 0.064217 0.063636 0.062955 0.061241 0.059527 0.056898 0.053355 0.049812 0.0448 0.039646 0.03447 0.029272 0.023154 0.015812 0.0082705
101 0.069515 0.067412 0.065491 0.064383 0.063885 0.063531 0.063321 0.062978 0.061259 0.059539 0.05697 0.05355 0.05013 0.04526 0.040251 0.035019 0.029563 0.02335 0.01613 0.0084641
102 0.068892 0.066849 0.065568 0.064378 0.063255 0.06267 0.062621 0.062446 0.06097 0.059493 0.057107 0.05381 0.050513 0.045901 0.041162 0.035828 0.029899 0.023496 0.016462 0.0086816
103 0.06881 0.06572 0.065202 0.063996 0.062273 0.061559 0.061854 0.062011 0.06074 0.059469 0.057315 0.054277 0.051239 0.046575 0.041754 0.036391 0.030484 0.024121 0.017151 0.0090589
104 0.068566 0.064904 0.06401 0.062764 0.061254 0.060893 0.061682 0.062281 0.060914 0.059547 0.057501 0.054776 0.052051 0.047173 0.042087 0.036679 0.030949 0.024717 0.017818 0.0094321
105 0.067866 0.063638 0.06241 0.061303 0.060287 0.060342 0.061467 0.062372 0.060998 0.059623 0.057711 0.055262 0.052813 0.047989 0.042935 0.037545 0.031817 0.025483 0.018341 0.0097956
106 0.067858 0.06348 0.06224 0.061324 0.06065 0.060606 0.061194 0.061614 0.060294 0.058973 0.057216 0.055023 0.052829 0.04818 0.043293 0.038016 0.03235 0.026015 0.018792 0.010053
107 0.068544 0.063419 0.062235 0.061485 0.061062 0.060778 0.060633 0.060395 0.05921 0.058026 0.056438 0.054446 0.052455 0.048052 0.043415 0.038483 0.033254 0.027205 0.020063 0.010401
108 0.068839 0.064877 0.063486 0.062434 0.061637 0.060696 0.059611 0.058543 0.057647 0.056752 0.055427 0.053672 0.051917 0.047825 0.043506 0.038911 0.034039 0.028227 0.021164 0.010789
109 0.069404 0.066425 0.064569 0.063131 0.062007 0.06069 0.05918 0.05774 0.057027 0.056315 0.055235 0.05379 0.052344 0.047796 0.042947 0.038093 0.033233 0.027692 0.021245 0.011135
110 0.071877 0.066998 0.06409 0.062343 0.06147 0.060403 0.059143 0.057917 0.057051 0.056184 0.055159 0.053974 0.05279 0.047711 0.042255 0.037224 0.032617 0.02749 0.021669 0.011638
111 0.073746 0.06715 0.063407 0.061431 0.060783 0.060131 0.059476 0.058733 0.05707 0.055407 0.054145 0.053284 0.052423 0.047379 0.04193 0.037174 0.033109 0.02834 0.022632 0.012252
112 0.074742 0.069445 0.064965 0.062301 0.061002 0.060347 0.060337 0.060055 0.056965 0.053876 0.052112 0.051674 0.051235 0.046283 0.040894 0.036508 0.033124 0.028706 0.022909 0.01252
113 0.075382 0.071707 0.06615 0.063069 0.061845 0.061185 0.061088 0.060647 0.056648 0.052649 0.050687 0.050763 0.050838 0.045528 0.039696 0.035479 0.032876 0.028726 0.022516 0.012521
114 0.076942 0.072739 0.065907 0.063114 0.063354 0.062978 0.061986 0.060655 0.055819 0.050983 0.048921 0.049633 0.050346 0.045006 0.039081 0.035003 0.032771 0.028885 0.022797 0.01308
115 0.077979 0.072128 0.065571 0.063139 0.063808 0.063376 0.061846 0.060014 0.055075 0.050135 0.048121 0.049033 0.049945 0.045307 0.040133 0.035909 0.032637 0.028512 0.02325 0.014083
