1 0 0 0 0 0 0 0 0 0 0 0 0 0 0 0 0 0 0 0 0
2 0 0 0 0 0 0 0 0 0 0 0 0 0 0 0 0 0 0 0 0
3 0 0 0 0 0 0 0 0 0 0 0 0 0 0 0 0 0 0 0 0
4 0 0 0 0 0 0 0 0 0 0 0 0 0 0 0 0 0 0 0 0
5 0 0 0 0 0 0 0 0 0 0 0 0 0 0 0 0 0 0 0 0
6 0 0 0 0 0 0 0 0 0 0 0 0 0 0 0 0 0 0 0 0
7 0 0 0 0 0 0 0 0 0 0 0 0 0 0 0 0 0 0 0 0
8 0 0 0 0 0 0 0 0 0 0 0 0 0 0 0 0 0 0 0 0
9 0 0 0 0 0 0 0 0 0 0 0 0 0 0 0 0 0 0 0 0
10 0 0 0 0 0 0 0 0 0 0 0 0 0 0 0 0 0 0 0 0
11 0 0 0 0 0 0 0 0 0 0 0 0 0 0 0 0 0 0 0 0
12 0 0 0 0 0 0 0 0 0 0 0 0 0 0 0 0 0 0 0 0
13 0 0 0 0 0 0 0 0 0 0 0 0 0 0 0 0 0 0 0 0
14 0 0 0 0 0 0 0 0 0 0 0 0 0 0 0 0 0 0 0 0
15 0 0 0 0 0 0 0 0 0 0 0 0 0 0 0 0 0 0 0 0
16 0 0 0 0 0 0 0 0 0 0 0 0 0 0 0 0 0 0 0 0
17 0 0 0 0 0 0 0 0 0 0 0 0 0 0 0 0 0 0 0 0
18 0 0 0 0 0 0 0 0 0 0 0 0 0 0 0 0 0 0 0 0
19 0 0 0 0 0 0 0 0 0 0 0 0 0 0 0 0 0 0 0 0
20 0 0 0 0 0 0 0 0 0 0 0 0 0 0 0 0 0 0 0 0
21 0 0 0 0 0 0 0 0 0 0 0 0 0 0 0 0 0 0 0 0
22 0 0 0 0 0 0 0 0 0 0 0 0 0 0 0 0 0 0 0 0
23 0 0 0 0 0 0 0 0 0 0 0 0 0 0 0 0 0 0 0 0
24 0 0 0 0 0 0 0 0 0 0 0 0 0 0 0 0 0 0 0 0
25 0 0 0 0 0 0 0 0 0 0 0 0 0 0 0 0 0 0 0 0
26 0 0 0 0 0 0 0 0 0 0 0 0 0 0 0 0 0 0 0 0
27 0 0 0 0 0 0 0 0 0 0 0 0 0 0 0 0 0 0 0 0
28 0 0 0 0 0 0 0 0 0 0 0 0 0 0 0 0 0 0 0 0
29 0.069357 0.059705 0.056827 0.055658 0.055772 0.056142 0.056768 0.057245 0.056185 0.055126 0.053445 0.051145 0.048844 0.04642 0.043983 0.041353 0.038527 0.036357 0.03506 0.026082
30 0.072905 0.066617 0.063032 0.060932 0.059945 0.059118 0.058452 0.057649 0.055441 0.053233 0.050709 0.047868 0.045027 0.042254 0.039487 0.037585 0.036548 0.034434 0.030885 0.027879
31 0.075391 0.070597 0.066699 0.064557 0.063734 0.061995 0.059341 0.056686 0.054024 0.051362 0.048624 0.045809 0.042994 0.040504 0.038045 0.036042 0.034495 0.032293 0.029218 0.027591
32 0.075634 0.072415 0.069919 0.067094 0.064022 0.061174 0.058548 0.055929 0.053365 0.0508 0.04822 0.045624 0.043028 0.040687 0.038372 0.035915 0.033319 0.030834 0.028497 0.026605
33 0.075362 0.073023 0.070053 0.06706 0.06405 0.061149 0.058354 0.055594 0.053186 0.050777 0.048308 0.045778 0.043248 0.040772 0.038302 0.035857 0.03344 0.030999 0.028527 0.026161
34 0.07699 0.073497 0.070502 0.067427 0.064292 0.061328 0.058536 0.05576 0.053142 0.050524 0.047926 0.045347 0.042768 0.040299 0.037842 0.035464 0.033167 0.030826 0.028426 0.025936
35 0.077562 0.074142 0.070989 0.067959 0.065021 0.062018 0.058949 0.055907 0.053141 0.050375 0.047647 0.044955 0.042264 0.039859 0.037482 0.035053 0.032574 0.030232 0.028071 0.025801
36 0.078411 0.075068 0.071538 0.068257 0.065164 0.062123 0.059134 0.056157 0.053301 0.050444 0.047648 0.044912 0.042176 0.039576 0.036989 0.034477 0.03204 0.02971 0.027521 0.025355
37 0.078892 0.075551 0.072177 0.068883 0.065649 0.062476 0.059364 0.056267 0.053327 0.050387 0.047527 0.044748 0.041968 0.039303 0.036648 0.034097 0.031652 0.029275 0.02699 0.024819
38 0.079503 0.076084 0.07272 0.069387 0.066077 0.0628 0.059556 0.056333 0.053326 0.050319 0.04741 0.044597 0.041785 0.039056 0.036335 0.033735 0.031256 0.028846 0.026529 0.024346
39 0.080243 0.07675 0.073183 0.069709 0.066306 0.062972 0.059705 0.056454 0.053367 0.05028 0.047309 0.044453 0.041598 0.038819 0.036047 0.033407 0.030899 0.028456 0.026099 0.023945
40 0.089017 0.085164 0.080632 0.076114 0.071608 0.067354 0.063351 0.059329 0.055103 0.050876 0.04676 0.042753 0.038746 0.035075 0.031437 0.027926 0.024542 0.021242 0.018053 0.014921
41 0.090052 0.085392 0.081032 0.076564 0.072015 0.067688 0.06358 0.059461 0.055225 0.050988 0.046829 0.042748 0.038666 0.03487 0.031101 0.027487 0.024029 0.020655 0.017394 0.014223
42 0.090186 0.086283 0.081633 0.077067 0.072564 0.068138 0.063791 0.059453 0.055217 0.05098 0.046807 0.042697 0.038588 0.034693 0.03082 0.027098 0.023528 0.020083 0.016804 0.013569
43 0.091544 0.086785 0.082072 0.077459 0.072921 0.068403 0.063904 0.059424 0.055153 0.050881 0.046675 0.042533 0.038391 0.034453 0.030535 0.026758 0.023122 0.01963 0.016331 0.013028
44 0.091707 0.087237 0.082562 0.07792 0.073302 0.068689 0.064079 0.059494 0.055167 0.05084 0.046586 0.042405 0.038225 0.034263 0.030323 0.02651 0.022824 0.019294 0.015971 0.012601
45 0.092547 0.087602 0.082892 0.078217 0.073568 0.068924 0.064285 0.059664 0.055234 0.050804 0.046482 0.042267 0.038052 0.034064 0.030097 0.026244 0.022502 0.018904 0.015496 0.012154
46 0.092974 0.087948 0.083178 0.07847 0.073808 0.069157 0.064515 0.059882 0.055343 0.050804 0.046411 0.042164 0.037917 0.033903 0.029911 0.026018 0.022223 0.018556 0.015057 0.011761
47 0.09321 0.088376 0.083515 0.078726 0.07399 0.06931 0.064688 0.060069 0.055474 0.05088 0.046426 0.042113 0.037799 0.033748 0.029722 0.025784 0.021934 0.018211 0.01466 0.011365
48 0.093443 0.088765 0.083817 0.078944 0.074128 0.069422 0.064824 0.060224 0.055591 0.050959 0.046453 0.042075 0.037697 0.033612 0.029555 0.025577 0.021677 0.017908 0.014315 0.011015
49 0.094124 0.089014 0.084113 0.079224 0.074343 0.069566 0.064895 0.060229 0.055612 0.050995 0.04647 0.042036 0.037603 0.033456 0.029337 0.025318 0.021399 0.01761 0.013993 0.010664
50 0.094254 0.08925 0.084414 0.07952 0.074582 0.069738 0.064989 0.060253 0.055655 0.051057 0.046516 0.042032 0.037548 0.033342 0.029163 0.025104 0.021166 0.017354 0.013712 0.010354
51 0.094495 0.08945 0.084547 0.079659 0.074784 0.069935 0.065113 0.06031 0.055708 0.051107 0.046544 0.042019 0.037495 0.033277 0.029089 0.02499 0.02098 0.017098 0.013383 0.010017
52 0.094494 0.089674 0.084697 0.07981 0.07499 0.070136 0.065248 0.060384 0.055774 0.051163 0.046578 0.042018 0.037458 0.03322 0.029014 0.024876 0.020807 0.016864 0.013089 0.0097069
53 0.094635 0.089746 0.084815 0.079917 0.075043 0.070185 0.065345 0.060521 0.055877 0.051233 0.04663 0.042068 0.037507 0.033201 0.028921 0.024735 0.020644 0.016677 0.012874 0.009425
54 0.094791 0.089858 0.084955 0.080041 0.075119 0.070253 0.065443 0.060645 0.055967 0.051289 0.046665 0.042095 0.037525 0.033162 0.028819 0.024592 0.02048 0.016489 0.01266 0.0091527
55 0.095048 0.089933 0.085004 0.080105 0.075227 0.070375 0.06555 0.060735 0.056037 0.051339 0.046693 0.0421 0.037506 0.033112 0.028737 0.024479 0.020339 0.016319 0.01246 0.0088999
56 0.094956 0.090037 0.085089 0.080195 0.075341 0.070498 0.065668 0.060847 0.056121 0.051395 0.046729 0.042122 0.037515 0.033091 0.028684 0.024393 0.020216 0.016161 0.012269 0.0086756
57 0.094975 0.089994 0.085097 0.080215 0.075345 0.070522 0.065745 0.06097 0.056208 0.051445 0.046769 0.042178 0.037587 0.033136 0.028698 0.024363 0.020133 0.016029 0.012094 0.0084973
58 0.094835 0.089982 0.085121 0.080256 0.07539 0.070583 0.065836 0.061086 0.056301 0.051516 0.046828 0.042238 0.037647 0.033164 0.02869 0.024319 0.020049 0.015906 0.011932 0.0083237
59 0.094793 0.089846 0.085023 0.080221 0.075435 0.070667 0.065917 0.061165 0.056397 0.051628 0.046939 0.042328 0.037717 0.033196 0.028683 0.024281 0.019987 0.015813 0.011798 0.0081668
60 0.094603 0.089777 0.084999 0.080239 0.075493 0.070747 0.066002 0.061256 0.056497 0.051738 0.047038 0.042398 0.037758 0.033207 0.028664 0.024242 0.019942 0.015738 0.011664 0.0079979
61 0.094471 0.089644 0.08496 0.080239 0.075491 0.070764 0.066057 0.061346 0.0566 0.051854 0.047145 0.042473 0.037801 0.033228 0.028665 0.024235 0.019939 0.015703 0.011549 0.0078341
62 0.094301 0.089558 0.084933 0.080245 0.075512 0.070804 0.06612 0.061431 0.056691 0.051951 0.047234 0.042541 0.037847 0.033257 0.028676 0.024227 0.01991 0.015642 0.01144 0.0076791
63 0.094103 0.089418 0.084829 0.080191 0.075514 0.070844 0.066182 0.061514 0.056783 0.052052 0.047335 0.042631 0.037928 0.033323 0.028727 0.024251 0.019894 0.015588 0.011352 0.0075411
64 0.093887 0.089271 0.084748 0.080164 0.075535 0.070893 0.066236 0.061574 0.056852 0.05213 0.047417 0.042712 0.038006 0.033388 0.028777 0.024274 0.019878 0.015544 0.011294 0.0074195
65 0.093605 0.089033 0.084625 0.080122 0.075548 0.070934 0.066282 0.061626 0.05692 0.052215 0.047512 0.042814 0.038115 0.033483 0.028857 0.024324 0.019886 0.015524 0.011263 0.007313
66 0.093383 0.088861 0.084519 0.080076 0.075559 0.070971 0.066313 0.061655 0.056984 0.052313 0.047624 0.042919 0.038213 0.033565 0.028924 0.024366 0.019894 0.015493 0.011187 0.0071816
67 0.093047 0.088668 0.08437 0.07999 0.075547 0.070996 0.066337 0.061681 0.057061 0.05244 0.047771 0.043055 0.038339 0.033675 0.029017 0.024433 0.019925 0.015479 0.011117 0.0070532
68 0.092759 0.088499 0.084243 0.079904 0.075504 0.071 0.066391 0.061782 0.057159 0.052536 0.047868 0.043155 0.038442 0.033773 0.029109 0.024498 0.01994 0.015452 0.011055 0.0069323
69 0.092473 0.088278 0.084076 0.079783 0.075423 0.070979 0.066451 0.061913 0.057276 0.052638 0.047968 0.043265 0.038562 0.033891 0.029223 0.024583 0.01997 0.015435 0.011 0.0068151
70 0.092237 0.08807 0.083882 0.079621 0.075304 0.070922 0.066474 0.062012 0.057393 0.052775 0.048107 0.04339 0.038674 0.033992 0.029313 0.02466 0.020032 0.01546 0.010961 0.0067209
71 0.091864 0.08784 0.08366 0.079433 0.075171 0.070861 0.066503 0.062124 0.057534 0.052943 0.048281 0.043546 0.038811 0.034114 0.029422 0.024751 0.020104 0.015491 0.010924 0.0066234
72 0.091578 0.087647 0.083562 0.079391 0.075156 0.070871 0.066537 0.06218 0.057596 0.053012 0.048355 0.043624 0.038893 0.034199 0.029508 0.024826 0.020154 0.015506 0.010888 0.0065184
73 0.091126 0.0874 0.083448 0.079351 0.075143 0.070883 0.066571 0.062236 0.057664 0.053092 0.048444 0.043721 0.038998 0.034304 0.029614 0.024921 0.020224 0.01554 0.010873 0.0064478
74 0.090766 0.08709 0.083186 0.079135 0.074972 0.070757 0.06649 0.062204 0.057721 0.053239 0.048632 0.043899 0.039167 0.03447 0.029777 0.025073 0.020356 0.015642 0.010931 0.0064939
75 0.090229 0.086792 0.082929 0.078925 0.074816 0.070654 0.066437 0.062205 0.057805 0.053406 0.048836 0.044095 0.039353 0.03465 0.02995 0.025224 0.020473 0.015726 0.010985 0.006511
76 0.089834 0.08636 0.082603 0.078698 0.074682 0.070605 0.066468 0.062308 0.057922 0.053536 0.048985 0.044271 0.039557 0.034844 0.030132 0.025367 0.020548 0.015767 0.011036 0.006476
77 0.089491 0.08589 0.082259 0.078466 0.074551 0.070563 0.066502 0.062413 0.058036 0.053659 0.049127 0.044441 0.039755 0.035034 0.030309 0.025515 0.020651 0.015831 0.011069 0.006438
78 0.089069 0.085569 0.082013 0.078299 0.074467 0.070537 0.066512 0.062456 0.058089 0.053722 0.049215 0.044568 0.039922 0.035199 0.030469 0.025671 0.020804 0.01594 0.011079 0.0063995
79 0.088532 0.085264 0.081787 0.078154 0.074404 0.070536 0.06655 0.06253 0.058162 0.053794 0.049309 0.044708 0.040107 0.035375 0.03063 0.025809 0.02091 0.016 0.011076 0.0063621
80 0.088119 0.084894 0.081523 0.077987 0.074327 0.070535 0.066612 0.062648 0.058255 0.053863 0.049397 0.044857 0.040317 0.035567 0.030797 0.025931 0.020967 0.016011 0.011064 0.0063291
81 0.087656 0.084469 0.08123 0.077793 0.074207 0.070489 0.06664 0.062744 0.058354 0.053964 0.049525 0.045036 0.040548 0.03578 0.030984 0.026085 0.021082 0.016078 0.011073 0.0062633
82 0.08703 0.084098 0.081034 0.077654 0.074036 0.070349 0.066593 0.062786 0.058449 0.054112 0.049712 0.04525 0.040787 0.035999 0.031179 0.026257 0.021233 0.016181 0.011088 0.0061701
83 0.086588 0.083667 0.080748 0.077438 0.073833 0.0702 0.066537 0.062821 0.058556 0.054292 0.049935 0.045486 0.041037 0.03622 0.031367 0.026418 0.021373 0.016272 0.011097 0.0061153
84 0.086092 0.083318 0.080365 0.077114 0.07364 0.070109 0.06652 0.062879 0.058696 0.054513 0.050194 0.045739 0.041285 0.036432 0.031541 0.026562 0.021496 0.016348 0.011093 0.0060657
85 0.085891 0.08283 0.079898 0.076747 0.073431 0.070007 0.066474 0.062891 0.0588 0.054708 0.050437 0.045985 0.041533 0.036653 0.031732 0.02672 0.021618 0.01644 0.011162 0.0060429
86 0.085004 0.082281 0.079496 0.076503 0.073355 0.070019 0.066495 0.062929 0.058927 0.054925 0.0507 0.046253 0.041806 0.036899 0.031947 0.026897 0.021748 0.01654 0.011252 0.0060224
87 0.084508 0.081666 0.079001 0.076129 0.073103 0.069874 0.06644 0.062965 0.059049 0.055133 0.050948 0.046495 0.042042 0.037151 0.032218 0.027161 0.02198 0.016712 0.011329 0.0060961
88 0.08388 0.081283 0.07861 0.075747 0.072744 0.069612 0.066351 0.063039 0.059194 0.055349 0.051191 0.046722 0.042252 0.037394 0.032499 0.027444 0.022228 0.016893 0.011398 0.0061712
89 0.08287 0.080803 0.078163 0.075386 0.072506 0.069486 0.066325 0.063108 0.059308 0.055507 0.051398 0.046978 0.042559 0.037713 0.032825 0.027748 0.022481 0.017092 0.011539 0.0062059
90 0.082227 0.080256 0.077683 0.075051 0.072375 0.06947 0.066335 0.063143 0.059358 0.055573 0.051512 0.047174 0.042836 0.038003 0.033121 0.028023 0.022708 0.017269 0.011666 0.0062169
91 0.081519 0.079771 0.077308 0.07477 0.072174 0.069343 0.066277 0.063155 0.059451 0.055746 0.051745 0.047448 0.04315 0.03829 0.033375 0.028241 0.022887 0.017415 0.011785 0.0061494
92 0.080294 0.07947 0.077123 0.074602 0.071951 0.069142 0.066174 0.063151 0.059552 0.055952 0.052018 0.047748 0.043477 0.038589 0.033641 0.02847 0.023075 0.017565 0.011904 0.0061021
93 0.07979 0.079033 0.076803 0.074369 0.071781 0.069032 0.06612 0.063153 0.059618 0.056083 0.052175 0.047893 0.043611 0.038794 0.033926 0.02875 0.023267 0.017687 0.011976 0.0061377
94 0.079954 0.078524 0.076395 0.074078 0.071618 0.068941 0.066049 0.063104 0.059625 0.056145 0.052265 0.047984 0.043702 0.038961 0.034174 0.029001 0.023441 0.017803 0.012062 0.0061747
95 0.079354 0.078076 0.075887 0.073685 0.071475 0.06895 0.06611 0.063217 0.059775 0.056333 0.052494 0.048261 0.044027 0.039194 0.034304 0.029078 0.023516 0.017887 0.012169 0.0062073
96 0.079189 0.077722 0.075304 0.073179 0.071275 0.068924 0.066126 0.063274 0.059858 0.056443 0.05265 0.048481 0.044311 0.039413 0.034444 0.029186 0.023639 0.01802 0.012304 0.006259
97 0.078535 0.077018 0.074909 0.072894 0.070952 0.068643 0.06597 0.063241 0.059942 0.056643 0.052922 0.048778 0.044634 0.039723 0.034739 0.029469 0.023913 0.018261 0.01248 0.0063326
98 0.077455 0.076206 0.074691 0.072811 0.070658 0.068319 0.065793 0.063211 0.060034 0.056858 0.053213 0.049098 0.044984 0.040076 0.035091 0.029816 0.02425 0.018527 0.012594 0.006313
99 0.076812 0.075644 0.074376 0.072705 0.070732 0.068476 0.065938 0.063336 0.060073 0.056811 0.053161 0.049125 0.045089 0.040256 0.035347 0.030111 0.024549 0.01873 0.012567 0.0061625
100 0.07595 0.075357 0.074003 0.072443 0.070729 0.068574 0.065978 0.06332 0.060022 0.056724 0.053116 0.049198 0.045281 0.040512 0.03566 0.030429 0.024819 0.018942 0.012709 0.0062356
101 0.074906 0.074697 0.073484 0.072089 0.070559 0.06849 0.065883 0.063229 0.06008 0.05693 0.053423 0.049559 0.045695 0.04089 0.035993 0.030686 0.024968 0.019071 0.012933 0.0064349
102 0.074158 0.073748 0.07275 0.071542 0.070175 0.068207 0.065638 0.063035 0.060086 0.057137 0.053762 0.04996 0.046157 0.041341 0.036426 0.031082 0.025308 0.019399 0.013311 0.0067774
103 0.072968 0.073061 0.071882 0.070803 0.0698 0.068059 0.065581 0.063072 0.06025 0.057428 0.054115 0.050309 0.046504 0.041691 0.03678 0.031433 0.025649 0.019752 0.013704 0.0071593
104 0.071999 0.072652 0.07113 0.070125 0.069508 0.068012 0.065635 0.063225 0.060479 0.057734 0.05446 0.050659 0.046858 0.041978 0.036994 0.031655 0.025959 0.020022 0.013762 0.007154
105 0.072091 0.072472 0.070974 0.069945 0.069269 0.067814 0.065582 0.0633 0.060516 0.057731 0.054481 0.050767 0.047053 0.042089 0.037004 0.03171 0.026209 0.020254 0.013695 0.0070437
106 0.07213 0.071858 0.070421 0.069406 0.068707 0.06736 0.065363 0.063298 0.060529 0.057759 0.054567 0.050953 0.047338 0.04245 0.037438 0.032115 0.026482 0.020543 0.014195 0.0070892
107 0.071787 0.071289 0.069526 0.0686 0.068302 0.067244 0.065427 0.063522 0.060708 0.057893 0.054692 0.051103 0.047514 0.042772 0.037919 0.032537 0.026624 0.020694 0.014739 0.0071084
108 0.071437 0.070554 0.068474 0.067657 0.06779 0.067035 0.06539 0.063657 0.061001 0.058345 0.0552 0.051568 0.047936 0.043128 0.038206 0.032842 0.027037 0.020969 0.01455 0.0072237
109 0.070722 0.07063 0.068422 0.067435 0.067365 0.066535 0.064948 0.063304 0.061087 0.058871 0.05586 0.052057 0.048253 0.043283 0.038199 0.032881 0.027329 0.021196 0.014289 0.0073343
110 0.070742 0.070156 0.067856 0.066746 0.06653 0.065711 0.064289 0.062828 0.060956 0.059083 0.056243 0.052434 0.048626 0.04368 0.038623 0.033378 0.027944 0.021797 0.014702 0.0076752
111 0.070663 0.069121 0.067096 0.066105 0.06589 0.065166 0.063933 0.062655 0.060915 0.059175 0.056442 0.052718 0.048993 0.044093 0.03908 0.033901 0.028558 0.022388 0.015117 0.0079878
112 0.070505 0.067829 0.066174 0.06536 0.065176 0.064639 0.063747 0.062786 0.06111 0.059435 0.056783 0.053155 0.049527 0.044555 0.039453 0.034265 0.028991 0.02284 0.015521 0.0081496
113 0.070136 0.067814 0.065988 0.064983 0.064596 0.064151 0.063648 0.063032 0.061252 0.059473 0.056816 0.053283 0.049749 0.04472 0.039546 0.034372 0.029198 0.02312 0.015836 0.0082862
114 0.069659 0.06755 0.065718 0.064535 0.06384 0.063387 0.063175 0.062834 0.061146 0.059458 0.05691 0.053503 0.050097 0.045304 0.040378 0.035115 0.029514 0.023261 0.016139 0.0084777
115 0.069121 0.066925 0.065779 0.064515 0.063161 0.062461 0.062415 0.062246 0.060809 0.059373 0.057016 0.053738 0.050461 0.045915 0.041247 0.035928 0.029957 0.023564 0.016606 0.0087616
