1 0 0 0 0 0 0 0 0 0 0 0 0 0 0 0 0 0 0 0 0
2 0 0 0 0 0 0 0 0 0 0 0 0 0 0 0 0 0 0 0 0
3 0 0 0 0 0 0 0 0 0 0 0 0 0 0 0 0 0 0 0 0
4 0 0 0 0 0 0 0 0 0 0 0 0 0 0 0 0 0 0 0 0
5 0 0 0 0 0 0 0 0 0 0 0 0 0 0 0 0 0 0 0 0
6 0 0 0 0 0 0 0 0 0 0 0 0 0 0 0 0 0 0 0 0
7 0 0 0 0 0 0 0 0 0 0 0 0 0 0 0 0 0 0 0 0
8 0 0 0 0 0 0 0 0 0 0 0 0 0 0 0 0 0 0 0 0
9 0 0 0 0 0 0 0 0 0 0 0 0 0 0 0 0 0 0 0 0
10 0 0 0 0 0 0 0 0 0 0 0 0 0 0 0 0 0 0 0 0
11 0 0 0 0 0 0 0 0 0 0 0 0 0 0 0 0 0 0 0 0
12 0 0 0 0 0 0 0 0 0 0 0 0 0 0 0 0 0 0 0 0
13 0 0 0 0 0 0 0 0 0 0 0 0 0 0 0 0 0 0 0 0
14 0 0 0 0 0 0 0 0 0 0 0 0 0 0 0 0 0 0 0 0
15 0 0 0 0 0 0 0 0 0 0 0 0 0 0 0 0 0 0 0 0
16 0 0 0 0 0 0 0 0 0 0 0 0 0 0 0 0 0 0 0 0
17 0 0 0 0 0 0 0 0 0 0 0 0 0 0 0 0 0 0 0 0
18 0 0 0 0 0 0 0 0 0 0 0 0 0 0 0 0 0 0 0 0
19 0 0 0 0 0 0 0 0 0 0 0 0 0 0 0 0 0 0 0 0
20 0 0 0 0 0 0 0 0 0 0 0 0 0 0 0 0 0 0 0 0
21 0 0 0 0 0 0 0 0 0 0 0 0 0 0 0 0 0 0 0 0
22 0 0 0 0 0 0 0 0 0 0 0 0 0 0 0 0 0 0 0 0
23 0 0 0 0 0 0 0 0 0 0 0 0 0 0 0 0 0 0 0 0
24 0 0 0 0 0 0 0 0 0 0 0 0 0 0 0 0 0 0 0 0
25 0 0 0 0 0 0 0 0 0 0 0 0 0 0 0 0 0 0 0 0
26 0 0 0 0 0 0 0 0 0 0 0 0 0 0 0 0 0 0 0 0
27 0 0 0 0 0 0 0 0 0 0 0 0 0 0 0 0 0 0 0 0
28 0.068136 0.05878 0.056064 0.055031 0.05526 0.055745 0.056486 0.057079 0.056136 0.055194 0.053621 0.051416 0.049212 0.04686 0.044495 0.041919 0.039135 0.03701 0.035763 0.026657
29 0.068986 0.060742 0.057128 0.05588 0.056407 0.056868 0.057261 0.057526 0.056463 0.055401 0.053561 0.050944 0.048327 0.045808 0.043298 0.040804 0.038326 0.036071 0.034113 0.026085
30 0.07406 0.068696 0.065689 0.063495 0.061911 0.060408 0.058987 0.057447 0.054679 0.051911 0.049103 0.046253 0.043403 0.041075 0.038796 0.037064 0.035879 0.033515 0.029579 0.028051
31 0.076319 0.071926 0.06892 0.066371 0.064163 0.061633 0.058783 0.05596 0.053425 0.05089 0.048229 0.045441 0.042654 0.040364 0.038122 0.035955 0.033862 0.031446 0.028598 0.026941
32 0.075344 0.073029 0.070106 0.067021 0.063815 0.060962 0.05846 0.055946 0.053302 0.050659 0.048106 0.045645 0.043183 0.040814 0.038455 0.035986 0.033408 0.030895 0.028468 0.026393
33 0.075829 0.072862 0.070185 0.067245 0.064106 0.061168 0.058432 0.055718 0.053234 0.050751 0.048228 0.045666 0.043104 0.040618 0.03814 0.035722 0.033365 0.03098 0.028559 0.026088
34 0.07728 0.073934 0.070763 0.067632 0.06453 0.061546 0.058677 0.055826 0.053145 0.050464 0.047807 0.045176 0.042545 0.040104 0.037681 0.035282 0.032904 0.030562 0.028268 0.025875
35 0.07783 0.074473 0.071164 0.06812 0.065277 0.062269 0.059099 0.055964 0.053201 0.050437 0.047681 0.044931 0.042181 0.039691 0.037227 0.034764 0.032304 0.029973 0.027813 0.025603
36 0.078711 0.075405 0.071796 0.068422 0.065223 0.062145 0.059188 0.056236 0.053334 0.050432 0.04761 0.044868 0.042126 0.03948 0.036843 0.034308 0.031876 0.029532 0.027305 0.02516
37 0.078998 0.075637 0.072397 0.069149 0.065895 0.062667 0.059465 0.056285 0.053323 0.05036 0.047479 0.044678 0.041877 0.0392 0.036535 0.033975 0.031522 0.029127 0.026809 0.024622
38 0.079821 0.076366 0.072898 0.069502 0.06616 0.062859 0.059599 0.05636 0.053327 0.050295 0.04737 0.044553 0.041737 0.038976 0.03622 0.033597 0.031109 0.028692 0.02637 0.02419
39 0.08044 0.076938 0.073346 0.069839 0.066396 0.063045 0.059786 0.056538 0.053412 0.050285 0.047276 0.044384 0.041491 0.038716 0.035952 0.03331 0.030789 0.028323 0.025932 0.023803
40 0.088848 0.085011 0.080747 0.076308 0.071735 0.067464 0.063493 0.059499 0.055259 0.051019 0.04687 0.04281 0.038751 0.035025 0.031331 0.027791 0.024407 0.021083 0.017839 0.01471
41 0.089286 0.08585 0.081362 0.076848 0.072314 0.067941 0.063727 0.059512 0.055271 0.051031 0.046862 0.042764 0.038667 0.034826 0.031009 0.027346 0.023838 0.020431 0.017159 0.013958
42 0.091036 0.086496 0.081756 0.077162 0.072677 0.068224 0.063802 0.059397 0.055165 0.050932 0.046758 0.042642 0.038526 0.034604 0.030701 0.026949 0.023347 0.019882 0.016599 0.013345
43 0.091624 0.086975 0.082277 0.077652 0.07308 0.068522 0.063976 0.059453 0.055158 0.050863 0.046636 0.042478 0.03832 0.034373 0.030445 0.026653 0.022996 0.019489 0.01618 0.012849
44 0.092174 0.087368 0.082699 0.078046 0.073406 0.068767 0.064129 0.059516 0.055162 0.050808 0.046535 0.042342 0.038149 0.034179 0.03023 0.026404 0.022699 0.01915 0.015806 0.012431
45 0.092637 0.087755 0.083019 0.07833 0.073675 0.069027 0.064386 0.05976 0.055284 0.050809 0.046457 0.042228 0.037999 0.034 0.030023 0.026152 0.022389 0.018762 0.015316 0.011993
46 0.093004 0.088115 0.083314 0.078581 0.073899 0.069238 0.064599 0.059965 0.055397 0.050828 0.046409 0.04214 0.037871 0.033843 0.029838 0.025927 0.02211 0.01842 0.014897 0.011605
47 0.093395 0.088528 0.083632 0.078808 0.07404 0.06935 0.064738 0.060126 0.055516 0.050907 0.046432 0.042092 0.037753 0.033688 0.02965 0.025696 0.021826 0.018085 0.014517 0.011221
48 0.093637 0.088899 0.083952 0.079063 0.074218 0.069484 0.064863 0.060241 0.055609 0.050977 0.04646 0.042058 0.037656 0.033547 0.029466 0.025471 0.021562 0.017785 0.014182 0.010871
49 0.094238 0.089104 0.08423 0.079338 0.074434 0.069631 0.064928 0.060234 0.055625 0.051016 0.046484 0.042031 0.037578 0.033407 0.029264 0.025229 0.021303 0.017506 0.013881 0.01054
50 0.094324 0.089345 0.084484 0.07959 0.07467 0.06982 0.06504 0.060275 0.055675 0.051075 0.046524 0.042024 0.037523 0.033313 0.02913 0.025055 0.021089 0.017249 0.013578 0.010217
51 0.094481 0.089529 0.084598 0.079714 0.074865 0.070016 0.065167 0.060339 0.055736 0.051132 0.046561 0.042021 0.037482 0.033259 0.029066 0.024952 0.020916 0.017007 0.013265 0.0098957
52 0.094594 0.0897 0.084741 0.07985 0.075008 0.070153 0.065284 0.060436 0.055812 0.051188 0.046596 0.042036 0.037475 0.033211 0.028975 0.024818 0.02074 0.016788 0.013002 0.0095935
53 0.094653 0.089777 0.084864 0.079961 0.075066 0.070206 0.065383 0.060574 0.055918 0.051261 0.046651 0.042088 0.037526 0.033195 0.028887 0.024683 0.020585 0.016608 0.012794 0.0093206
54 0.094947 0.089883 0.08497 0.080062 0.075158 0.070298 0.065482 0.060677 0.055991 0.051306 0.046673 0.042094 0.037515 0.03314 0.028784 0.024545 0.020422 0.01642 0.012579 0.0090516
55 0.095001 0.089977 0.085037 0.080142 0.07528 0.070433 0.0656 0.060779 0.056073 0.051366 0.046711 0.042108 0.037505 0.033098 0.028711 0.024441 0.020288 0.016257 0.012387 0.0088058
56 0.094998 0.090017 0.085089 0.0802 0.07534 0.070505 0.065696 0.060893 0.056153 0.051413 0.046743 0.042142 0.037542 0.033107 0.028688 0.02438 0.020182 0.016108 0.012199 0.0086045
57 0.094878 0.089988 0.08511 0.080232 0.075356 0.070539 0.065783 0.061025 0.056247 0.05147 0.046789 0.042204 0.037619 0.033156 0.028706 0.024355 0.020104 0.015981 0.012029 0.0084304
58 0.094826 0.089928 0.085082 0.080242 0.075407 0.070616 0.065867 0.061117 0.056338 0.05156 0.046871 0.042273 0.037674 0.033176 0.028687 0.024303 0.020024 0.015869 0.011879 0.0082617
59 0.094626 0.089809 0.085 0.080221 0.075465 0.070711 0.065959 0.061206 0.056443 0.05168 0.046989 0.042369 0.037749 0.033213 0.028685 0.02427 0.019967 0.01578 0.011749 0.0081078
60 0.094572 0.089723 0.084982 0.080237 0.07549 0.070752 0.066022 0.06129 0.056536 0.051782 0.047079 0.042427 0.037774 0.033215 0.028664 0.024239 0.01994 0.015724 0.011619 0.0079335
61 0.094361 0.0896 0.084951 0.080245 0.075496 0.070775 0.066083 0.061386 0.056644 0.051903 0.04719 0.042505 0.037821 0.033239 0.028667 0.024233 0.019937 0.015689 0.011504 0.0077697
62 0.094295 0.089496 0.084885 0.080218 0.075507 0.070814 0.066139 0.061459 0.056723 0.051987 0.04727 0.042573 0.037875 0.03328 0.028694 0.024235 0.019902 0.01562 0.011405 0.0076247
63 0.093983 0.089373 0.084799 0.080178 0.075523 0.070869 0.066214 0.061553 0.056825 0.052097 0.047377 0.042667 0.037956 0.033344 0.028741 0.024253 0.019881 0.015563 0.011317 0.0074865
64 0.093805 0.089175 0.084697 0.080145 0.075538 0.070907 0.066252 0.061592 0.056877 0.052161 0.047453 0.04275 0.038048 0.033424 0.028808 0.024293 0.019881 0.015536 0.011282 0.0073779
65 0.093459 0.088971 0.084608 0.080134 0.075577 0.07097 0.066312 0.06165 0.056949 0.052247 0.047546 0.042846 0.038146 0.033507 0.028874 0.024331 0.019879 0.015504 0.011231 0.0072595
66 0.093269 0.088784 0.084459 0.080041 0.075552 0.070979 0.066321 0.061664 0.057013 0.052361 0.047681 0.042971 0.038261 0.033608 0.028959 0.024392 0.019906 0.015487 0.01116 0.0071318
67 0.092885 0.088632 0.084344 0.079979 0.075555 0.071015 0.066359 0.061707 0.057093 0.052478 0.047812 0.043092 0.038373 0.033706 0.029044 0.02445 0.019924 0.015463 0.011087 0.0070025
68 0.092684 0.088409 0.084174 0.079854 0.075469 0.070988 0.066412 0.06183 0.057202 0.052574 0.047905 0.043196 0.038487 0.033818 0.029152 0.02453 0.019952 0.015445 0.011034 0.0068867
69 0.092358 0.088216 0.084023 0.079741 0.075392 0.070967 0.066467 0.061955 0.057319 0.052683 0.048012 0.043305 0.038597 0.033922 0.02925 0.024606 0.019988 0.015439 0.010982 0.0067766
70 0.092102 0.087977 0.083792 0.079545 0.075249 0.070896 0.066483 0.062053 0.057446 0.052838 0.048173 0.04345 0.038727 0.03404 0.029357 0.024698 0.020063 0.015475 0.010949 0.0066852
71 0.091785 0.087789 0.083626 0.079414 0.075163 0.070863 0.066516 0.062148 0.057558 0.052967 0.048304 0.043569 0.038834 0.034139 0.029448 0.024775 0.020119 0.015493 0.010908 0.0065817
72 0.091408 0.087553 0.08352 0.079377 0.075153 0.070878 0.066552 0.062204 0.057624 0.053044 0.048391 0.043663 0.038935 0.03424 0.029549 0.024862 0.020179 0.015515 0.010876 0.0064773
73 0.09097 0.087287 0.083359 0.079279 0.075084 0.070837 0.06654 0.062221 0.057683 0.053146 0.048514 0.043787 0.039061 0.034367 0.029676 0.024978 0.020274 0.015579 0.010895 0.0064653
74 0.090574 0.08696 0.083073 0.079042 0.074901 0.070707 0.066461 0.062196 0.057751 0.053305 0.048714 0.043977 0.039241 0.034542 0.029848 0.025138 0.020413 0.015686 0.010956 0.0065136
75 0.090078 0.086635 0.082807 0.078838 0.074763 0.070632 0.066447 0.062243 0.057849 0.053455 0.048892 0.044162 0.039431 0.034724 0.03002 0.025279 0.020502 0.015742 0.011005 0.0064978
76 0.089661 0.086173 0.082464 0.078603 0.074627 0.070587 0.066482 0.062353 0.057972 0.053591 0.049049 0.044346 0.039642 0.034926 0.030209 0.025427 0.020581 0.015785 0.011058 0.0064621
77 0.089342 0.085763 0.082161 0.078399 0.074516 0.070551 0.066504 0.062429 0.058056 0.053683 0.049161 0.04449 0.039819 0.035098 0.030371 0.025575 0.02071 0.015873 0.011073 0.0064236
78 0.088853 0.085437 0.081913 0.078233 0.074434 0.070529 0.066518 0.062476 0.058113 0.05375 0.049254 0.044624 0.039994 0.035271 0.030538 0.025738 0.020869 0.015987 0.011085 0.0063843
79 0.08835 0.085122 0.081686 0.078091 0.074375 0.070537 0.066575 0.062576 0.058199 0.053822 0.049345 0.044767 0.040189 0.035451 0.030696 0.025857 0.020934 0.016006 0.011073 0.0063502
80 0.087973 0.084733 0.081408 0.077913 0.074291 0.070531 0.066636 0.062695 0.058293 0.053891 0.049433 0.044919 0.040405 0.035648 0.030867 0.025982 0.020992 0.016016 0.01106 0.0063137
81 0.087433 0.084323 0.081151 0.077736 0.074139 0.070434 0.066621 0.062759 0.05839 0.05402 0.049596 0.045118 0.04064 0.035864 0.031059 0.026151 0.02114 0.016118 0.011079 0.0062283
82 0.086868 0.083929 0.08094 0.077584 0.073954 0.070281 0.066565 0.062797 0.058483 0.054169 0.049786 0.045335 0.040884 0.036088 0.031257 0.026327 0.021295 0.016222 0.011095 0.0061409
83 0.08639 0.083531 0.0806 0.077313 0.073759 0.070165 0.06653 0.062843 0.05861 0.054377 0.050035 0.045584 0.041133 0.036303 0.031435 0.026475 0.021421 0.016302 0.011096 0.0060971
84 0.086062 0.083146 0.08018 0.076956 0.073538 0.070051 0.066495 0.062887 0.058739 0.054592 0.050291 0.045835 0.04138 0.036516 0.031612 0.026622 0.021546 0.016385 0.011112 0.0060548
85 0.085619 0.082611 0.079736 0.076646 0.073395 0.070005 0.066477 0.062901 0.058845 0.054788 0.050534 0.046085 0.041635 0.036745 0.031813 0.026787 0.021667 0.016478 0.011196 0.0060353
86 0.084781 0.082013 0.079291 0.076368 0.073293 0.069996 0.066478 0.062921 0.05896 0.054999 0.050797 0.046355 0.041912 0.037005 0.032053 0.026996 0.021835 0.016607 0.011288 0.0060513
87 0.084337 0.08151 0.078843 0.075976 0.072959 0.069768 0.066401 0.062988 0.0591 0.055212 0.051038 0.046579 0.04212 0.037242 0.032324 0.027268 0.022074 0.01678 0.011355 0.0061256
88 0.08351 0.081109 0.078433 0.075576 0.072583 0.069493 0.066307 0.063065 0.059252 0.055438 0.051301 0.046839 0.042377 0.037527 0.03264 0.027578 0.022341 0.016982 0.011461 0.0061896
89 0.082608 0.080592 0.077978 0.075257 0.072456 0.069479 0.066329 0.063122 0.059328 0.055534 0.051443 0.047055 0.042666 0.037825 0.03294 0.027855 0.02257 0.017161 0.011588 0.0062153
90 0.081976 0.080008 0.077464 0.074895 0.072307 0.069454 0.066334 0.063158 0.059396 0.055635 0.051597 0.047284 0.042971 0.038128 0.033235 0.028121 0.022788 0.017334 0.011718 0.0061951
91 0.081146 0.079646 0.077228 0.074697 0.072082 0.06926 0.066232 0.063148 0.059485 0.055821 0.051846 0.047559 0.043272 0.038401 0.033473 0.028325 0.022957 0.017472 0.011833 0.0061191
92 0.080081 0.079289 0.076993 0.074492 0.071835 0.069047 0.066127 0.06315 0.059586 0.056023 0.052103 0.047829 0.043554 0.03869 0.033769 0.028592 0.023161 0.017622 0.011939 0.0061194
93 0.079872 0.078836 0.076645 0.074256 0.071717 0.068996 0.066093 0.063135 0.059622 0.056108 0.052209 0.047924 0.043639 0.038857 0.034026 0.028852 0.023335 0.017728 0.012 0.0061494
94 0.079739 0.078228 0.076155 0.073909 0.071534 0.068917 0.066056 0.063144 0.059692 0.056239 0.052382 0.04812 0.043858 0.039079 0.034251 0.029054 0.023488 0.017849 0.012113 0.0061922
95 0.079214 0.077961 0.075685 0.073513 0.071419 0.06896 0.066136 0.063258 0.059824 0.05639 0.052566 0.048353 0.04414 0.039272 0.03434 0.029095 0.023535 0.017914 0.012208 0.0062181
96 0.079132 0.077461 0.07503 0.072943 0.071115 0.068825 0.066071 0.063263 0.059895 0.056527 0.052763 0.048603 0.044443 0.039539 0.034563 0.0293 0.023749 0.018115 0.012374 0.0062885
97 0.07786 0.076723 0.074838 0.072875 0.070854 0.068534 0.065917 0.063244 0.059993 0.056742 0.05305 0.048916 0.044783 0.039866 0.034874 0.029597 0.024038 0.01837 0.012559 0.0063662
98 0.077144 0.075751 0.074514 0.072778 0.070666 0.068361 0.065862 0.063301 0.060092 0.056883 0.053235 0.049147 0.045059 0.040176 0.035217 0.029952 0.024383 0.018619 0.012595 0.0062622
99 0.076567 0.075575 0.074275 0.072646 0.07077 0.06855 0.065986 0.063357 0.060059 0.056761 0.053112 0.049112 0.045113 0.040315 0.035441 0.030225 0.024668 0.018809 0.01255 0.0061083
100 0.075371 0.075098 0.073772 0.072281 0.070666 0.06856 0.065964 0.06331 0.060068 0.056825 0.053254 0.049356 0.045458 0.040673 0.035802 0.030541 0.024888 0.019 0.0128 0.0063137
101 0.074659 0.074396 0.073264 0.071939 0.070469 0.068428 0.065816 0.063163 0.06008 0.056997 0.053536 0.049697 0.045858 0.041039 0.036126 0.030789 0.025028 0.019129 0.013043 0.0065417
102 0.073682 0.073371 0.072377 0.071257 0.070042 0.068167 0.065632 0.063065 0.060164 0.057263 0.053911 0.050107 0.046303 0.041486 0.036572 0.031225 0.025446 0.019539 0.013464 0.0069235
103 0.072538 0.07285 0.071543 0.070495 0.06964 0.067994 0.065556 0.063089 0.060323 0.057557 0.05427 0.050464 0.046657 0.041845 0.036936 0.031586 0.025794 0.019874 0.013783 0.0072053
104 0.072029 0.07256 0.071038 0.070032 0.069413 0.067942 0.06562 0.06326 0.0605 0.05774 0.054476 0.050708 0.046939 0.042028 0.037006 0.031683 0.026059 0.020114 0.013741 0.007115
105 0.072184 0.072356 0.070879 0.069837 0.069122 0.067682 0.065515 0.063293 0.060494 0.057694 0.054458 0.050786 0.047113 0.042146 0.037055 0.031778 0.026315 0.020389 0.013845 0.0070595
106 0.071969 0.071611 0.070074 0.069103 0.068556 0.067319 0.065391 0.063387 0.060601 0.057815 0.05462 0.051016 0.047411 0.042577 0.037624 0.032279 0.026541 0.020605 0.014406 0.007095
107 0.071696 0.071061 0.069142 0.068249 0.068127 0.067197 0.06546 0.063627 0.060793 0.05796 0.054757 0.051186 0.047614 0.042905 0.038086 0.032715 0.026794 0.020791 0.01468 0.0071589
108 0.071162 0.070575 0.068451 0.067573 0.067631 0.066849 0.065227 0.063528 0.061037 0.058546 0.055453 0.051757 0.048061 0.043192 0.038209 0.032863 0.027152 0.02105 0.01443 0.0072547
109 0.070683 0.070529 0.068269 0.067209 0.067051 0.066192 0.064633 0.063034 0.061015 0.058995 0.056062 0.052215 0.048368 0.043403 0.038331 0.033054 0.027574 0.021448 0.014462 0.0074717
110 0.070696 0.069759 0.067564 0.0665 0.066285 0.065503 0.064154 0.062762 0.06094 0.059118 0.056319 0.052543 0.048767 0.043838 0.038797 0.033578 0.028181 0.022025 0.014859 0.0078115
111 0.070663 0.068653 0.066751 0.065813 0.0656 0.06492 0.063771 0.062576 0.060903 0.05923 0.056561 0.052896 0.049232 0.044317 0.039282 0.034101 0.028773 0.022599 0.015296 0.0080633
112 0.070329 0.06782 0.066102 0.065217 0.064959 0.064457 0.063712 0.062881 0.061168 0.059454 0.056801 0.053209 0.049617 0.044618 0.039482 0.034303 0.029078 0.022957 0.015643 0.0081921
113 0.06996 0.067725 0.065826 0.06474 0.064265 0.063862 0.063532 0.063071 0.061262 0.059454 0.056814 0.053342 0.04987 0.044937 0.039862 0.034658 0.029325 0.02318 0.015954 0.0083603
114 0.069423 0.067321 0.065747 0.064535 0.063595 0.063051 0.062902 0.062626 0.061033 0.05944 0.056964 0.053605 0.050247 0.045555 0.040734 0.035431 0.029645 0.023317 0.016268 0.0085599
115 0.069194 0.066518 0.065682 0.064385 0.062742 0.06194 0.061977 0.061899 0.060622 0.059345 0.057137 0.053997 0.050858 0.046242 0.041482 0.036137 0.030206 0.023838 0.016887 0.0089136
