1 0 0 0 0 0 0 0 0 0 0 0 0 0 0 0 0 0 0 0 0
2 0 0 0 0 0 0 0 0 0 0 0 0 0 0 0 0 0 0 0 0
3 0 0 0 0 0 0 0 0 0 0 0 0 0 0 0 0 0 0 0 0
4 0 0 0 0 0 0 0 0 0 0 0 0 0 0 0 0 0 0 0 0
5 0 0 0 0 0 0 0 0 0 0 0 0 0 0 0 0 0 0 0 0
6 0 0 0 0 0 0 0 0 0 0 0 0 0 0 0 0 0 0 0 0
7 0 0 0 0 0 0 0 0 0 0 0 0 0 0 0 0 0 0 0 0
8 0 0 0 0 0 0 0 0 0 0 0 0 0 0 0 0 0 0 0 0
9 0 0 0 0 0 0 0 0 0 0 0 0 0 0 0 0 0 0 0 0
10 0 0 0 0 0 0 0 0 0 0 0 0 0 0 0 0 0 0 0 0
11 0 0 0 0 0 0 0 0 0 0 0 0 0 0 0 0 0 0 0 0
12 0 0 0 0 0 0 0 0 0 0 0 0 0 0 0 0 0 0 0 0
13 0 0 0 0 0 0 0 0 0 0 0 0 0 0 0 0 0 0 0 0
14 0 0 0 0 0 0 0 0 0 0 0 0 0 0 0 0 0 0 0 0
15 0 0 0 0 0 0 0 0 0 0 0 0 0 0 0 0 0 0 0 0
16 0 0 0 0 0 0 0 0 0 0 0 0 0 0 0 0 0 0 0 0
17 0 0 0 0 0 0 0 0 0 0 0 0 0 0 0 0 0 0 0 0
18 0 0 0 0 0 0 0 0 0 0 0 0 0 0 0 0 0 0 0 0
19 0 0 0 0 0 0 0 0 0 0 0 0 0 0 0 0 0 0 0 0
20 0 0 0 0 0 0 0 0 0 0 0 0 0 0 0 0 0 0 0 0
21 0 0 0 0 0 0 0 0 0 0 0 0 0 0 0 0 0 0 0 0
22 0 0 0 0 0 0 0 0 0 0 0 0 0 0 0 0 0 0 0 0
23 0 0 0 0 0 0 0 0 0 0 0 0 0 0 0 0 0 0 0 0
24 0 0 0 0 0 0 0 0 0 0 0 0 0 0 0 0 0 0 0 0
25 0 0 0 0 0 0 0 0 0 0 0 0 0 0 0 0 0 0 0 0
26 0 0 0 0 0 0 0 0 0 0 0 0 0 0 0 0 0 0 0 0
27 0 0 0 0 0 0 0 0 0 0 0 0 0 0 0 0 0 0 0 0
28 0 0 0 0 0 0 0 0 0 0 0 0 0 0 0 0 0 0 0 0
29 0.069354 0.059703 0.056825 0.055656 0.055771 0.056141 0.056767 0.057245 0.056185 0.055126 0.053446 0.051145 0.048845 0.046421 0.043985 0.041354 0.038529 0.036359 0.035062 0.026083
30 0.072755 0.066426 0.062912 0.060856 0.059896 0.059092 0.058444 0.05766 0.055472 0.053284 0.050771 0.047933 0.045096 0.042326 0.039563 0.037651 0.036588 0.034471 0.030949 0.027854
31 0.075319 0.070503 0.066549 0.064433 0.063699 0.062017 0.059389 0.056756 0.054073 0.051391 0.048644 0.045833 0.043022 0.040515 0.038038 0.036046 0.03454 0.032352 0.029254 0.027628
32 0.075648 0.072367 0.069896 0.067091 0.064034 0.061189 0.058558 0.055933 0.053368 0.050804 0.048221 0.045621 0.043021 0.040679 0.038362 0.035914 0.033333 0.03085 0.028497 0.026613
33 0.075372 0.073031 0.070043 0.067048 0.064046 0.061146 0.058349 0.055586 0.053181 0.050775 0.048309 0.04578 0.043252 0.040778 0.038309 0.035864 0.033443 0.030999 0.028524 0.026164
34 0.076953 0.073473 0.070489 0.067418 0.064283 0.06132 0.05853 0.055755 0.053142 0.050528 0.047933 0.045357 0.042781 0.040311 0.037851 0.035475 0.033182 0.030841 0.028435 0.02594
35 0.077554 0.074136 0.070982 0.067949 0.065007 0.062004 0.058941 0.055905 0.053141 0.050378 0.047651 0.044962 0.042272 0.039866 0.037488 0.03506 0.032584 0.030241 0.028077 0.025803
36 0.078393 0.07505 0.071526 0.068253 0.065167 0.062127 0.059133 0.056151 0.053298 0.050444 0.047649 0.044913 0.042176 0.039579 0.036996 0.034485 0.032048 0.029718 0.02753 0.025362
37 0.078886 0.075547 0.072165 0.068869 0.065636 0.062466 0.059359 0.056266 0.053327 0.050388 0.04753 0.044751 0.041973 0.039308 0.036654 0.034104 0.031659 0.029283 0.027 0.024829
38 0.079486 0.076069 0.07271 0.069381 0.066073 0.062797 0.059554 0.056331 0.053326 0.050321 0.047412 0.0446 0.041788 0.03906 0.036341 0.033742 0.031263 0.028854 0.026537 0.024355
39 0.080233 0.07674 0.073174 0.069702 0.066302 0.062968 0.0597 0.056449 0.053364 0.050279 0.04731 0.044457 0.041604 0.038824 0.036052 0.033412 0.030905 0.028463 0.026108 0.023952
40 0.089025 0.085173 0.080625 0.076104 0.071601 0.067348 0.063343 0.05932 0.055094 0.050869 0.046754 0.04275 0.038745 0.035078 0.031442 0.027933 0.024549 0.02125 0.018064 0.014932
41 0.089966 0.08538 0.081025 0.076559 0.072009 0.067683 0.063581 0.059467 0.05523 0.050993 0.046834 0.042753 0.038672 0.034877 0.03111 0.027499 0.024043 0.02067 0.017409 0.014239
42 0.090131 0.086272 0.081627 0.077063 0.072558 0.068134 0.063791 0.059457 0.05522 0.050983 0.04681 0.042701 0.038591 0.034698 0.030826 0.027106 0.023538 0.020094 0.016815 0.013582
43 0.091535 0.086775 0.082061 0.077449 0.072913 0.068397 0.0639 0.059423 0.055153 0.050883 0.046677 0.042536 0.038395 0.034458 0.03054 0.026764 0.023128 0.019637 0.016339 0.013038
44 0.091678 0.087231 0.082556 0.077914 0.073298 0.068685 0.064078 0.059495 0.055168 0.050842 0.046589 0.042409 0.038229 0.034268 0.030328 0.026515 0.02283 0.019301 0.015978 0.012609
45 0.092539 0.087595 0.082886 0.078211 0.073563 0.068919 0.06428 0.059659 0.055232 0.050804 0.046484 0.042269 0.038055 0.034067 0.030102 0.026248 0.022508 0.018911 0.015506 0.012163
46 0.09297 0.087941 0.083172 0.078465 0.073804 0.069152 0.06451 0.059878 0.055341 0.050804 0.046412 0.042166 0.03792 0.033906 0.029914 0.026022 0.022228 0.018562 0.015065 0.011769
47 0.093201 0.088368 0.083509 0.078721 0.073987 0.069308 0.064686 0.060066 0.055472 0.050878 0.046426 0.042114 0.037802 0.033751 0.029726 0.025789 0.021939 0.018218 0.014667 0.011373
48 0.09344 0.088758 0.083811 0.07894 0.074126 0.069419 0.064822 0.060221 0.055589 0.050957 0.046453 0.042076 0.037698 0.033614 0.029558 0.025581 0.021681 0.017914 0.014321 0.011022
49 0.094108 0.08901 0.084108 0.079218 0.074339 0.069564 0.064894 0.060229 0.055612 0.050994 0.04647 0.042037 0.037605 0.033459 0.029341 0.025323 0.021404 0.017615 0.013999 0.01067
50 0.094255 0.089243 0.084407 0.079513 0.074576 0.069734 0.064986 0.060251 0.055653 0.051055 0.046514 0.042032 0.037549 0.033344 0.029166 0.025108 0.021171 0.017361 0.01372 0.010362
51 0.094497 0.089446 0.084544 0.079656 0.07478 0.069931 0.06511 0.060308 0.055707 0.051105 0.046543 0.042019 0.037496 0.033278 0.02909 0.024992 0.020984 0.017102 0.01339 0.010023
52 0.094487 0.089665 0.084693 0.079809 0.07499 0.070136 0.065247 0.060383 0.055773 0.051163 0.046578 0.042018 0.037458 0.033221 0.029016 0.024879 0.02081 0.016868 0.013094 0.0097129
53 0.094635 0.089744 0.084813 0.079915 0.075041 0.070184 0.065342 0.060518 0.055875 0.051232 0.046629 0.042067 0.037506 0.033202 0.028923 0.024738 0.020647 0.016681 0.012878 0.0094305
54 0.094783 0.089857 0.084954 0.08004 0.075117 0.070251 0.065441 0.060643 0.055966 0.051288 0.046665 0.042095 0.037526 0.033163 0.028821 0.024594 0.020483 0.016492 0.012664 0.009158
55 0.095045 0.089931 0.085003 0.080103 0.075225 0.070373 0.065548 0.060734 0.056036 0.051338 0.046693 0.0421 0.037507 0.033113 0.028739 0.024482 0.020341 0.016322 0.012464 0.0089048
56 0.094953 0.090038 0.085089 0.080195 0.075341 0.070498 0.065666 0.060844 0.056119 0.051394 0.046728 0.042121 0.037513 0.03309 0.028684 0.024393 0.020217 0.016164 0.012273 0.0086792
57 0.09498 0.089994 0.085096 0.080214 0.075344 0.070521 0.065744 0.060968 0.056206 0.051444 0.046768 0.042177 0.037586 0.033135 0.028697 0.024364 0.020134 0.016032 0.012098 0.0085008
58 0.094835 0.089985 0.085123 0.080257 0.075389 0.070581 0.065834 0.061084 0.056299 0.051513 0.046826 0.042236 0.037646 0.033163 0.02869 0.024319 0.02005 0.015908 0.011935 0.0083269
59 0.094801 0.089848 0.085024 0.080221 0.075433 0.070665 0.065915 0.061163 0.056395 0.051626 0.046936 0.042325 0.037715 0.033195 0.028683 0.024281 0.019988 0.015815 0.011801 0.0081698
60 0.0946 0.08978 0.085 0.080239 0.075493 0.070747 0.066001 0.061254 0.056495 0.051736 0.047036 0.042397 0.037758 0.033207 0.028664 0.024243 0.019942 0.015739 0.011666 0.0080013
61 0.094475 0.089647 0.084961 0.080239 0.075491 0.070763 0.066056 0.061345 0.056598 0.051852 0.047143 0.042472 0.037801 0.033228 0.028665 0.024235 0.019939 0.015704 0.011551 0.0078374
62 0.094301 0.089562 0.084935 0.080247 0.075512 0.070803 0.066119 0.06143 0.05669 0.051949 0.047233 0.042539 0.037845 0.033255 0.028675 0.024227 0.01991 0.015643 0.011442 0.0076819
63 0.094109 0.08942 0.084831 0.080191 0.075514 0.070843 0.066181 0.061512 0.056781 0.05205 0.047333 0.042629 0.037926 0.033321 0.028726 0.02425 0.019894 0.015589 0.011353 0.0075439
64 0.093891 0.089276 0.084751 0.080165 0.075535 0.070892 0.066235 0.061573 0.056851 0.052128 0.047415 0.04271 0.038004 0.033386 0.028776 0.024273 0.019878 0.015545 0.011295 0.0074216
65 0.093613 0.089037 0.084627 0.080123 0.075547 0.070933 0.066281 0.061624 0.056919 0.052213 0.04751 0.042812 0.038113 0.033481 0.028855 0.024323 0.019886 0.015524 0.011263 0.0073151
66 0.093389 0.088865 0.084522 0.080078 0.075559 0.070971 0.066313 0.061654 0.056982 0.05231 0.047621 0.042916 0.038211 0.033563 0.028922 0.024365 0.019893 0.015493 0.011189 0.0071841
67 0.093058 0.088672 0.084373 0.079991 0.075547 0.070995 0.066336 0.06168 0.057059 0.052437 0.047768 0.043052 0.038336 0.033673 0.029015 0.024432 0.019924 0.015479 0.011118 0.0070557
68 0.092762 0.088503 0.084246 0.079907 0.075506 0.071 0.06639 0.061779 0.057157 0.052534 0.047866 0.043153 0.038439 0.033771 0.029107 0.024497 0.01994 0.015452 0.011056 0.0069347
69 0.092481 0.088282 0.084079 0.079786 0.075424 0.070979 0.06645 0.061911 0.057273 0.052636 0.047966 0.043262 0.038559 0.033888 0.02922 0.024581 0.01997 0.015435 0.011001 0.0068172
70 0.092241 0.088075 0.083887 0.079625 0.075307 0.070923 0.066474 0.06201 0.057391 0.052772 0.048104 0.043387 0.038671 0.033989 0.029311 0.024658 0.020031 0.015459 0.010962 0.0067228
71 0.091872 0.087844 0.083663 0.079435 0.075172 0.070861 0.066501 0.06212 0.05753 0.052939 0.048277 0.043543 0.03881 0.034114 0.029421 0.024751 0.020104 0.015491 0.010926 0.0066258
72 0.091585 0.087652 0.083564 0.079392 0.075156 0.070871 0.066536 0.062179 0.057595 0.053011 0.048353 0.043622 0.038891 0.034197 0.029506 0.024824 0.020153 0.015505 0.010889 0.0065205
73 0.091137 0.087406 0.083452 0.079352 0.075144 0.070883 0.066571 0.062235 0.057663 0.05309 0.048442 0.043719 0.038995 0.034302 0.029612 0.024918 0.020222 0.015539 0.010872 0.0064471
74 0.090776 0.087096 0.083192 0.079139 0.074976 0.07076 0.066491 0.062204 0.05772 0.053236 0.048628 0.043895 0.039163 0.034467 0.029774 0.025069 0.020353 0.01564 0.01093 0.0064929
75 0.090239 0.086795 0.082932 0.078928 0.074818 0.070655 0.066437 0.062203 0.057804 0.053405 0.048834 0.044092 0.03935 0.034647 0.029947 0.025222 0.020471 0.015725 0.010984 0.0065118
76 0.089844 0.08637 0.08261 0.078703 0.074685 0.070606 0.066467 0.062306 0.057919 0.053533 0.048982 0.044267 0.039552 0.03484 0.030128 0.025364 0.020547 0.015766 0.011035 0.0064767
77 0.089499 0.085899 0.082264 0.078469 0.074552 0.070563 0.066502 0.062412 0.058035 0.053658 0.049126 0.044438 0.039751 0.03503 0.030306 0.025512 0.020648 0.015829 0.011068 0.0064387
78 0.089079 0.085576 0.082019 0.078303 0.074468 0.070538 0.066511 0.062455 0.058087 0.05372 0.049213 0.044566 0.039919 0.035196 0.030466 0.025668 0.020801 0.015938 0.011079 0.0064003
79 0.088542 0.085271 0.081792 0.078157 0.074406 0.070536 0.066548 0.062527 0.05816 0.053792 0.049307 0.044705 0.040103 0.035371 0.030627 0.025806 0.020909 0.016 0.011076 0.0063627
80 0.088126 0.084902 0.081529 0.077991 0.074328 0.070535 0.066611 0.062645 0.058253 0.053861 0.049395 0.044854 0.040313 0.035563 0.030794 0.025928 0.020966 0.016011 0.011065 0.0063297
81 0.087668 0.084476 0.081234 0.077796 0.07421 0.070492 0.066641 0.062743 0.058352 0.053961 0.049521 0.045032 0.040543 0.035776 0.030981 0.026082 0.021079 0.016076 0.011073 0.006265
82 0.087039 0.084107 0.081039 0.077657 0.07404 0.070353 0.066595 0.062786 0.058448 0.054109 0.049709 0.045246 0.040783 0.035994 0.031175 0.026253 0.02123 0.016178 0.011088 0.006172
83 0.086598 0.083674 0.080756 0.077444 0.073837 0.070201 0.066537 0.062819 0.058553 0.054287 0.04993 0.045481 0.041032 0.036216 0.031364 0.026415 0.02137 0.01627 0.011097 0.0061162
84 0.086093 0.083327 0.080374 0.077122 0.073645 0.070111 0.066521 0.062878 0.058693 0.054509 0.050189 0.045734 0.04128 0.036428 0.031537 0.026559 0.021493 0.016347 0.011093 0.0060668
85 0.085901 0.082841 0.079907 0.076752 0.073433 0.070007 0.066474 0.062891 0.058798 0.054705 0.050432 0.04598 0.041528 0.036649 0.031728 0.026717 0.021616 0.016438 0.01116 0.0060434
86 0.085025 0.082293 0.079504 0.076508 0.073357 0.070019 0.066495 0.062928 0.058924 0.05492 0.050695 0.046247 0.0418 0.036893 0.031942 0.026893 0.021745 0.016538 0.01125 0.0060228
87 0.084517 0.081674 0.079008 0.076137 0.07311 0.069879 0.066442 0.062964 0.059046 0.055129 0.050944 0.046491 0.042038 0.037147 0.032213 0.027156 0.021975 0.016709 0.011328 0.0060946
88 0.083897 0.081291 0.078618 0.075755 0.072751 0.069617 0.066353 0.063037 0.059191 0.055344 0.051186 0.046716 0.042247 0.037389 0.032493 0.027438 0.022223 0.016888 0.011395 0.0061703
89 0.082883 0.080813 0.078172 0.075393 0.072509 0.069486 0.066325 0.063107 0.059307 0.055506 0.051395 0.046974 0.042553 0.037707 0.032819 0.027743 0.022477 0.017088 0.011536 0.0062054
90 0.082239 0.080268 0.077694 0.075059 0.072378 0.06947 0.066335 0.063142 0.059357 0.055571 0.051509 0.04717 0.04283 0.037996 0.033115 0.028017 0.022703 0.017265 0.011663 0.006218
91 0.081536 0.079778 0.077313 0.074774 0.072179 0.069347 0.066279 0.063155 0.059449 0.055743 0.05174 0.047442 0.043144 0.038284 0.03337 0.028237 0.022884 0.017412 0.011783 0.0061509
92 0.080324 0.079477 0.077128 0.074606 0.071956 0.069147 0.066177 0.063151 0.05955 0.055948 0.052012 0.047741 0.04347 0.038582 0.033634 0.028463 0.02307 0.017562 0.011902 0.0061011
93 0.079786 0.079043 0.076811 0.074374 0.071785 0.069034 0.066122 0.063154 0.059618 0.056082 0.052173 0.047891 0.04361 0.038791 0.033921 0.028745 0.023264 0.017685 0.011975 0.0061371
94 0.079962 0.078536 0.076405 0.074085 0.071622 0.068944 0.066051 0.063106 0.059625 0.056144 0.052262 0.047977 0.043693 0.038953 0.034169 0.028997 0.023437 0.0178 0.012059 0.0061736
95 0.079361 0.078082 0.075897 0.073694 0.071478 0.06895 0.066109 0.063215 0.059772 0.05633 0.052491 0.048256 0.044021 0.039191 0.034302 0.029077 0.023515 0.017886 0.012167 0.0062068
96 0.07919 0.077734 0.075321 0.073194 0.071283 0.068928 0.066129 0.063275 0.059857 0.056438 0.052644 0.048474 0.044304 0.039406 0.034438 0.02918 0.023633 0.018014 0.0123 0.0062574
97 0.078574 0.077033 0.074912 0.072895 0.070956 0.068648 0.065972 0.063241 0.059939 0.056638 0.052915 0.048771 0.044627 0.039716 0.034732 0.029462 0.023907 0.018256 0.012476 0.0063309
98 0.077469 0.076224 0.074696 0.072813 0.070665 0.068326 0.065797 0.063211 0.060033 0.056855 0.053209 0.049093 0.044977 0.040068 0.035083 0.029808 0.024242 0.018521 0.012593 0.0063151
99 0.076824 0.075647 0.074381 0.072708 0.07073 0.068472 0.065935 0.063334 0.060074 0.056813 0.053164 0.049126 0.045088 0.040254 0.035342 0.030106 0.024543 0.018726 0.012567 0.0061659
100 0.075977 0.07537 0.074018 0.072456 0.070736 0.068577 0.065979 0.063319 0.060018 0.056717 0.053108 0.049189 0.045271 0.040503 0.035652 0.030423 0.024815 0.018938 0.012704 0.0062315
101 0.074918 0.074712 0.073495 0.072097 0.070563 0.068493 0.065887 0.063232 0.060079 0.056927 0.053418 0.049552 0.045687 0.040882 0.035987 0.030681 0.024965 0.019068 0.012928 0.0064307
102 0.07418 0.073777 0.072774 0.07156 0.070186 0.068212 0.065638 0.06303 0.060079 0.057128 0.053752 0.04995 0.046148 0.041332 0.036417 0.031073 0.0253 0.019391 0.013303 0.0067698
103 0.07299 0.073073 0.0719 0.07082 0.069808 0.068063 0.065583 0.063072 0.060247 0.057423 0.054108 0.050302 0.046497 0.041683 0.036772 0.031425 0.025642 0.019745 0.013696 0.0071512
104 0.072003 0.07266 0.071144 0.070138 0.069514 0.068012 0.065632 0.06322 0.060476 0.057731 0.054457 0.050654 0.046852 0.041974 0.036992 0.031652 0.025953 0.020016 0.013763 0.0071557
105 0.072089 0.072475 0.070977 0.069949 0.069274 0.067819 0.065583 0.063299 0.060515 0.057731 0.054481 0.050765 0.047049 0.042087 0.037003 0.031709 0.026203 0.020249 0.013697 0.0070461
106 0.07214 0.071883 0.070441 0.069419 0.068713 0.067361 0.06536 0.063293 0.060524 0.057755 0.054563 0.050948 0.047334 0.042442 0.037428 0.032106 0.026479 0.020539 0.014184 0.0070888
107 0.071792 0.0713 0.069545 0.068617 0.06831 0.067246 0.065425 0.063517 0.060703 0.05789 0.054688 0.051099 0.047509 0.042765 0.037908 0.032527 0.026621 0.020694 0.014741 0.0071055
108 0.071452 0.070575 0.06848 0.067659 0.067796 0.067042 0.065396 0.063661 0.060997 0.058333 0.055186 0.051557 0.047928 0.043123 0.038204 0.03284 0.027031 0.020964 0.014555 0.0072219
109 0.07074 0.07063 0.068425 0.067442 0.067376 0.066548 0.064959 0.063314 0.061087 0.05886 0.055847 0.052047 0.048247 0.04328 0.0382 0.032881 0.027324 0.021187 0.01428 0.007327
110 0.070745 0.070176 0.067871 0.066758 0.066542 0.065722 0.064296 0.062831 0.060956 0.059081 0.056239 0.052429 0.048619 0.043672 0.038614 0.033368 0.027932 0.021786 0.014694 0.0076684
111 0.070664 0.069144 0.067113 0.066119 0.065904 0.065178 0.06394 0.062658 0.060915 0.059172 0.056437 0.052711 0.048985 0.044084 0.039069 0.03389 0.028547 0.022378 0.015108 0.007984
112 0.070514 0.067829 0.066178 0.065367 0.065187 0.064648 0.063748 0.062781 0.061107 0.059434 0.056782 0.053152 0.049523 0.044552 0.039452 0.034263 0.028987 0.022834 0.015515 0.0081475
113 0.070144 0.067818 0.065995 0.064994 0.064612 0.064165 0.063653 0.063029 0.061252 0.059474 0.056818 0.053282 0.049746 0.044711 0.03953 0.034357 0.029192 0.023116 0.01583 0.0082824
114 0.069672 0.067561 0.065717 0.064535 0.063852 0.063403 0.063189 0.062844 0.061151 0.059458 0.056907 0.053498 0.050089 0.045292 0.04036 0.035099 0.029508 0.023258 0.016133 0.0084736
115 0.069113 0.066941 0.06578 0.064517 0.063178 0.062484 0.062433 0.06226 0.060818 0.059376 0.057015 0.053735 0.050454 0.045906 0.041236 0.035915 0.029943 0.023549 0.016591 0.0087536
