1 0 0 0 0 0 0 0 0 0 0 0 0 0 0 0 0 0 0 0 0
2 0 0 0 0 0 0 0 0 0 0 0 0 0 0 0 0 0 0 0 0
3 0 0 0 0 0 0 0 0 0 0 0 0 0 0 0 0 0 0 0 0
4 0 0 0 0 0 0 0 0 0 0 0 0 0 0 0 0 0 0 0 0
5 0 0 0 0 0 0 0 0 0 0 0 0 0 0 0 0 0 0 0 0
6 0 0 0 0 0 0 0 0 0 0 0 0 0 0 0 0 0 0 0 0
7 0 0 0 0 0 0 0 0 0 0 0 0 0 0 0 0 0 0 0 0
8 0 0 0 0 0 0 0 0 0 0 0 0 0 0 0 0 0 0 0 0
9 0 0 0 0 0 0 0 0 0 0 0 0 0 0 0 0 0 0 0 0
10 0 0 0 0 0 0 0 0 0 0 0 0 0 0 0 0 0 0 0 0
11 0 0 0 0 0 0 0 0 0 0 0 0 0 0 0 0 0 0 0 0
12 0 0 0 0 0 0 0 0 0 0 0 0 0 0 0 0 0 0 0 0
13 0 0 0 0 0 0 0 0 0 0 0 0 0 0 0 0 0 0 0 0
14 0 0 0 0 0 0 0 0 0 0 0 0 0 0 0 0 0 0 0 0
15 0 0 0 0 0 0 0 0 0 0 0 0 0 0 0 0 0 0 0 0
16 0 0 0 0 0 0 0 0 0 0 0 0 0 0 0 0 0 0 0 0
17 0 0 0 0 0 0 0 0 0 0 0 0 0 0 0 0 0 0 0 0
18 0 0 0 0 0 0 0 0 0 0 0 0 0 0 0 0 0 0 0 0
19 0 0 0 0 0 0 0 0 0 0 0 0 0 0 0 0 0 0 0 0
20 0 0 0 0 0 0 0 0 0 0 0 0 0 0 0 0 0 0 0 0
21 0 0 0 0 0 0 0 0 0 0 0 0 0 0 0 0 0 0 0 0
22 0.069424 0.059756 0.056869 0.055692 0.0558 0.056164 0.056783 0.057254 0.056188 0.055122 0.053436 0.05113 0.048823 0.046395 0.043955 0.041321 0.038494 0.036321 0.035021 0.02605
23 0.07417 0.068467 0.065067 0.062528 0.060635 0.059232 0.058321 0.057278 0.054872 0.052466 0.049831 0.046966 0.044101 0.041582 0.039096 0.037287 0.036156 0.033875 0.030062 0.02801
24 0.076227 0.071676 0.068386 0.065942 0.064135 0.06176 0.058817 0.055918 0.05348 0.051042 0.048392 0.04553 0.042668 0.040362 0.03811 0.035984 0.033982 0.031626 0.028799 0.027164
25 0.075433 0.072937 0.07014 0.067089 0.063848 0.060978 0.058478 0.055968 0.053354 0.05074 0.048161 0.045617 0.043072 0.040739 0.038427 0.035953 0.033319 0.030811 0.028472 0.026464
26 0.075573 0.072954 0.070177 0.067211 0.064103 0.061171 0.058415 0.055686 0.053235 0.050784 0.048276 0.045712 0.043149 0.040661 0.03818 0.035751 0.033372 0.030968 0.028529 0.026093
27 0.077237 0.073831 0.070711 0.067577 0.064433 0.061449 0.058623 0.055812 0.05315 0.050487 0.047847 0.045228 0.04261 0.040158 0.037722 0.035329 0.032977 0.030634 0.028304 0.025879
28 0.077728 0.074363 0.071102 0.068104 0.065303 0.062299 0.059091 0.055923 0.053171 0.050418 0.047669 0.044922 0.042175 0.039713 0.037278 0.034827 0.03236 0.030027 0.027874 0.025653
29 0.078668 0.075324 0.071705 0.068331 0.06514 0.062082 0.059157 0.056234 0.05334 0.050447 0.047632 0.044898 0.042163 0.03952 0.036886 0.034354 0.031924 0.029587 0.027374 0.025235
30 0.078991 0.075631 0.072343 0.069076 0.065824 0.062611 0.059436 0.05628 0.053322 0.050365 0.047489 0.044694 0.041898 0.039224 0.036561 0.034004 0.031553 0.029164 0.026858 0.024676
31 0.07974 0.076292 0.072854 0.069475 0.066141 0.062845 0.059588 0.056351 0.053325 0.050299 0.047378 0.044561 0.041745 0.038994 0.036249 0.033634 0.031148 0.028734 0.026413 0.024233
32 0.080393 0.07689 0.073303 0.069805 0.066373 0.063024 0.05976 0.056509 0.053395 0.05028 0.047283 0.044402 0.041521 0.038744 0.035977 0.033335 0.030818 0.028361 0.025982 0.023844
33 0.080866 0.077335 0.073735 0.070174 0.066644 0.063237 0.059954 0.056679 0.05348 0.050281 0.047208 0.044262 0.041316 0.038523 0.035744 0.033071 0.030503 0.027996 0.025568 0.023425
34 0.081274 0.077709 0.074145 0.070558 0.066953 0.063474 0.06012 0.056776 0.05353 0.050283 0.04717 0.044191 0.041212 0.038365 0.035532 0.032797 0.030162 0.027616 0.025187 0.022945
35 0.08179 0.078157 0.074454 0.070804 0.067196 0.06368 0.060256 0.056848 0.053605 0.050362 0.04721 0.04415 0.04109 0.038187 0.035298 0.032515 0.029838 0.027262 0.024821 0.022478
36 0.082334 0.078596 0.074813 0.071108 0.067463 0.063894 0.0604 0.056923 0.053626 0.050329 0.047135 0.044044 0.040954 0.038013 0.035086 0.03226 0.029533 0.026918 0.024452 0.02212
37 0.082837 0.078938 0.075151 0.071421 0.067734 0.064116 0.060567 0.057035 0.053672 0.050308 0.04706 0.043925 0.040791 0.03782 0.034864 0.032013 0.029266 0.026619 0.024104 0.021757
38 0.083294 0.079271 0.07548 0.071723 0.06799 0.064324 0.060727 0.057147 0.053746 0.050344 0.047047 0.043853 0.04066 0.037637 0.03463 0.031743 0.028974 0.026293 0.02373 0.021386
39 0.083665 0.079625 0.075803 0.072011 0.068241 0.064528 0.060872 0.057236 0.053816 0.050395 0.047055 0.043796 0.040536 0.03747 0.034422 0.031494 0.028686 0.025969 0.023373 0.021007
40 0.093377 0.088512 0.083619 0.078799 0.074035 0.069343 0.064723 0.060104 0.055496 0.050889 0.046418 0.042086 0.037754 0.033693 0.029659 0.025711 0.021849 0.018116 0.014555 0.011261
41 0.093578 0.0889 0.083937 0.079042 0.074199 0.06947 0.064856 0.060239 0.055602 0.050964 0.046447 0.042051 0.037655 0.033554 0.029482 0.025494 0.021588 0.017814 0.014216 0.010912
42 0.094267 0.0891 0.084211 0.079315 0.074413 0.069613 0.064916 0.060227 0.055613 0.050999 0.046468 0.04202 0.037572 0.033409 0.029274 0.025245 0.021323 0.01753 0.01391 0.010575
43 0.09433 0.089345 0.084488 0.079587 0.074653 0.069799 0.065024 0.060264 0.055662 0.05106 0.04651 0.042014 0.037517 0.033309 0.029127 0.025059 0.021103 0.017275 0.013615 0.010257
44 0.094504 0.089531 0.084602 0.079711 0.074849 0.069996 0.065151 0.060328 0.055722 0.051117 0.046547 0.042011 0.037475 0.033253 0.029062 0.024954 0.020928 0.017029 0.013298 0.0099316
45 0.094605 0.08971 0.084742 0.079847 0.075008 0.07015 0.065272 0.060416 0.055795 0.051173 0.046582 0.04202 0.037459 0.033204 0.028978 0.024828 0.020754 0.016806 0.013026 0.0096277
46 0.094658 0.089789 0.084865 0.07996 0.075067 0.070204 0.065373 0.060556 0.055901 0.051247 0.046637 0.042074 0.037511 0.033188 0.028889 0.024692 0.020597 0.016624 0.012815 0.0093522
47 0.09492 0.08989 0.084976 0.080063 0.075151 0.070286 0.06547 0.060665 0.05598 0.051295 0.046664 0.042088 0.037511 0.03314 0.028788 0.024554 0.020435 0.016438 0.012602 0.0090832
48 0.095042 0.089978 0.085038 0.080138 0.075268 0.070417 0.065584 0.060763 0.056058 0.051352 0.046699 0.042098 0.037498 0.033095 0.028712 0.024447 0.020299 0.016272 0.012407 0.0088351
49 0.095002 0.090035 0.085099 0.080205 0.075344 0.070505 0.065688 0.060877 0.05614 0.051404 0.046733 0.04213 0.037527 0.033095 0.028681 0.024378 0.020188 0.016121 0.01222 0.0086265
50 0.094921 0.090002 0.085116 0.080234 0.075357 0.070536 0.065772 0.061007 0.056232 0.051458 0.046778 0.04219 0.037603 0.033144 0.028697 0.024352 0.020108 0.015993 0.012048 0.008451
51 0.094839 0.089952 0.085099 0.080251 0.075405 0.070607 0.065858 0.061106 0.056325 0.051543 0.046854 0.042258 0.037661 0.033168 0.028684 0.024305 0.020029 0.015879 0.011895 0.0082816
52 0.094684 0.089828 0.085013 0.080226 0.075459 0.0707 0.065947 0.061193 0.056427 0.051662 0.04697 0.042352 0.037735 0.033204 0.028681 0.02427 0.01997 0.015789 0.011764 0.0081268
53 0.094594 0.089741 0.084988 0.080239 0.075492 0.07075 0.066015 0.061279 0.056523 0.051767 0.047064 0.042416 0.037767 0.03321 0.028662 0.024238 0.019939 0.015728 0.011634 0.0079555
54 0.094419 0.089613 0.084954 0.080243 0.075494 0.07077 0.066073 0.061372 0.056628 0.051885 0.047173 0.042492 0.037812 0.033233 0.028664 0.024232 0.019937 0.015694 0.011519 0.0077924
55 0.094295 0.089512 0.084898 0.080225 0.075508 0.070811 0.066133 0.061451 0.056713 0.051976 0.047259 0.042563 0.037867 0.033273 0.028689 0.024233 0.019906 0.015628 0.011417 0.0076442
56 0.09401 0.08938 0.084802 0.080177 0.075517 0.070858 0.066202 0.061539 0.056811 0.052082 0.047365 0.042658 0.037951 0.033342 0.028743 0.024259 0.019891 0.015576 0.01133 0.0075068
57 0.09382 0.089196 0.084707 0.080148 0.075535 0.070902 0.066247 0.061587 0.056871 0.052154 0.047444 0.042741 0.038038 0.033415 0.028801 0.02429 0.019882 0.015541 0.011288 0.007394
58 0.093474 0.088966 0.084593 0.080114 0.075556 0.070952 0.066302 0.061647 0.056946 0.052245 0.047546 0.042848 0.03815 0.033512 0.028879 0.024337 0.019887 0.015516 0.011248 0.0072817
59 0.093286 0.088794 0.084467 0.080045 0.07555 0.070975 0.066319 0.061663 0.057006 0.05235 0.047668 0.04296 0.038251 0.0336 0.028953 0.024389 0.019907 0.015494 0.011173 0.0071518
60 0.092893 0.088619 0.084336 0.079975 0.075555 0.071015 0.066356 0.0617 0.057089 0.052477 0.047811 0.04309 0.03837 0.033703 0.02904 0.024449 0.019929 0.015472 0.0111 0.0070218
61 0.092684 0.088417 0.084181 0.079859 0.075473 0.070989 0.066405 0.061818 0.057193 0.052567 0.0479 0.04319 0.038481 0.033811 0.029146 0.024527 0.019955 0.015453 0.011046 0.006906
62 0.092354 0.088221 0.084033 0.079752 0.075401 0.070972 0.066466 0.061947 0.05731 0.052672 0.048001 0.043297 0.038592 0.033918 0.029247 0.024603 0.019987 0.015442 0.010991 0.0067926
63 0.092115 0.087982 0.083801 0.079554 0.075258 0.070899 0.06648 0.062044 0.057435 0.052826 0.048161 0.043441 0.03872 0.034035 0.029353 0.024695 0.020062 0.015478 0.010959 0.0067018
64 0.09177 0.087789 0.08362 0.079405 0.075156 0.070859 0.066513 0.062146 0.057557 0.052967 0.048305 0.04357 0.038835 0.03414 0.029449 0.024776 0.020122 0.0155 0.01092 0.0066005
65 0.09142 0.08755 0.08351 0.079366 0.075144 0.07087 0.066546 0.0622 0.057622 0.053043 0.04839 0.043663 0.038935 0.03424 0.029549 0.024863 0.020182 0.015522 0.010888 0.0064969
66 0.090969 0.087292 0.083367 0.079288 0.075094 0.070847 0.066549 0.062228 0.057683 0.053138 0.048503 0.043779 0.039055 0.034361 0.02967 0.024973 0.02027 0.015576 0.010895 0.0064643
67 0.090586 0.086965 0.083081 0.079051 0.074911 0.070717 0.066469 0.062203 0.05775 0.053296 0.048703 0.043968 0.039234 0.034536 0.029841 0.025132 0.020407 0.015682 0.010956 0.0065124
68 0.090069 0.086647 0.082815 0.078843 0.074765 0.070632 0.066443 0.062236 0.057844 0.053452 0.04889 0.044157 0.039424 0.034718 0.030015 0.025278 0.020507 0.015749 0.011008 0.006509
69 0.089645 0.086186 0.082474 0.078609 0.07463 0.070586 0.066478 0.062346 0.057967 0.053588 0.049046 0.044341 0.039635 0.03492 0.030204 0.025426 0.020587 0.015794 0.011061 0.0064741
70 0.089329 0.085755 0.082156 0.078394 0.074511 0.070547 0.066502 0.062429 0.058059 0.053689 0.049167 0.044494 0.03982 0.035098 0.030372 0.025575 0.020708 0.015874 0.011083 0.0064361
71 0.088855 0.085428 0.081906 0.078226 0.074427 0.070523 0.066515 0.062476 0.058116 0.053756 0.04926 0.044627 0.039994 0.03527 0.030538 0.025737 0.020867 0.015987 0.011095 0.0063975
72 0.088331 0.08511 0.081675 0.07808 0.074366 0.070527 0.066566 0.062569 0.058199 0.053829 0.049353 0.044771 0.040188 0.035451 0.0307 0.025865 0.020947 0.016022 0.011088 0.006363
73 0.087952 0.084722 0.081398 0.077903 0.07428 0.070521 0.066626 0.062687 0.058292 0.053898 0.049442 0.044922 0.040403 0.035648 0.030871 0.02599 0.021006 0.016033 0.011076 0.0063293
74 0.087423 0.084307 0.081131 0.077722 0.074138 0.070438 0.066624 0.06276 0.058391 0.054021 0.049596 0.045117 0.040638 0.035865 0.031063 0.026156 0.021144 0.016124 0.011092 0.00625
75 0.086841 0.083917 0.080921 0.077571 0.073955 0.070288 0.066571 0.0628 0.058485 0.05417 0.049787 0.045335 0.040883 0.036089 0.031261 0.026332 0.0213 0.01623 0.011108 0.006155
76 0.086369 0.083508 0.080593 0.077312 0.073757 0.070162 0.066529 0.062843 0.058607 0.054371 0.050029 0.045581 0.041133 0.036307 0.031444 0.026485 0.021431 0.016314 0.011113 0.0061134
77 0.086 0.08313 0.080181 0.076963 0.073543 0.070056 0.0665 0.062892 0.058741 0.05459 0.050288 0.045835 0.041382 0.03652 0.031618 0.02663 0.021555 0.016394 0.011116 0.0060665
78 0.085633 0.0826 0.079726 0.076634 0.073379 0.069992 0.066471 0.062904 0.058844 0.054784 0.05053 0.046083 0.041636 0.036749 0.03182 0.026797 0.021679 0.016489 0.011202 0.0060486
79 0.084741 0.082019 0.079297 0.076371 0.07329 0.069995 0.066486 0.062936 0.058969 0.055002 0.050798 0.046356 0.041915 0.037004 0.032048 0.02699 0.021831 0.016606 0.011296 0.0060509
80 0.084298 0.081483 0.078831 0.075976 0.072971 0.069781 0.066408 0.062989 0.0591 0.055211 0.05104 0.046586 0.042132 0.03725 0.032327 0.027268 0.022074 0.016784 0.011365 0.0061265
81 0.083513 0.081086 0.078426 0.075583 0.072601 0.069513 0.066319 0.063069 0.059254 0.055438 0.051298 0.046833 0.042368 0.037518 0.032632 0.027572 0.022338 0.016981 0.011461 0.006196
82 0.082584 0.080572 0.077968 0.075248 0.072441 0.069467 0.066324 0.063125 0.059338 0.05555 0.051459 0.047065 0.042672 0.037829 0.032943 0.027858 0.022574 0.017166 0.011592 0.0062244
83 0.081949 0.079997 0.077463 0.074895 0.0723 0.069445 0.066331 0.063159 0.059395 0.055631 0.051594 0.047282 0.042971 0.038132 0.033243 0.028132 0.0228 0.017344 0.011723 0.0062166
84 0.081167 0.079596 0.077184 0.074668 0.072071 0.069261 0.066236 0.063154 0.059488 0.055822 0.051847 0.047561 0.043276 0.038408 0.033484 0.028338 0.022971 0.017484 0.01184 0.0061432
85 0.080033 0.079257 0.076967 0.074471 0.07182 0.069036 0.066121 0.063148 0.059589 0.05603 0.052117 0.047849 0.043581 0.038709 0.033778 0.0286 0.023175 0.017638 0.011953 0.006128
86 0.079756 0.078795 0.076613 0.074231 0.071697 0.068984 0.066091 0.063144 0.059635 0.056126 0.052232 0.047954 0.043675 0.038883 0.034041 0.028864 0.023354 0.017749 0.012018 0.0061596
87 0.079695 0.078219 0.076145 0.073892 0.071503 0.068883 0.066033 0.06313 0.059686 0.056242 0.052389 0.048128 0.043866 0.039099 0.034283 0.02909 0.02352 0.017873 0.012124 0.0062023
88 0.079137 0.077897 0.075659 0.073497 0.071393 0.068934 0.06612 0.063252 0.059826 0.0564 0.052581 0.048367 0.044154 0.039298 0.034379 0.029138 0.023573 0.017942 0.012223 0.0062298
89 0.079051 0.077436 0.074983 0.072905 0.071109 0.068836 0.066084 0.063278 0.059908 0.056539 0.052776 0.048618 0.04446 0.039557 0.034583 0.029318 0.023761 0.018124 0.01238 0.0062949
90 0.077804 0.0767 0.074787 0.072832 0.070846 0.068545 0.065929 0.063257 0.060005 0.056752 0.05306 0.048929 0.044799 0.039883 0.034892 0.029614 0.024049 0.018378 0.012565 0.0063725
91 0.077078 0.075755 0.074474 0.072717 0.070604 0.068309 0.06583 0.063289 0.060101 0.056913 0.053275 0.049186 0.045097 0.040207 0.03524 0.029968 0.024393 0.018634 0.012629 0.0062988
92 0.076494 0.075486 0.074212 0.072593 0.070714 0.068504 0.065962 0.063355 0.06008 0.056804 0.053165 0.049163 0.045161 0.040355 0.035471 0.030246 0.024681 0.018827 0.012589 0.0061371
93 0.075373 0.07505 0.073729 0.072244 0.070636 0.068542 0.065963 0.063325 0.060079 0.056834 0.053262 0.049365 0.045467 0.040687 0.035822 0.030567 0.024921 0.019027 0.012803 0.0063045
94 0.074589 0.074357 0.07323 0.071911 0.070447 0.068418 0.065825 0.063188 0.060101 0.057014 0.053551 0.049712 0.045872 0.041059 0.036151 0.030819 0.025065 0.019153 0.01303 0.006509
95 0.073663 0.07332 0.072369 0.071261 0.070036 0.06816 0.065633 0.063072 0.06017 0.057268 0.053919 0.050121 0.046324 0.041508 0.036593 0.031243 0.025458 0.019541 0.013448 0.0068919
96 0.072495 0.072786 0.071527 0.070492 0.069625 0.067977 0.065547 0.063087 0.060319 0.057552 0.054269 0.05047 0.046672 0.041861 0.036952 0.0316 0.025807 0.019896 0.013829 0.0072401
97 0.071886 0.072452 0.070949 0.069967 0.069375 0.067921 0.065605 0.063252 0.060511 0.057771 0.054516 0.050748 0.04698 0.042081 0.037073 0.031742 0.026089 0.020138 0.01379 0.0071525
98 0.072022 0.072265 0.070807 0.069791 0.069106 0.067684 0.065523 0.063307 0.060528 0.057748 0.054522 0.050848 0.047174 0.042188 0.037076 0.031793 0.026342 0.0204 0.013806 0.0070721
99 0.071859 0.071538 0.070051 0.069095 0.068538 0.067296 0.065371 0.063371 0.060603 0.057836 0.054654 0.051056 0.047459 0.04261 0.03764 0.032299 0.026589 0.02064 0.014376 0.0071169
100 0.071564 0.070981 0.069118 0.068242 0.068106 0.06717 0.065435 0.063604 0.060792 0.057979 0.054788 0.051218 0.047648 0.042945 0.038133 0.032753 0.026804 0.020807 0.014748 0.0071663
101 0.071065 0.070446 0.068355 0.067511 0.067605 0.066849 0.065244 0.063558 0.061041 0.058524 0.055432 0.051763 0.048094 0.043246 0.038285 0.03293 0.027182 0.021084 0.014518 0.0072683
102 0.07053 0.070442 0.068217 0.067195 0.067077 0.066247 0.064705 0.063117 0.061065 0.059013 0.056066 0.052224 0.048382 0.043416 0.038343 0.033058 0.027563 0.021432 0.014454 0.0074514
103 0.070562 0.069711 0.067523 0.066475 0.066283 0.065514 0.064169 0.062783 0.060966 0.059148 0.056352 0.052577 0.048803 0.04387 0.038826 0.033596 0.028179 0.022015 0.014854 0.0077911
104 0.070506 0.068613 0.066717 0.065796 0.065608 0.064941 0.063796 0.062605 0.060928 0.059251 0.056576 0.052903 0.04923 0.04433 0.039311 0.034132 0.028791 0.022604 0.015291 0.0080692
105 0.070206 0.067695 0.066012 0.065164 0.064941 0.064452 0.063695 0.062855 0.061169 0.059482 0.056843 0.053253 0.049663 0.044676 0.039554 0.034371 0.029126 0.022985 0.015651 0.0082062
106 0.069839 0.067617 0.065756 0.064711 0.064277 0.063887 0.06354 0.063066 0.061274 0.059483 0.056852 0.053381 0.04991 0.044954 0.039854 0.034659 0.02937 0.023234 0.01597 0.0083664
107 0.069293 0.067219 0.065626 0.064447 0.063579 0.063077 0.062939 0.062673 0.061078 0.059483 0.057006 0.053648 0.05029 0.045571 0.040721 0.035428 0.029694 0.023377 0.016284 0.0085656
108 0.069024 0.066456 0.065593 0.064332 0.062773 0.062013 0.062052 0.061973 0.060672 0.059371 0.057144 0.05399 0.050837 0.046249 0.041521 0.036181 0.030227 0.023835 0.016859 0.0088993
109 0.068806 0.065359 0.064622 0.063377 0.061751 0.061217 0.061775 0.062166 0.060824 0.059482 0.057378 0.054512 0.051646 0.046852 0.041872 0.036484 0.030689 0.024418 0.017516 0.0092572
110 0.06844 0.064398 0.063214 0.061912 0.060521 0.060377 0.06148 0.062362 0.060957 0.059553 0.05758 0.055041 0.052501 0.047635 0.042545 0.037145 0.031435 0.025154 0.018112 0.0096388
111 0.067768 0.063685 0.062431 0.061414 0.060574 0.060555 0.061359 0.061972 0.060611 0.059249 0.057411 0.055097 0.052784 0.048057 0.043096 0.037765 0.032063 0.025706 0.018477 0.0099272
112 0.068343 0.063473 0.062206 0.061397 0.060931 0.060795 0.060988 0.061049 0.059741 0.058433 0.056735 0.054646 0.052558 0.048037 0.043281 0.038203 0.032804 0.026652 0.019499 0.010228
113 0.068887 0.0643 0.062985 0.06205 0.061401 0.060729 0.060031 0.059304 0.058262 0.05722 0.055764 0.053894 0.052024 0.04781 0.04337 0.038697 0.033793 0.027964 0.020904 0.010611
114 0.069181 0.066065 0.064513 0.063236 0.062164 0.060823 0.059212 0.057683 0.057005 0.056326 0.055212 0.053662 0.052111 0.04776 0.043138 0.038389 0.033515 0.027862 0.021171 0.010973
115 0.071047 0.067001 0.064537 0.062901 0.061886 0.06068 0.059284 0.057938 0.057116 0.056293 0.055224 0.053909 0.052593 0.047668 0.042393 0.037332 0.032486 0.027163 0.021207 0.011344
