1 0 0 0 0 0 0 0 0 0 0 0 0 0 0 0 0 0 0 0 0
2 0 0 0 0 0 0 0 0 0 0 0 0 0 0 0 0 0 0 0 0
3 0 0 0 0 0 0 0 0 0 0 0 0 0 0 0 0 0 0 0 0
4 0 0 0 0 0 0 0 0 0 0 0 0 0 0 0 0 0 0 0 0
5 0 0 0 0 0 0 0 0 0 0 0 0 0 0 0 0 0 0 0 0
6 0 0 0 0 0 0 0 0 0 0 0 0 0 0 0 0 0 0 0 0
7 0 0 0 0 0 0 0 0 0 0 0 0 0 0 0 0 0 0 0 0
8 0 0 0 0 0 0 0 0 0 0 0 0 0 0 0 0 0 0 0 0
9 0 0 0 0 0 0 0 0 0 0 0 0 0 0 0 0 0 0 0 0
10 0 0 0 0 0 0 0 0 0 0 0 0 0 0 0 0 0 0 0 0
11 0 0 0 0 0 0 0 0 0 0 0 0 0 0 0 0 0 0 0 0
12 0 0 0 0 0 0 0 0 0 0 0 0 0 0 0 0 0 0 0 0
13 0 0 0 0 0 0 0 0 0 0 0 0 0 0 0 0 0 0 0 0
14 0 0 0 0 0 0 0 0 0 0 0 0 0 0 0 0 0 0 0 0
15 0 0 0 0 0 0 0 0 0 0 0 0 0 0 0 0 0 0 0 0
16 0 0 0 0 0 0 0 0 0 0 0 0 0 0 0 0 0 0 0 0
17 0 0 0 0 0 0 0 0 0 0 0 0 0 0 0 0 0 0 0 0
18 0 0 0 0 0 0 0 0 0 0 0 0 0 0 0 0 0 0 0 0
19 0 0 0 0 0 0 0 0 0 0 0 0 0 0 0 0 0 0 0 0
20 0 0 0 0 0 0 0 0 0 0 0 0 0 0 0 0 0 0 0 0
21 0 0 0 0 0 0 0 0 0 0 0 0 0 0 0 0 0 0 0 0
22 0 0 0 0 0 0 0 0 0 0 0 0 0 0 0 0 0 0 0 0
23 0 0 0 0 0 0 0 0 0 0 0 0 0 0 0 0 0 0 0 0
24 0 0 0 0 0 0 0 0 0 0 0 0 0 0 0 0 0 0 0 0
25 0 0 0 0 0 0 0 0 0 0 0 0 0 0 0 0 0 0 0 0
26 0 0 0 0 0 0 0 0 0 0 0 0 0 0 0 0 0 0 0 0
27 0 0 0 0 0 0 0 0 0 0 0 0 0 0 0 0 0 0 0 0
28 0 0 0 0 0 0 0 0 0 0 0 0 0 0 0 0 0 0 0 0
29 0 0 0 0 0 0 0 0 0 0 0 0 0 0 0 0 0 0 0 0
30 0.06921 0.059594 0.056735 0.055582 0.05571 0.056094 0.056734 0.057225 0.056179 0.055134 0.053466 0.051177 0.048888 0.046473 0.044045 0.041421 0.0386 0.036436 0.035145 0.026151
31 0.07082 0.063068 0.059983 0.05852 0.058277 0.058082 0.057936 0.057657 0.056009 0.054361 0.052171 0.049437 0.046703 0.044052 0.041408 0.039214 0.03747 0.035284 0.032511 0.027039
32 0.073607 0.068683 0.066173 0.064413 0.063216 0.061625 0.059642 0.057558 0.05443 0.051302 0.048401 0.045726 0.043052 0.040696 0.038372 0.036626 0.03546 0.033257 0.029674 0.028088
33 0.076046 0.072083 0.069461 0.066823 0.064174 0.06147 0.058713 0.055972 0.053398 0.050823 0.048195 0.045514 0.042833 0.040465 0.038128 0.035845 0.033615 0.031184 0.028485 0.026772
34 0.075411 0.07306 0.069958 0.06691 0.063903 0.061083 0.05845 0.055824 0.053279 0.050734 0.048219 0.045735 0.043251 0.040823 0.0384 0.035941 0.033445 0.030936 0.02841 0.026225
35 0.076255 0.073065 0.070284 0.0673 0.064164 0.061219 0.058462 0.055725 0.05319 0.050656 0.048109 0.045551 0.042993 0.04051 0.038034 0.035633 0.033307 0.030951 0.028555 0.026037
36 0.077379 0.07401 0.070844 0.067752 0.064714 0.061723 0.058779 0.055856 0.053143 0.050431 0.047747 0.045093 0.04244 0.040013 0.037608 0.035198 0.032781 0.03044 0.028197 0.025851
37 0.07804 0.07469 0.071299 0.068168 0.065231 0.062212 0.059111 0.056036 0.053239 0.050441 0.04767 0.044926 0.042181 0.039651 0.03714 0.03466 0.032208 0.029877 0.027707 0.025513
38 0.078771 0.075454 0.071933 0.068589 0.065378 0.062266 0.059252 0.056248 0.053332 0.050416 0.047581 0.044825 0.04207 0.039417 0.036773 0.034233 0.031796 0.029439 0.027191 0.025036
39 0.079158 0.075777 0.072526 0.069261 0.065987 0.062736 0.059509 0.056304 0.053325 0.050346 0.047453 0.044646 0.041838 0.039144 0.036461 0.033884 0.031415 0.029013 0.026701 0.024516
40 0.087608 0.086104 0.080275 0.075377 0.071177 0.066993 0.062827 0.05866 0.05449 0.050319 0.04635 0.042581 0.038813 0.035398 0.032018 0.028634 0.025246 0.022052 0.019117 0.015961
41 0.089054 0.085346 0.080509 0.075904 0.071473 0.067239 0.0632 0.059145 0.054935 0.050724 0.046645 0.042697 0.038748 0.03514 0.031564 0.028085 0.024702 0.021428 0.0183 0.015163
42 0.088502 0.085096 0.080869 0.076443 0.071867 0.06758 0.063582 0.059562 0.05532 0.051077 0.046919 0.042845 0.03877 0.035014 0.031289 0.027721 0.024311 0.020965 0.017707 0.01456
43 0.089277 0.086032 0.081485 0.076952 0.072429 0.068037 0.063773 0.059512 0.055273 0.051033 0.046862 0.042759 0.038656 0.034793 0.030954 0.027268 0.023735 0.020313 0.017036 0.013822
44 0.091255 0.086588 0.081858 0.077259 0.072759 0.068285 0.063837 0.059406 0.05516 0.050914 0.046729 0.042604 0.038479 0.034552 0.030643 0.026882 0.023267 0.019792 0.016502 0.01323
45 0.091602 0.087066 0.082378 0.077749 0.073162 0.068584 0.064016 0.059471 0.055165 0.050859 0.046623 0.042457 0.038291 0.034338 0.030406 0.026606 0.022938 0.019421 0.016107 0.012761
46 0.092246 0.08745 0.082768 0.078109 0.073466 0.068826 0.064189 0.059574 0.055193 0.050812 0.046521 0.04232 0.038119 0.034143 0.030187 0.02635 0.022632 0.019064 0.015696 0.012332
47 0.092787 0.087814 0.083067 0.078373 0.073718 0.06907 0.06443 0.059802 0.055305 0.050807 0.046441 0.042206 0.037971 0.033967 0.029984 0.026106 0.022331 0.018689 0.015224 0.01191
48 0.093007 0.088208 0.083387 0.078635 0.073934 0.069268 0.064635 0.060008 0.05543 0.050852 0.046421 0.042136 0.037851 0.033814 0.029801 0.02588 0.022051 0.018348 0.014814 0.01152
49 0.093409 0.088606 0.083692 0.078853 0.074069 0.069374 0.064768 0.060162 0.055544 0.050927 0.046442 0.042089 0.037736 0.033664 0.029619 0.025656 0.021775 0.018023 0.014446 0.011148
50 0.09379 0.088935 0.084006 0.079118 0.074261 0.069514 0.064875 0.060238 0.055612 0.050986 0.046466 0.042054 0.037641 0.033518 0.029423 0.025419 0.021506 0.017724 0.014116 0.010798
51 0.094237 0.089149 0.08429 0.079399 0.074484 0.069667 0.064949 0.06024 0.055636 0.051032 0.046498 0.042034 0.03757 0.033386 0.02923 0.025187 0.021257 0.017455 0.013825 0.010476
52 0.094413 0.089373 0.084499 0.079608 0.074706 0.069858 0.065063 0.060286 0.055686 0.051086 0.046532 0.042023 0.037514 0.033301 0.029117 0.025034 0.021051 0.017196 0.013509 0.010146
53 0.094491 0.089561 0.084617 0.079736 0.074903 0.070055 0.065193 0.060353 0.05575 0.051146 0.046571 0.042024 0.037477 0.033251 0.029057 0.024934 0.020884 0.01696 0.013204 0.0098319
54 0.094613 0.089711 0.084763 0.07987 0.075018 0.070163 0.065304 0.060466 0.055836 0.051205 0.04661 0.042049 0.037488 0.033209 0.028957 0.02479 0.020708 0.01675 0.012957 0.0095339
55 0.094686 0.089785 0.084882 0.079978 0.075073 0.070214 0.065401 0.060601 0.055938 0.051276 0.046663 0.0421 0.037538 0.033193 0.02887 0.024657 0.020554 0.016572 0.012752 0.0092651
56 0.094979 0.089897 0.084979 0.080075 0.075181 0.070325 0.065506 0.060698 0.056008 0.051319 0.046682 0.042098 0.037514 0.033132 0.028769 0.024523 0.020394 0.016385 0.012538 0.008998
57 0.094955 0.089997 0.085053 0.080161 0.075308 0.070464 0.065629 0.060804 0.056094 0.051383 0.046723 0.042115 0.037507 0.033094 0.028699 0.024422 0.020263 0.016225 0.012349 0.0087558
58 0.095016 0.090003 0.085087 0.080201 0.075338 0.070508 0.065711 0.060919 0.056171 0.051424 0.046751 0.042155 0.037558 0.033117 0.028692 0.024374 0.020165 0.01608 0.012162 0.0085666
59 0.094823 0.089983 0.085116 0.080241 0.075361 0.070549 0.065804 0.061055 0.05627 0.051485 0.046802 0.04222 0.037638 0.033169 0.02871 0.024349 0.020086 0.015953 0.011993 0.0083918
60 0.094818 0.089897 0.085059 0.080233 0.075416 0.070633 0.065884 0.061133 0.056359 0.051584 0.046895 0.042293 0.03769 0.033183 0.028686 0.024296 0.020012 0.01585 0.011851 0.0082282
61 0.094554 0.089805 0.085002 0.080235 0.075495 0.070747 0.065992 0.061236 0.056471 0.051706 0.047009 0.04238 0.037752 0.033208 0.028672 0.024252 0.019949 0.015757 0.011713 0.008065
62 0.094536 0.089695 0.084974 0.080238 0.07549 0.070756 0.066034 0.06131 0.056559 0.051807 0.047102 0.042443 0.037784 0.03322 0.028664 0.024238 0.01994 0.015717 0.011594 0.0078983
63 0.094307 0.089622 0.084981 0.080274 0.075518 0.070793 0.066101 0.061404 0.05666 0.051915 0.047198 0.042508 0.037818 0.033233 0.028658 0.02422 0.019918 0.015664 0.011475 0.0077337
64 0.094231 0.089469 0.084866 0.080208 0.075509 0.070824 0.066154 0.061478 0.056743 0.052009 0.047292 0.042593 0.037893 0.033295 0.028705 0.02424 0.019899 0.015609 0.011386 0.0075949
65 0.09397 0.089369 0.0848 0.080184 0.075533 0.070878 0.06622 0.061555 0.056827 0.052098 0.04738 0.042672 0.037964 0.033351 0.028747 0.024255 0.019875 0.015552 0.011306 0.0074609
66 0.093764 0.089125 0.084671 0.080136 0.075539 0.070914 0.066261 0.061602 0.05689 0.052178 0.047471 0.042771 0.03807 0.033443 0.028823 0.024303 0.019881 0.015531 0.011274 0.0073544
67 0.093456 0.088945 0.084584 0.080117 0.07557 0.070967 0.066309 0.061648 0.056957 0.052266 0.047569 0.042868 0.038166 0.033524 0.028888 0.024341 0.019882 0.015498 0.011214 0.0072311
68 0.093212 0.088746 0.084429 0.080023 0.07555 0.070984 0.066325 0.061668 0.057028 0.052387 0.04771 0.042998 0.038286 0.033629 0.028978 0.024405 0.019911 0.015483 0.011144 0.0071033
69 0.092842 0.088591 0.084313 0.079956 0.075539 0.071011 0.066371 0.061733 0.057115 0.052497 0.04783 0.043113 0.038395 0.033728 0.029065 0.024465 0.019928 0.015457 0.011075 0.0069771
70 0.092641 0.088366 0.084141 0.07983 0.075453 0.070984 0.066423 0.061857 0.057225 0.052593 0.047924 0.043217 0.03851 0.03384 0.029174 0.024546 0.019956 0.015439 0.011021 0.0068603
71 0.092323 0.088171 0.083979 0.079703 0.075363 0.070952 0.06647 0.061974 0.057344 0.052713 0.048043 0.043332 0.038621 0.033944 0.02927 0.024622 0.020002 0.015445 0.010973 0.0067561
72 0.092032 0.087934 0.083749 0.079507 0.075223 0.070883 0.066488 0.062075 0.057473 0.052872 0.048207 0.04348 0.038753 0.034064 0.029379 0.024717 0.020078 0.015481 0.010941 0.006664
73 0.091724 0.087747 0.083609 0.079409 0.075162 0.070867 0.066523 0.062158 0.057569 0.052981 0.048319 0.043585 0.038851 0.034157 0.029466 0.02479 0.020128 0.015495 0.010899 0.0065583
74 0.091324 0.08751 0.083503 0.079374 0.075154 0.070883 0.066561 0.062216 0.057638 0.05306 0.048407 0.043681 0.038954 0.03426 0.029568 0.024879 0.02019 0.015518 0.010867 0.0064528
75 0.090913 0.087227 0.083305 0.079233 0.075048 0.070811 0.066522 0.062214 0.057694 0.053175 0.048551 0.043822 0.039093 0.034399 0.029707 0.025007 0.0203 0.015598 0.010905 0.006474
76 0.090475 0.0869 0.08302 0.078997 0.074866 0.070682 0.066445 0.062192 0.057765 0.053339 0.048756 0.044017 0.039277 0.034578 0.029883 0.02517 0.02044 0.015707 0.010968 0.0065232
77 0.090021 0.08655 0.082744 0.078794 0.074737 0.070623 0.066453 0.062263 0.057871 0.053479 0.04892 0.044195 0.039469 0.034761 0.030054 0.025305 0.020514 0.015747 0.011013 0.0064885
78 0.089613 0.08608 0.082395 0.078555 0.074599 0.070576 0.066488 0.062374 0.057995 0.053616 0.049078 0.044381 0.039683 0.034965 0.030245 0.025455 0.020594 0.01579 0.011064 0.0064521
79 0.089271 0.085707 0.082119 0.07837 0.074502 0.070548 0.066507 0.062436 0.058064 0.053692 0.049175 0.044512 0.039849 0.035127 0.0304 0.025603 0.020738 0.015893 0.011072 0.0064134
80 0.088752 0.085382 0.081872 0.078207 0.074424 0.07053 0.066525 0.062489 0.058127 0.053764 0.049273 0.044651 0.040029 0.035304 0.030569 0.025764 0.020889 0.015996 0.01108 0.0063739
81 0.088279 0.085058 0.081641 0.078063 0.074364 0.070539 0.066589 0.0626 0.058216 0.053833 0.049358 0.044793 0.040228 0.035485 0.030725 0.025877 0.02094 0.016004 0.011067 0.0063408
82 0.08789 0.084658 0.081354 0.077878 0.074273 0.070529 0.066646 0.062717 0.058308 0.053899 0.049445 0.044946 0.040447 0.035687 0.030902 0.026012 0.021017 0.016033 0.011062 0.0062947
83 0.087317 0.08426 0.081122 0.077716 0.074109 0.070408 0.066612 0.062767 0.058407 0.054047 0.049631 0.045157 0.040684 0.035903 0.031094 0.026181 0.021167 0.016135 0.011079 0.0062058
84 0.086797 0.083851 0.080897 0.077552 0.073912 0.070244 0.066548 0.062798 0.058499 0.0542 0.049827 0.04538 0.040934 0.036131 0.031293 0.026356 0.021319 0.016237 0.011093 0.0061307
85 0.086298 0.083475 0.080533 0.077256 0.073725 0.070149 0.066528 0.062854 0.058637 0.054419 0.050084 0.045631 0.041178 0.03634 0.031464 0.026498 0.021441 0.016313 0.011091 0.0060839
86 0.08606 0.083063 0.080087 0.076874 0.073483 0.070017 0.066477 0.062884 0.058758 0.054631 0.050341 0.045886 0.041431 0.036561 0.031651 0.026653 0.021567 0.016401 0.011127 0.0060492
87 0.085435 0.082517 0.079668 0.076607 0.073387 0.070013 0.066483 0.062909 0.058869 0.054829 0.050584 0.046135 0.041685 0.036789 0.03185 0.026817 0.021688 0.016494 0.011211 0.0060283
88 0.084708 0.081861 0.079171 0.076281 0.073242 0.069973 0.066473 0.062935 0.058991 0.055048 0.050852 0.046405 0.041957 0.037054 0.032108 0.027051 0.021883 0.016641 0.0113 0.0060655
89 0.084238 0.081448 0.078775 0.075906 0.072891 0.069716 0.066383 0.063001 0.059126 0.055251 0.051081 0.046618 0.042155 0.037284 0.032374 0.027319 0.022119 0.016812 0.011364 0.0061392
90 0.083304 0.081006 0.078338 0.075504 0.072546 0.069481 0.066309 0.063081 0.059275 0.055468 0.05134 0.046891 0.042441 0.037591 0.032703 0.027635 0.022387 0.017018 0.011486 0.0061941
91 0.082493 0.080499 0.077895 0.075199 0.072436 0.06948 0.066332 0.063128 0.059335 0.055542 0.051459 0.047087 0.042715 0.037876 0.032992 0.027903 0.022609 0.017192 0.01161 0.006217
92 0.08185 0.079908 0.077399 0.07485 0.072272 0.06943 0.066325 0.063164 0.059419 0.055674 0.051646 0.047337 0.043028 0.038178 0.033277 0.028156 0.022817 0.017357 0.011737 0.0061769
93 0.080892 0.079608 0.077209 0.074678 0.072047 0.069226 0.066215 0.063148 0.059504 0.05586 0.051897 0.047614 0.043332 0.038454 0.033518 0.028362 0.022987 0.017497 0.011854 0.0060983
94 0.079985 0.079215 0.076945 0.074465 0.071828 0.06905 0.066129 0.063153 0.059596 0.05604 0.052122 0.047844 0.043565 0.038717 0.033813 0.028637 0.023189 0.017637 0.011946 0.0061228
95 0.079944 0.078755 0.07658 0.07421 0.071693 0.068984 0.06608 0.063124 0.059619 0.056115 0.052218 0.04793 0.043642 0.038879 0.034069 0.028897 0.023362 0.017742 0.012006 0.0061519
96 0.079631 0.07819 0.076082 0.07385 0.071525 0.068934 0.066078 0.063168 0.059717 0.056266 0.052413 0.048159 0.043905 0.039108 0.034258 0.029052 0.023488 0.017854 0.012126 0.0061941
97 0.079184 0.077924 0.075597 0.073435 0.071399 0.068971 0.066151 0.063278 0.059845 0.056413 0.052595 0.048392 0.044188 0.0393 0.034345 0.029089 0.023533 0.017918 0.012223 0.0062227
98 0.079107 0.077327 0.074995 0.072928 0.071059 0.06876 0.066029 0.063244 0.059897 0.05655 0.052799 0.048644 0.044488 0.039583 0.034605 0.029341 0.02379 0.018153 0.012401 0.006299
99 0.077756 0.076578 0.074808 0.072867 0.070799 0.068469 0.065878 0.063231 0.060003 0.056776 0.053098 0.04897 0.044842 0.039922 0.034926 0.029649 0.02409 0.018412 0.012574 0.0063517
100 0.077064 0.075724 0.074485 0.072771 0.0707 0.068407 0.065892 0.063313 0.060084 0.056854 0.053203 0.049131 0.045058 0.040192 0.035249 0.029994 0.024429 0.018647 0.012578 0.0062239
101 0.076427 0.075558 0.074235 0.072624 0.070795 0.06859 0.066008 0.06336 0.060039 0.056717 0.053066 0.049085 0.045104 0.040329 0.035478 0.030272 0.024711 0.018854 0.0126 0.0061501
102 0.075158 0.075 0.073705 0.07224 0.070648 0.06855 0.065946 0.063288 0.060073 0.056858 0.053306 0.049417 0.045528 0.040736 0.035856 0.030579 0.024905 0.019015 0.012839 0.0063519
103 0.07454 0.074242 0.073148 0.071854 0.070411 0.06838 0.065762 0.063105 0.060056 0.057007 0.053569 0.049743 0.045917 0.041107 0.036201 0.030871 0.025115 0.019218 0.013132 0.0066212
104 0.073468 0.073294 0.072236 0.071125 0.069974 0.068138 0.065618 0.063066 0.060189 0.057311 0.053969 0.050163 0.046357 0.041541 0.036628 0.031281 0.025502 0.019601 0.013538 0.0070003
105 0.072377 0.072798 0.071417 0.070378 0.069597 0.067995 0.065573 0.063123 0.060383 0.057642 0.054362 0.050543 0.046724 0.04188 0.036938 0.031588 0.025831 0.019908 0.013763 0.0071807
106 0.072083 0.072561 0.071042 0.070023 0.06938 0.06791 0.065613 0.063273 0.060502 0.05773 0.054468 0.050715 0.046962 0.042032 0.036988 0.031676 0.026095 0.020148 0.013715 0.0070849
107 0.072251 0.072276 0.070804 0.069749 0.069007 0.067569 0.065435 0.063241 0.060437 0.057633 0.054422 0.050803 0.047184 0.04225 0.03719 0.031898 0.026375 0.020443 0.013965 0.0070691
108 0.071943 0.071535 0.06992 0.068958 0.068487 0.067302 0.065406 0.06343 0.060631 0.057832 0.054632 0.051031 0.047429 0.042626 0.037706 0.032349 0.026553 0.020623 0.014515 0.0070909
109 0.071671 0.070947 0.068937 0.068055 0.068021 0.067155 0.065456 0.063659 0.060848 0.058037 0.054849 0.051283 0.047718 0.042976 0.03812 0.032751 0.026869 0.020844 0.014629 0.0071776
110 0.071061 0.070625 0.068469 0.067551 0.067562 0.06676 0.065144 0.063458 0.061053 0.058648 0.055579 0.051845 0.048111 0.043206 0.038189 0.032852 0.027196 0.021079 0.014348 0.0072653
111 0.070774 0.070478 0.068184 0.067079 0.066867 0.065989 0.064445 0.062868 0.060945 0.059023 0.056142 0.052303 0.048464 0.043502 0.038432 0.033164 0.027698 0.021564 0.014542 0.0075397
112 0.070718 0.069584 0.067436 0.06639 0.06617 0.065401 0.064084 0.062724 0.060925 0.059126 0.056346 0.052584 0.048822 0.043903 0.038871 0.033668 0.028294 0.022136 0.014935 0.007882
113 0.070693 0.068397 0.066553 0.065637 0.065419 0.064776 0.063709 0.062592 0.060954 0.059315 0.056667 0.053009 0.049351 0.044413 0.039351 0.034164 0.028852 0.022683 0.015373 0.0080924
114 0.070282 0.067852 0.066094 0.065166 0.064861 0.064372 0.0637 0.062934 0.061195 0.059455 0.056798 0.053222 0.049646 0.04463 0.039475 0.0343 0.029105 0.023005 0.015698 0.0082081
115 0.069917 0.067717 0.065773 0.064637 0.064108 0.063706 0.06343 0.063021 0.06124 0.059459 0.056841 0.053388 0.049934 0.045046 0.04002 0.034796 0.029373 0.023193 0.016006 0.0083941
