1 0 0 0 0 0 0 0 0 0 0 0 0 0 0 0 0 0 0 0 0
2 0 0 0 0 0 0 0 0 0 0 0 0 0 0 0 0 0 0 0 0
3 0 0 0 0 0 0 0 0 0 0 0 0 0 0 0 0 0 0 0 0
4 0 0 0 0 0 0 0 0 0 0 0 0 0 0 0 0 0 0 0 0
5 0 0 0 0 0 0 0 0 0 0 0 0 0 0 0 0 0 0 0 0
6 0 0 0 0 0 0 0 0 0 0 0 0 0 0 0 0 0 0 0 0
7 0 0 0 0 0 0 0 0 0 0 0 0 0 0 0 0 0 0 0 0
8 0 0 0 0 0 0 0 0 0 0 0 0 0 0 0 0 0 0 0 0
9 0 0 0 0 0 0 0 0 0 0 0 0 0 0 0 0 0 0 0 0
10 0 0 0 0 0 0 0 0 0 0 0 0 0 0 0 0 0 0 0 0
11 0 0 0 0 0 0 0 0 0 0 0 0 0 0 0 0 0 0 0 0
12 0 0 0 0 0 0 0 0 0 0 0 0 0 0 0 0 0 0 0 0
13 0 0 0 0 0 0 0 0 0 0 0 0 0 0 0 0 0 0 0 0
14 0 0 0 0 0 0 0 0 0 0 0 0 0 0 0 0 0 0 0 0
15 0 0 0 0 0 0 0 0 0 0 0 0 0 0 0 0 0 0 0 0
16 0 0 0 0 0 0 0 0 0 0 0 0 0 0 0 0 0 0 0 0
17 0 0 0 0 0 0 0 0 0 0 0 0 0 0 0 0 0 0 0 0
18 0 0 0 0 0 0 0 0 0 0 0 0 0 0 0 0 0 0 0 0
19 0 0 0 0 0 0 0 0 0 0 0 0 0 0 0 0 0 0 0 0
20 0 0 0 0 0 0 0 0 0 0 0 0 0 0 0 0 0 0 0 0
21 0 0 0 0 0 0 0 0 0 0 0 0 0 0 0 0 0 0 0 0
22 0 0 0 0 0 0 0 0 0 0 0 0 0 0 0 0 0 0 0 0
23 0 0 0 0 0 0 0 0 0 0 0 0 0 0 0 0 0 0 0 0
24 0 0 0 0 0 0 0 0 0 0 0 0 0 0 0 0 0 0 0 0
25 0 0 0 0 0 0 0 0 0 0 0 0 0 0 0 0 0 0 0 0
26 0 0 0 0 0 0 0 0 0 0 0 0 0 0 0 0 0 0 0 0
27 0 0 0 0 0 0 0 0 0 0 0 0 0 0 0 0 0 0 0 0
28 0.069219 0.059601 0.056741 0.055587 0.055714 0.056097 0.056736 0.057226 0.05618 0.055133 0.053465 0.051175 0.048885 0.046469 0.044041 0.041417 0.038596 0.036431 0.035139 0.026147
29 0.070729 0.062947 0.059829 0.058377 0.058176 0.058017 0.0579 0.057651 0.056035 0.054419 0.052247 0.04952 0.046792 0.044147 0.041511 0.039299 0.037512 0.035322 0.032596 0.026976
30 0.07368 0.068724 0.066179 0.064389 0.063165 0.061579 0.059629 0.057573 0.054422 0.05127 0.048361 0.045694 0.043028 0.040697 0.038399 0.036666 0.035497 0.033282 0.029674 0.028092
31 0.076081 0.072088 0.069439 0.066806 0.064183 0.061489 0.058724 0.055976 0.0534 0.050824 0.048192 0.045506 0.04282 0.040451 0.038112 0.035836 0.033624 0.031195 0.028479 0.026774
32 0.07542 0.07307 0.069977 0.066925 0.063904 0.06108 0.058454 0.055834 0.053281 0.050727 0.048209 0.045727 0.043244 0.040819 0.0384 0.03594 0.033438 0.030925 0.028396 0.02623
33 0.076238 0.073058 0.070284 0.067302 0.064165 0.061218 0.058462 0.055725 0.053193 0.050661 0.048115 0.045556 0.042998 0.040514 0.038037 0.035634 0.033306 0.030947 0.028549 0.026035
34 0.077383 0.074013 0.070846 0.067749 0.064706 0.061714 0.058774 0.055854 0.053143 0.050432 0.047749 0.045096 0.042444 0.040016 0.037609 0.035199 0.032785 0.030443 0.028197 0.025848
35 0.078035 0.074683 0.071296 0.068169 0.065238 0.062218 0.059111 0.056031 0.053236 0.05044 0.047669 0.044924 0.042178 0.03965 0.037143 0.034663 0.032211 0.02988 0.02771 0.025516
36 0.078775 0.075457 0.071929 0.068582 0.06537 0.06226 0.059249 0.056247 0.053332 0.050416 0.047581 0.044826 0.042071 0.039418 0.036775 0.034235 0.031798 0.029442 0.027196 0.025042
37 0.079152 0.075771 0.072523 0.06926 0.065986 0.062735 0.059508 0.056302 0.053324 0.050346 0.047453 0.044646 0.041838 0.039145 0.036463 0.033887 0.031418 0.029017 0.026705 0.024519
38 0.079976 0.076504 0.072985 0.069558 0.0662 0.062888 0.059621 0.056373 0.053328 0.050283 0.047351 0.044532 0.041713 0.038936 0.036163 0.03353 0.031037 0.028616 0.026292 0.024114
39 0.080537 0.077031 0.073427 0.069903 0.066441 0.063082 0.059826 0.056579 0.053434 0.050288 0.04726 0.044349 0.041438 0.038665 0.035905 0.033261 0.030734 0.028257 0.02585 0.023733
40 0.08854 0.08509 0.080865 0.076438 0.07186 0.067573 0.063577 0.05956 0.055316 0.051073 0.046914 0.04284 0.038765 0.035011 0.031288 0.027722 0.024314 0.020971 0.017713 0.014569
41 0.089263 0.086034 0.081488 0.076954 0.072428 0.068035 0.063773 0.059513 0.055272 0.051031 0.046859 0.042756 0.038653 0.034792 0.030954 0.027269 0.023738 0.020317 0.017041 0.013828
42 0.091256 0.086593 0.08186 0.077259 0.072758 0.068283 0.063835 0.059405 0.055159 0.050913 0.046727 0.042602 0.038477 0.03455 0.030642 0.026881 0.023268 0.019793 0.016505 0.013234
43 0.091616 0.08707 0.08238 0.077748 0.073161 0.068583 0.064014 0.059469 0.055163 0.050857 0.04662 0.042454 0.038288 0.034336 0.030404 0.026604 0.022937 0.019422 0.016108 0.012764
44 0.092254 0.087455 0.082771 0.07811 0.073466 0.068825 0.064186 0.05957 0.05519 0.050809 0.046519 0.042318 0.038117 0.034141 0.030186 0.02635 0.022632 0.019066 0.0157 0.012337
45 0.09279 0.087819 0.083072 0.078375 0.073718 0.069069 0.064428 0.059799 0.055302 0.050805 0.046439 0.042204 0.037969 0.033965 0.029982 0.026104 0.022331 0.01869 0.015227 0.011913
46 0.093012 0.088212 0.08339 0.078637 0.073936 0.069268 0.064634 0.060005 0.055427 0.050849 0.046418 0.042133 0.037849 0.033812 0.0298 0.02588 0.022051 0.01835 0.014817 0.011524
47 0.093419 0.08861 0.083695 0.078855 0.07407 0.069374 0.064767 0.060159 0.055541 0.050923 0.046438 0.042086 0.037733 0.033661 0.029617 0.025655 0.021774 0.018024 0.014448 0.011151
48 0.093792 0.08894 0.084008 0.079119 0.074261 0.069513 0.064875 0.060237 0.05561 0.050983 0.046463 0.042051 0.037638 0.033516 0.029422 0.025419 0.021507 0.017725 0.014118 0.010801
49 0.094246 0.089153 0.084292 0.0794 0.074484 0.069667 0.064948 0.060239 0.055634 0.051029 0.046494 0.042031 0.037567 0.033384 0.029229 0.025186 0.021257 0.017456 0.013826 0.010479
50 0.094417 0.089378 0.084503 0.079611 0.074706 0.069857 0.065062 0.060285 0.055684 0.051083 0.046529 0.04202 0.037512 0.033299 0.029114 0.025032 0.021051 0.017197 0.013512 0.010149
51 0.094499 0.089566 0.084621 0.079739 0.074903 0.070054 0.065191 0.060352 0.055748 0.051144 0.046568 0.042021 0.037474 0.033249 0.029054 0.024932 0.020883 0.016961 0.013206 0.0098349
52 0.094618 0.089715 0.084766 0.079872 0.075019 0.070163 0.065303 0.060464 0.055833 0.051202 0.046607 0.042046 0.037485 0.033207 0.028956 0.024789 0.020708 0.01675 0.012959 0.0095369
53 0.094692 0.08979 0.084885 0.07998 0.075075 0.070215 0.0654 0.060599 0.055936 0.051273 0.04666 0.042097 0.037534 0.033191 0.028869 0.024657 0.020554 0.016573 0.012753 0.0092678
54 0.094982 0.089901 0.084982 0.080077 0.075181 0.070324 0.065504 0.060697 0.056007 0.051317 0.04668 0.042096 0.037512 0.03313 0.028768 0.024523 0.020394 0.016386 0.01254 0.0090009
55 0.094962 0.09 0.085055 0.080162 0.075308 0.070463 0.065627 0.060802 0.056091 0.05138 0.046721 0.042113 0.037505 0.033092 0.028698 0.024422 0.020263 0.016226 0.01235 0.0087585
56 0.09502 0.090007 0.08509 0.080203 0.075339 0.070508 0.065711 0.060917 0.056169 0.051422 0.04675 0.042152 0.037555 0.033115 0.02869 0.024373 0.020165 0.016081 0.012164 0.0085686
57 0.094829 0.089986 0.085117 0.080242 0.075361 0.070548 0.065802 0.061052 0.056268 0.051483 0.046799 0.042217 0.037635 0.033167 0.02871 0.02435 0.020087 0.015955 0.011996 0.0083944
58 0.094821 0.089901 0.085062 0.080235 0.075416 0.070632 0.065883 0.061132 0.056357 0.051582 0.046893 0.04229 0.037688 0.033182 0.028685 0.024295 0.020012 0.015851 0.011852 0.0082302
59 0.094556 0.089805 0.085001 0.080233 0.075492 0.070745 0.065991 0.061236 0.056471 0.051706 0.047009 0.042381 0.037752 0.033208 0.028672 0.024253 0.019949 0.015757 0.011715 0.0080677
60 0.094539 0.089697 0.084975 0.080238 0.075491 0.070756 0.066034 0.061309 0.056557 0.051806 0.047101 0.042442 0.037783 0.033219 0.028664 0.024237 0.019939 0.015717 0.011596 0.0079007
61 0.094306 0.089622 0.084981 0.080274 0.075518 0.070793 0.0661 0.061403 0.056659 0.051915 0.047197 0.042507 0.037817 0.033232 0.028658 0.02422 0.019918 0.015665 0.011477 0.007736
62 0.094233 0.08947 0.084867 0.080208 0.075509 0.070824 0.066153 0.061477 0.056743 0.052008 0.047291 0.042592 0.037893 0.033294 0.028705 0.02424 0.0199 0.01561 0.011387 0.0075972
63 0.09397 0.08937 0.0848 0.080184 0.075533 0.070878 0.066219 0.061555 0.056826 0.052098 0.04738 0.042672 0.037964 0.033351 0.028747 0.024255 0.019876 0.015553 0.011307 0.007463
64 0.093763 0.089125 0.084671 0.080135 0.075539 0.070914 0.06626 0.061601 0.05689 0.052178 0.047471 0.04277 0.038069 0.033443 0.028823 0.024303 0.019882 0.015532 0.011275 0.0073565
65 0.093452 0.088944 0.084583 0.080116 0.075569 0.070966 0.066309 0.061648 0.056957 0.052266 0.047569 0.042868 0.038166 0.033524 0.028889 0.024342 0.019883 0.0155 0.011216 0.0072337
66 0.09321 0.088744 0.084428 0.080022 0.075549 0.070983 0.066325 0.061669 0.057028 0.052386 0.04771 0.042998 0.038286 0.033629 0.028978 0.024405 0.019912 0.015485 0.011146 0.0071061
67 0.092838 0.088588 0.084311 0.079954 0.075538 0.07101 0.06637 0.061732 0.057115 0.052498 0.047831 0.043113 0.038396 0.033728 0.029066 0.024466 0.01993 0.015459 0.011077 0.0069798
68 0.092638 0.088362 0.084139 0.079828 0.075452 0.070983 0.066423 0.061856 0.057225 0.052594 0.047925 0.043218 0.038511 0.033841 0.029175 0.024547 0.019958 0.015441 0.011023 0.0068631
69 0.092317 0.088167 0.083976 0.079701 0.075363 0.070952 0.06647 0.061974 0.057344 0.052714 0.048043 0.043333 0.038623 0.033946 0.029271 0.024624 0.020003 0.015446 0.010975 0.0067586
70 0.092027 0.087929 0.083746 0.079506 0.075222 0.070882 0.066488 0.062075 0.057473 0.052872 0.048208 0.043481 0.038755 0.034066 0.02938 0.024718 0.02008 0.015483 0.010943 0.0066667
71 0.091717 0.087741 0.083604 0.079405 0.07516 0.070866 0.066523 0.062159 0.05757 0.052982 0.048321 0.043587 0.038854 0.034159 0.029468 0.024792 0.020131 0.015498 0.010902 0.0065613
72 0.091317 0.087504 0.083498 0.07937 0.075151 0.070881 0.06656 0.062216 0.057639 0.053062 0.04841 0.043683 0.038957 0.034262 0.029571 0.024881 0.020193 0.01552 0.01087 0.0064559
73 0.090905 0.08722 0.083301 0.07923 0.075046 0.070811 0.066523 0.062215 0.057696 0.053177 0.048553 0.043824 0.039096 0.034401 0.029709 0.025009 0.020301 0.0156 0.010907 0.0064749
74 0.090467 0.086893 0.083015 0.078994 0.074864 0.070682 0.066446 0.062193 0.057767 0.05334 0.048758 0.044019 0.03928 0.034581 0.029885 0.025172 0.020442 0.015708 0.010969 0.006524
75 0.09001 0.086542 0.082738 0.07879 0.074735 0.070622 0.066452 0.062263 0.057872 0.053481 0.048923 0.044197 0.039472 0.034764 0.030057 0.025308 0.020517 0.01575 0.011015 0.0064909
76 0.089601 0.086072 0.082389 0.078551 0.074596 0.070575 0.066488 0.062375 0.057997 0.053619 0.049081 0.044384 0.039686 0.034968 0.030248 0.025458 0.020597 0.015794 0.011068 0.0064548
77 0.089259 0.085697 0.082111 0.078365 0.074499 0.070546 0.066506 0.062437 0.058066 0.053696 0.049179 0.044516 0.039853 0.035131 0.030404 0.025607 0.020741 0.015895 0.011075 0.0064161
78 0.088738 0.085371 0.081864 0.0782 0.074419 0.070527 0.066524 0.062489 0.058128 0.053768 0.049276 0.044655 0.040034 0.035309 0.030574 0.025769 0.020894 0.016001 0.011084 0.0063768
79 0.088264 0.085046 0.081632 0.078056 0.074359 0.070536 0.066587 0.0626 0.058218 0.053837 0.049363 0.044798 0.040232 0.03549 0.03073 0.025882 0.020946 0.016009 0.011071 0.0063438
80 0.087874 0.084645 0.081344 0.077871 0.074269 0.070527 0.066645 0.062718 0.058311 0.053903 0.04945 0.044951 0.040452 0.035692 0.030907 0.026017 0.021022 0.016037 0.011066 0.0062986
81 0.087301 0.084247 0.081111 0.077708 0.074104 0.070406 0.066612 0.062768 0.058409 0.054051 0.049635 0.045162 0.040689 0.035909 0.031099 0.026187 0.021172 0.016139 0.011083 0.0062099
82 0.086779 0.083837 0.080886 0.077544 0.073908 0.070242 0.066548 0.0628 0.058502 0.054203 0.049831 0.045385 0.040939 0.036136 0.031299 0.026362 0.021325 0.016242 0.011098 0.0061341
83 0.08628 0.08346 0.080522 0.077248 0.07372 0.070147 0.066528 0.062856 0.058639 0.054423 0.050088 0.045636 0.041184 0.036346 0.031471 0.026505 0.021447 0.016318 0.011096 0.0060875
84 0.08604 0.083048 0.080075 0.076866 0.073478 0.070015 0.066476 0.062886 0.05876 0.054635 0.050345 0.045891 0.041437 0.036567 0.031657 0.026659 0.021574 0.016406 0.01113 0.0060524
85 0.085415 0.082501 0.079655 0.076598 0.073381 0.070009 0.066483 0.062911 0.058872 0.054833 0.050589 0.046141 0.041692 0.036797 0.031858 0.026824 0.021695 0.016499 0.011215 0.0060317
86 0.084687 0.081846 0.079159 0.076273 0.073237 0.06997 0.066473 0.062936 0.058994 0.055052 0.050858 0.046411 0.041965 0.037062 0.032115 0.027057 0.021888 0.016646 0.011305 0.0060675
87 0.084216 0.081431 0.078762 0.075897 0.072885 0.069714 0.066382 0.063003 0.059129 0.055255 0.051087 0.046625 0.042163 0.037292 0.032381 0.027325 0.022124 0.016817 0.011369 0.0061414
88 0.083283 0.080989 0.078324 0.075494 0.072539 0.069477 0.066308 0.063083 0.059279 0.055474 0.051347 0.046898 0.042449 0.037599 0.03271 0.027642 0.022394 0.017023 0.01149 0.0061971
89 0.082469 0.08048 0.07788 0.075189 0.072429 0.069476 0.066331 0.063129 0.059339 0.055548 0.051467 0.047095 0.042723 0.037884 0.033 0.027911 0.022616 0.017198 0.011614 0.0062202
90 0.081825 0.079888 0.077383 0.074839 0.072264 0.069426 0.066324 0.063165 0.059422 0.055679 0.051653 0.047345 0.043036 0.038187 0.033286 0.028165 0.022825 0.017364 0.011742 0.0061818
91 0.080866 0.079586 0.077192 0.074666 0.072039 0.069222 0.066214 0.06315 0.059508 0.055866 0.051904 0.047622 0.043341 0.038463 0.033527 0.028371 0.022995 0.017504 0.011859 0.0061035
92 0.079958 0.079193 0.076927 0.074452 0.071819 0.069044 0.066127 0.063154 0.0596 0.056046 0.05213 0.047854 0.043577 0.038728 0.033823 0.028647 0.023198 0.017645 0.011952 0.0061262
93 0.079915 0.07873 0.076561 0.074195 0.071683 0.068978 0.066078 0.063125 0.059623 0.056121 0.052227 0.047941 0.043655 0.03889 0.03408 0.028907 0.023372 0.01775 0.012013 0.0061556
94 0.079602 0.078166 0.076063 0.073836 0.071515 0.068928 0.066075 0.063169 0.059721 0.056272 0.052421 0.048169 0.043916 0.03912 0.034271 0.029064 0.0235 0.017864 0.012132 0.0061979
95 0.079154 0.077898 0.075577 0.07342 0.071388 0.068964 0.066148 0.063278 0.059849 0.056419 0.052604 0.048402 0.044199 0.039312 0.034358 0.029103 0.023545 0.017927 0.012229 0.0062258
96 0.079077 0.077301 0.074975 0.072913 0.07105 0.068754 0.066028 0.063246 0.059902 0.056557 0.052808 0.048654 0.0445 0.039595 0.034617 0.029352 0.0238 0.018161 0.012407 0.0063025
97 0.077723 0.07655 0.074786 0.072851 0.070788 0.068463 0.065876 0.063233 0.060008 0.056783 0.053108 0.048981 0.044854 0.039935 0.034939 0.029661 0.0241 0.018421 0.012583 0.0063584
98 0.07703 0.075696 0.074462 0.072753 0.070687 0.068399 0.065888 0.063314 0.060088 0.056863 0.053214 0.049144 0.045073 0.040206 0.035262 0.030007 0.02444 0.018657 0.012588 0.0062313
99 0.076391 0.075529 0.074212 0.072606 0.070782 0.068582 0.066004 0.063362 0.060045 0.056728 0.053079 0.0491 0.04512 0.040344 0.035491 0.030284 0.024723 0.018863 0.012605 0.0061518
100 0.075124 0.074971 0.073682 0.072223 0.070636 0.068543 0.065944 0.063291 0.060078 0.056866 0.053316 0.049429 0.045541 0.040749 0.03587 0.030593 0.024919 0.019027 0.012845 0.006354
101 0.074505 0.074213 0.073125 0.071838 0.0704 0.068375 0.065761 0.063109 0.060063 0.057016 0.053581 0.049756 0.045932 0.041121 0.036214 0.030883 0.025126 0.019226 0.013136 0.0066208
102 0.073433 0.073267 0.072214 0.071108 0.069963 0.068132 0.065616 0.063069 0.060194 0.057319 0.053979 0.050175 0.046371 0.041556 0.036642 0.031295 0.025514 0.01961 0.013543 0.007
103 0.072337 0.072766 0.07139 0.070358 0.069582 0.067986 0.065569 0.063124 0.060386 0.057648 0.054371 0.050555 0.04674 0.041898 0.036957 0.031606 0.025845 0.01992 0.013775 0.0071886
104 0.072042 0.072525 0.071012 0.07 0.069363 0.067899 0.065607 0.063273 0.060506 0.057739 0.05448 0.050729 0.046979 0.042051 0.037008 0.031695 0.02611 0.020161 0.013728 0.0070934
105 0.072213 0.072242 0.070776 0.069728 0.068994 0.067562 0.065433 0.063244 0.060443 0.057642 0.054433 0.050817 0.0472 0.042266 0.037204 0.031912 0.026391 0.020455 0.013969 0.0070753
106 0.071903 0.071501 0.069892 0.068937 0.068471 0.067293 0.065401 0.06343 0.060636 0.057842 0.054645 0.051046 0.047447 0.042643 0.037722 0.032365 0.026571 0.020637 0.014519 0.0070976
107 0.071629 0.07091 0.068907 0.068032 0.068005 0.067145 0.065452 0.06366 0.060852 0.058043 0.054858 0.051296 0.047734 0.042994 0.038141 0.03277 0.026884 0.020858 0.014646 0.0071831
108 0.071015 0.070589 0.068439 0.067527 0.067544 0.066748 0.065138 0.063458 0.061056 0.058654 0.055588 0.051858 0.048128 0.043226 0.038211 0.032873 0.027213 0.021094 0.014366 0.0072712
109 0.070736 0.070443 0.068156 0.067058 0.066852 0.06598 0.064441 0.062869 0.060951 0.059033 0.056155 0.052318 0.048481 0.04352 0.03845 0.03318 0.027711 0.021574 0.014549 0.0075421
110 0.070677 0.069545 0.067406 0.066367 0.066154 0.065391 0.06408 0.062726 0.060932 0.059137 0.05636 0.052601 0.048842 0.043922 0.038891 0.033686 0.028308 0.022147 0.014943 0.0078846
111 0.070649 0.068355 0.066521 0.065613 0.065401 0.064765 0.063704 0.062592 0.060959 0.059325 0.056681 0.053025 0.04937 0.044433 0.039373 0.034185 0.02887 0.022697 0.015382 0.0080988
112 0.070234 0.067815 0.066063 0.065141 0.064842 0.064359 0.063693 0.062933 0.061199 0.059465 0.056811 0.053238 0.049665 0.044651 0.039498 0.034322 0.029125 0.02302 0.015709 0.0082149
113 0.069868 0.067679 0.065741 0.064611 0.064089 0.063694 0.063424 0.063022 0.061246 0.059469 0.056856 0.053405 0.049954 0.045065 0.040037 0.034814 0.029394 0.023212 0.016018 0.0084004
114 0.069296 0.067197 0.065763 0.064535 0.063462 0.062869 0.062755 0.062514 0.060972 0.05943 0.056992 0.05366 0.050327 0.04569 0.040927 0.035602 0.029716 0.023348 0.016338 0.0086078
115 0.069145 0.066214 0.065545 0.06425 0.062484 0.061703 0.061904 0.061974 0.060679 0.059384 0.057195 0.05411 0.051025 0.046368 0.041559 0.036204 0.030302 0.023955 0.017016 0.0089842
