1 0 0 0 0 0 0 0 0 0 0 0 0 0 0 0 0 0 0 0 0
2 0 0 0 0 0 0 0 0 0 0 0 0 0 0 0 0 0 0 0 0
3 0 0 0 0 0 0 0 0 0 0 0 0 0 0 0 0 0 0 0 0
4 0 0 0 0 0 0 0 0 0 0 0 0 0 0 0 0 0 0 0 0
5 0 0 0 0 0 0 0 0 0 0 0 0 0 0 0 0 0 0 0 0
6 0 0 0 0 0 0 0 0 0 0 0 0 0 0 0 0 0 0 0 0
7 0 0 0 0 0 0 0 0 0 0 0 0 0 0 0 0 0 0 0 0
8 0 0 0 0 0 0 0 0 0 0 0 0 0 0 0 0 0 0 0 0
9 0 0 0 0 0 0 0 0 0 0 0 0 0 0 0 0 0 0 0 0
10 0 0 0 0 0 0 0 0 0 0 0 0 0 0 0 0 0 0 0 0
11 0 0 0 0 0 0 0 0 0 0 0 0 0 0 0 0 0 0 0 0
12 0 0 0 0 0 0 0 0 0 0 0 0 0 0 0 0 0 0 0 0
13 0 0 0 0 0 0 0 0 0 0 0 0 0 0 0 0 0 0 0 0
14 0 0 0 0 0 0 0 0 0 0 0 0 0 0 0 0 0 0 0 0
15 0 0 0 0 0 0 0 0 0 0 0 0 0 0 0 0 0 0 0 0
16 0 0 0 0 0 0 0 0 0 0 0 0 0 0 0 0 0 0 0 0
17 0 0 0 0 0 0 0 0 0 0 0 0 0 0 0 0 0 0 0 0
18 0 0 0 0 0 0 0 0 0 0 0 0 0 0 0 0 0 0 0 0
19 0 0 0 0 0 0 0 0 0 0 0 0 0 0 0 0 0 0 0 0
20 0 0 0 0 0 0 0 0 0 0 0 0 0 0 0 0 0 0 0 0
21 0 0 0 0 0 0 0 0 0 0 0 0 0 0 0 0 0 0 0 0
22 0 0 0 0 0 0 0 0 0 0 0 0 0 0 0 0 0 0 0 0
23 0 0 0 0 0 0 0 0 0 0 0 0 0 0 0 0 0 0 0 0
24 0 0 0 0 0 0 0 0 0 0 0 0 0 0 0 0 0 0 0 0
25 0 0 0 0 0 0 0 0 0 0 0 0 0 0 0 0 0 0 0 0
26 0 0 0 0 0 0 0 0 0 0 0 0 0 0 0 0 0 0 0 0
27 0 0 0 0 0 0 0 0 0 0 0 0 0 0 0 0 0 0 0 0
28 0 0 0 0 0 0 0 0 0 0 0 0 0 0 0 0 0 0 0 0
29 0.069289 0.059654 0.056785 0.055623 0.055744 0.05612 0.056752 0.057236 0.056183 0.055129 0.053455 0.05116 0.048864 0.046444 0.044012 0.041384 0.038561 0.036393 0.035099 0.026114
30 0.071477 0.063896 0.060994 0.059455 0.058939 0.058512 0.058175 0.057704 0.055849 0.053995 0.05168 0.048904 0.046129 0.04343 0.040739 0.03865 0.037162 0.035001 0.031942 0.027367
31 0.073655 0.068873 0.066258 0.064548 0.063517 0.061895 0.059681 0.057399 0.05442 0.051441 0.048588 0.04586 0.043131 0.040613 0.038115 0.036289 0.035135 0.033009 0.029588 0.027985
32 0.075896 0.072126 0.069672 0.066994 0.064149 0.061369 0.058654 0.055952 0.053381 0.050809 0.048197 0.045543 0.042889 0.04053 0.0382 0.035861 0.033515 0.031066 0.028483 0.026713
33 0.075435 0.073066 0.069879 0.066848 0.063933 0.061128 0.058432 0.055754 0.05326 0.050766 0.048269 0.045769 0.043269 0.040822 0.03838 0.035924 0.033455 0.030968 0.028457 0.026187
34 0.076473 0.07319 0.070342 0.067331 0.064195 0.061244 0.058477 0.055727 0.053167 0.050607 0.048049 0.045492 0.042935 0.040453 0.037978 0.035584 0.033272 0.03093 0.028546 0.026006
35 0.077438 0.074053 0.07089 0.067816 0.064808 0.061813 0.058831 0.055872 0.053142 0.050413 0.047716 0.045051 0.042385 0.039965 0.037569 0.035153 0.032717 0.030375 0.028157 0.025834
36 0.078154 0.074806 0.071372 0.068196 0.065212 0.062186 0.059118 0.056072 0.053257 0.050442 0.047663 0.044921 0.042179 0.039627 0.037094 0.034604 0.032157 0.029826 0.02765 0.025465
37 0.07881 0.075485 0.072007 0.068677 0.065459 0.062329 0.059286 0.056254 0.05333 0.050407 0.047564 0.044802 0.042039 0.039382 0.036735 0.034192 0.031752 0.02939 0.02713 0.024971
38 0.079262 0.075869 0.072584 0.069299 0.066014 0.062756 0.059523 0.056312 0.053325 0.050338 0.04744 0.044631 0.041822 0.039117 0.036423 0.033839 0.031367 0.028963 0.02665 0.024465
39 0.080097 0.07661 0.073061 0.069612 0.066239 0.062917 0.059644 0.056391 0.053333 0.050275 0.047333 0.044505 0.041678 0.038896 0.036117 0.03348 0.030982 0.028555 0.026223 0.024051
40 0.089125 0.085288 0.080542 0.075963 0.07151 0.067269 0.06324 0.059195 0.05498 0.050765 0.046674 0.042708 0.038742 0.035115 0.031521 0.028033 0.02465 0.021369 0.018223 0.015088
41 0.088792 0.085206 0.080937 0.076497 0.071927 0.067626 0.063594 0.059543 0.055301 0.05106 0.0469 0.042822 0.038745 0.034976 0.031237 0.027655 0.024229 0.020875 0.017615 0.014461
42 0.089532 0.086113 0.081534 0.07699 0.072473 0.068069 0.06378 0.059496 0.055257 0.051017 0.046845 0.04274 0.038635 0.034763 0.030913 0.027216 0.023672 0.020243 0.016966 0.013746
43 0.091381 0.086647 0.081922 0.077318 0.072806 0.068318 0.063854 0.059409 0.055155 0.050901 0.04671 0.04258 0.03845 0.034519 0.030608 0.026842 0.023221 0.019741 0.016449 0.013168
44 0.091628 0.087121 0.082437 0.077802 0.073206 0.068617 0.064036 0.059479 0.055166 0.050853 0.046611 0.042441 0.03827 0.034315 0.03038 0.026576 0.022903 0.019383 0.016066 0.012713
45 0.092336 0.087499 0.082808 0.078143 0.073498 0.068856 0.064218 0.059601 0.055205 0.050809 0.046509 0.042303 0.038098 0.034118 0.030159 0.026317 0.022592 0.019015 0.015636 0.012279
46 0.092878 0.087854 0.0831 0.078401 0.073743 0.069094 0.064453 0.059823 0.055313 0.050803 0.046429 0.042191 0.037953 0.033945 0.02996 0.026077 0.022297 0.018648 0.015173 0.011865
47 0.093071 0.088261 0.083427 0.078663 0.073952 0.069281 0.064651 0.060025 0.055442 0.05086 0.046421 0.042128 0.037834 0.033793 0.029777 0.025851 0.022015 0.018307 0.014768 0.011474
48 0.09342 0.088656 0.083732 0.078882 0.074088 0.069389 0.064785 0.06018 0.055558 0.050936 0.046444 0.042084 0.037723 0.033647 0.029599 0.025631 0.021745 0.017989 0.014407 0.011108
49 0.093884 0.088962 0.08404 0.079151 0.074287 0.06953 0.064882 0.060236 0.055612 0.050988 0.046467 0.042048 0.037629 0.033499 0.029397 0.025389 0.021474 0.01769 0.014079 0.010758
50 0.094246 0.08918 0.084327 0.079435 0.074513 0.069688 0.06496 0.060243 0.05564 0.051038 0.046502 0.042032 0.037562 0.033372 0.029209 0.025162 0.02123 0.017426 0.013793 0.010442
51 0.09447 0.089395 0.084512 0.079622 0.074727 0.069879 0.065076 0.060291 0.05569 0.05109 0.046533 0.042019 0.037506 0.033292 0.029106 0.025019 0.021029 0.017166 0.013471 0.010107
52 0.094506 0.089585 0.084633 0.079752 0.074925 0.070077 0.065207 0.06036 0.055756 0.051152 0.046574 0.042022 0.037471 0.033244 0.029048 0.024922 0.020864 0.016933 0.01317 0.0097975
53 0.09463 0.089722 0.084779 0.079884 0.075025 0.070169 0.065316 0.060482 0.055847 0.051212 0.046614 0.042053 0.037492 0.033206 0.028945 0.024773 0.020688 0.016728 0.012932 0.0095018
54 0.094712 0.089795 0.084896 0.07999 0.075079 0.07022 0.065411 0.060615 0.055948 0.051282 0.046667 0.042104 0.037541 0.03319 0.028859 0.024641 0.020536 0.016552 0.012729 0.0092352
55 0.095001 0.089909 0.084988 0.080085 0.075195 0.07034 0.065519 0.060709 0.056017 0.051324 0.046685 0.042098 0.037511 0.033125 0.028759 0.02451 0.020377 0.016365 0.012515 0.0089694
56 0.094936 0.090014 0.085066 0.080175 0.075326 0.070482 0.065645 0.060818 0.056104 0.051391 0.046728 0.042117 0.037506 0.033088 0.02869 0.024409 0.020246 0.016204 0.012324 0.0087298
57 0.095031 0.089999 0.085088 0.080204 0.075338 0.07051 0.065719 0.060932 0.05618 0.051428 0.046755 0.04216 0.037565 0.033121 0.028692 0.02437 0.020155 0.016065 0.012142 0.0085461
58 0.09482 0.090006 0.085142 0.080266 0.07538 0.070564 0.065818 0.061068 0.056278 0.051487 0.0468 0.042215 0.037631 0.033157 0.028695 0.024332 0.020068 0.015934 0.011971 0.0083691
59 0.094817 0.089883 0.085049 0.080229 0.075421 0.070642 0.065893 0.061142 0.056369 0.051596 0.046907 0.042302 0.037697 0.033186 0.028685 0.024291 0.020004 0.015839 0.011836 0.0082104
60 0.094564 0.089822 0.085017 0.080245 0.075499 0.070748 0.065992 0.061235 0.056472 0.051709 0.047012 0.042381 0.03775 0.033204 0.028666 0.024247 0.019944 0.01575 0.011698 0.0080449
61 0.094518 0.089681 0.08497 0.080238 0.075491 0.070758 0.066041 0.06132 0.056571 0.051821 0.047115 0.042452 0.037789 0.033222 0.028664 0.024237 0.019939 0.015713 0.011581 0.0078799
62 0.094305 0.089603 0.084966 0.080265 0.075516 0.070796 0.066106 0.061412 0.056669 0.051926 0.047209 0.042518 0.037826 0.03324 0.028663 0.024222 0.019916 0.015658 0.011465 0.0077181
63 0.094193 0.089454 0.084855 0.080203 0.075511 0.07083 0.066162 0.061488 0.056755 0.052022 0.047305 0.042604 0.037903 0.033303 0.028712 0.024243 0.019898 0.015603 0.011376 0.0075796
64 0.093945 0.08934 0.084785 0.080178 0.075534 0.070882 0.066224 0.06156 0.056834 0.052108 0.047391 0.042684 0.037977 0.033362 0.028756 0.024261 0.019876 0.01555 0.011303 0.0074492
65 0.093729 0.089096 0.084656 0.08013 0.075541 0.070919 0.066266 0.061608 0.056898 0.052188 0.047483 0.042783 0.038083 0.033454 0.028833 0.024309 0.019883 0.015529 0.011271 0.0073426
66 0.09345 0.088918 0.084563 0.080103 0.075565 0.070967 0.066309 0.061649 0.056964 0.052279 0.047585 0.042882 0.038179 0.033536 0.028898 0.024348 0.019885 0.015497 0.011207 0.0072171
67 0.093176 0.088721 0.08441 0.080012 0.075548 0.070986 0.066328 0.061671 0.057037 0.052402 0.047728 0.043014 0.038301 0.033642 0.028989 0.024413 0.019915 0.015482 0.011136 0.0070892
68 0.092812 0.088563 0.084292 0.07994 0.075529 0.071008 0.066377 0.061747 0.057128 0.052509 0.047842 0.043126 0.03841 0.033742 0.029079 0.024475 0.019932 0.015456 0.01107 0.0069647
69 0.09259 0.088338 0.084121 0.079815 0.075443 0.070982 0.066431 0.061873 0.05724 0.052607 0.047937 0.043231 0.038526 0.033856 0.029189 0.024557 0.019961 0.015439 0.011015 0.0068476
70 0.092295 0.08814 0.083949 0.079678 0.075345 0.070943 0.066471 0.061985 0.057358 0.052732 0.048062 0.04335 0.038637 0.033959 0.029283 0.024634 0.020011 0.01545 0.01097 0.0067465
71 0.091984 0.087902 0.08372 0.079483 0.075205 0.070875 0.066491 0.062088 0.05749 0.052892 0.048229 0.0435 0.038771 0.03408 0.029393 0.02473 0.020089 0.015487 0.010938 0.0066541
72 0.091678 0.087715 0.083593 0.079402 0.075159 0.070868 0.066527 0.062165 0.057578 0.052991 0.04833 0.043598 0.038865 0.03417 0.029479 0.024801 0.020137 0.015499 0.010897 0.0065475
73 0.091265 0.087478 0.083487 0.079368 0.075152 0.070884 0.066565 0.062224 0.057647 0.053071 0.04842 0.043694 0.038968 0.034274 0.029583 0.024891 0.020199 0.015522 0.010865 0.0064414
74 0.09087 0.087183 0.083268 0.079203 0.075024 0.070794 0.066513 0.062211 0.057703 0.053195 0.048575 0.043846 0.039116 0.034421 0.029729 0.025027 0.020317 0.015612 0.010913 0.0064802
75 0.090392 0.086859 0.082985 0.078969 0.074845 0.070669 0.066438 0.062192 0.057777 0.053362 0.048785 0.044044 0.039303 0.034603 0.029907 0.025192 0.020459 0.01572 0.010975 0.0065226
76 0.089969 0.08649 0.082699 0.078763 0.074719 0.070617 0.066457 0.062276 0.057886 0.053496 0.04894 0.044218 0.039496 0.034786 0.030078 0.025324 0.020525 0.015754 0.011021 0.0064856
77 0.08957 0.086015 0.082346 0.078521 0.074579 0.070568 0.066491 0.062388 0.058011 0.053634 0.049099 0.044405 0.039711 0.034991 0.030268 0.025474 0.020611 0.015802 0.011066 0.0064484
78 0.089207 0.085662 0.082085 0.078347 0.07449 0.070544 0.066508 0.062442 0.058072 0.053702 0.049188 0.04453 0.039872 0.03515 0.030422 0.025625 0.020759 0.015908 0.011075 0.0064102
79 0.088678 0.085341 0.081843 0.078189 0.074417 0.070532 0.066532 0.062501 0.05814 0.053778 0.049289 0.044671 0.040053 0.035326 0.030588 0.025778 0.020896 0.015998 0.011079 0.0063711
80 0.088219 0.085006 0.081604 0.078039 0.074352 0.070537 0.066596 0.062615 0.058229 0.053843 0.049372 0.044814 0.040256 0.035511 0.030749 0.025895 0.02095 0.016008 0.011067 0.0063384
81 0.087816 0.084592 0.081305 0.077844 0.074253 0.07052 0.066647 0.062727 0.058324 0.05392 0.04947 0.044975 0.04048 0.035718 0.03093 0.026037 0.021039 0.016048 0.011067 0.006287
82 0.087224 0.084208 0.081092 0.077695 0.074086 0.07039 0.066607 0.062773 0.058421 0.054068 0.049657 0.045186 0.040716 0.035934 0.031121 0.026206 0.021188 0.01615 0.011083 0.0061967
83 0.086728 0.083782 0.080854 0.07752 0.073882 0.070222 0.066539 0.062803 0.058517 0.054231 0.049864 0.045417 0.040969 0.036162 0.031319 0.026378 0.021339 0.01625 0.011097 0.0061278
84 0.086222 0.083424 0.080481 0.077212 0.073699 0.070137 0.066526 0.062863 0.058656 0.054449 0.050118 0.045665 0.041212 0.03637 0.03149 0.02652 0.021459 0.016325 0.011094 0.0060798
85 0.086026 0.082987 0.080015 0.076821 0.073461 0.070012 0.066476 0.062888 0.058772 0.054657 0.050372 0.045918 0.041464 0.036591 0.031678 0.026676 0.021585 0.016415 0.011139 0.0060486
86 0.085301 0.082441 0.079613 0.076573 0.073376 0.070013 0.066487 0.062916 0.058887 0.054859 0.05062 0.046172 0.041723 0.036824 0.031881 0.026843 0.021708 0.016509 0.011225 0.0060277
87 0.084634 0.081774 0.079109 0.076235 0.073202 0.069946 0.066467 0.062948 0.059013 0.055078 0.050886 0.046436 0.041987 0.037088 0.032145 0.027087 0.021915 0.016665 0.011311 0.0060756
88 0.084124 0.081393 0.078721 0.075856 0.072845 0.069685 0.066373 0.063013 0.059147 0.055281 0.051116 0.046651 0.042186 0.037319 0.032413 0.027358 0.022153 0.016838 0.011375 0.0061501
89 0.083143 0.080941 0.078283 0.075468 0.072534 0.069483 0.066316 0.063092 0.059288 0.055484 0.051361 0.046921 0.04248 0.037631 0.032743 0.027672 0.022418 0.017042 0.011503 0.0061988
90 0.082396 0.080421 0.077828 0.075152 0.072416 0.069476 0.066333 0.063133 0.059343 0.055554 0.051478 0.047116 0.042754 0.037917 0.033033 0.027942 0.022641 0.017217 0.011628 0.0062216
91 0.081744 0.07986 0.077367 0.074822 0.07224 0.069403 0.06631 0.063162 0.059429 0.055697 0.051678 0.047372 0.043067 0.038214 0.033309 0.028185 0.02284 0.017377 0.011753 0.0061705
92 0.080707 0.079561 0.077179 0.074652 0.072017 0.069201 0.066204 0.063151 0.05952 0.05589 0.051936 0.047657 0.043379 0.038497 0.033556 0.028395 0.023015 0.01752 0.011873 0.0060914
93 0.079897 0.079155 0.076898 0.074434 0.071813 0.069044 0.066127 0.063155 0.059605 0.056056 0.052142 0.047863 0.043584 0.038744 0.033851 0.028675 0.023216 0.017655 0.011958 0.0061285
94 0.079956 0.078678 0.076518 0.074165 0.071667 0.068969 0.06607 0.063118 0.059622 0.056126 0.052234 0.047946 0.043657 0.038905 0.034107 0.028935 0.023389 0.01776 0.01202 0.0061586
95 0.079533 0.078149 0.076018 0.073797 0.071507 0.068937 0.066087 0.063183 0.059736 0.056288 0.05244 0.048193 0.043945 0.039138 0.034276 0.029064 0.023501 0.017867 0.012141 0.0061994
96 0.079184 0.077864 0.075512 0.073363 0.071366 0.068962 0.06615 0.063284 0.059856 0.056428 0.052616 0.048421 0.044225 0.039326 0.034359 0.029102 0.023554 0.017944 0.012249 0.0062352
97 0.079058 0.077216 0.074952 0.072903 0.071014 0.068714 0.066002 0.063235 0.059904 0.056572 0.052831 0.04868 0.044529 0.039623 0.034644 0.029378 0.023827 0.018185 0.012425 0.0063092
98 0.077655 0.076458 0.074765 0.072844 0.070753 0.068422 0.065852 0.063225 0.060015 0.056805 0.053138 0.049015 0.044891 0.039972 0.034977 0.029699 0.02414 0.018449 0.012583 0.0063426
99 0.076978 0.07569 0.074445 0.072745 0.070705 0.068425 0.065904 0.06332 0.060082 0.056844 0.053195 0.049134 0.045072 0.040216 0.035282 0.030033 0.024468 0.018675 0.012578 0.0062085
100 0.076293 0.075507 0.074177 0.072582 0.070789 0.068598 0.06601 0.063357 0.060026 0.056696 0.053051 0.04909 0.04513 0.040371 0.035536 0.03033 0.024753 0.018888 0.012637 0.0061774
101 0.075072 0.0749 0.073632 0.07219 0.070617 0.06853 0.065927 0.063272 0.060077 0.056882 0.053344 0.049463 0.045582 0.040786 0.035901 0.030616 0.024928 0.019036 0.012869 0.0063771
102 0.074423 0.074104 0.07304 0.071773 0.070353 0.068335 0.065718 0.063065 0.06004 0.057015 0.053602 0.049801 0.046 0.041189 0.03628 0.030945 0.025182 0.019279 0.013189 0.0066686
103 0.073298 0.073217 0.072125 0.071025 0.069919 0.068113 0.065607 0.06307 0.060209 0.057349 0.054016 0.050211 0.046406 0.041591 0.036678 0.031331 0.02555 0.019649 0.013589 0.0070471
104 0.072243 0.07274 0.071319 0.070293 0.069563 0.067995 0.065588 0.063152 0.060419 0.057685 0.054408 0.050587 0.046767 0.041913 0.036959 0.031612 0.025872 0.019944 0.013766 0.0071752
105 0.072071 0.072522 0.071011 0.069992 0.069342 0.067878 0.065602 0.063281 0.060507 0.057733 0.054476 0.050735 0.046995 0.042055 0.037 0.031693 0.026133 0.020184 0.013714 0.0070758
106 0.072227 0.072166 0.070704 0.069649 0.068899 0.06747 0.065361 0.063196 0.060436 0.057676 0.054487 0.050869 0.047251 0.042329 0.03728 0.031978 0.026421 0.020483 0.014039 0.0070796
107 0.071883 0.071451 0.069795 0.068845 0.068427 0.067282 0.06541 0.063457 0.060655 0.057853 0.054654 0.051057 0.04746 0.042675 0.037774 0.032409 0.02658 0.02065 0.014586 0.0070958
108 0.071597 0.070823 0.068766 0.067899 0.067927 0.067106 0.065436 0.063669 0.060903 0.058138 0.054963 0.051378 0.047794 0.043033 0.038157 0.032789 0.026927 0.020888 0.014613 0.007194
109 0.070948 0.070616 0.068447 0.067511 0.0675 0.066692 0.065087 0.063415 0.061066 0.058718 0.055667 0.051913 0.04816 0.043237 0.038201 0.032869 0.027242 0.021114 0.014317 0.0072784
110 0.070765 0.070386 0.068079 0.066954 0.066715 0.065858 0.064382 0.062868 0.060962 0.059055 0.056187 0.052357 0.048527 0.043569 0.038502 0.033239 0.02778 0.02164 0.014594 0.0075818
111 0.070686 0.069433 0.067324 0.066297 0.066081 0.065327 0.064037 0.062703 0.060923 0.059143 0.056378 0.052628 0.048878 0.043965 0.038938 0.033743 0.028379 0.022217 0.014991 0.0079283
112 0.070637 0.068169 0.066371 0.065493 0.065304 0.064713 0.063722 0.062672 0.061024 0.059376 0.056727 0.053077 0.049428 0.044478 0.039403 0.034214 0.02891 0.022742 0.015425 0.0081145
113 0.070209 0.06783 0.066054 0.065105 0.064778 0.064305 0.063684 0.062964 0.061215 0.059466 0.05681 0.053247 0.049685 0.044661 0.039495 0.034323 0.029143 0.023051 0.015744 0.0082303
114 0.069835 0.067669 0.065703 0.064552 0.064011 0.063614 0.06336 0.062974 0.061222 0.059469 0.056873 0.053434 0.049994 0.045134 0.040136 0.0349 0.029425 0.023223 0.016051 0.0084218
115 0.069241 0.067139 0.065785 0.064544 0.063387 0.06276 0.062663 0.062441 0.060928 0.059415 0.056999 0.053681 0.050363 0.045761 0.041034 0.035695 0.029746 0.023363 0.016402 0.0086508
