1 0 0 0 0 0 0 0 0 0 0 0 0 0 0 0 0 0 0 0 0
2 0 0 0 0 0 0 0 0 0 0 0 0 0 0 0 0 0 0 0 0
3 0 0 0 0 0 0 0 0 0 0 0 0 0 0 0 0 0 0 0 0
4 0 0 0 0 0 0 0 0 0 0 0 0 0 0 0 0 0 0 0 0
5 0 0 0 0 0 0 0 0 0 0 0 0 0 0 0 0 0 0 0 0
6 0 0 0 0 0 0 0 0 0 0 0 0 0 0 0 0 0 0 0 0
7 0 0 0 0 0 0 0 0 0 0 0 0 0 0 0 0 0 0 0 0
8 0 0 0 0 0 0 0 0 0 0 0 0 0 0 0 0 0 0 0 0
9 0 0 0 0 0 0 0 0 0 0 0 0 0 0 0 0 0 0 0 0
10 0 0 0 0 0 0 0 0 0 0 0 0 0 0 0 0 0 0 0 0
11 0 0 0 0 0 0 0 0 0 0 0 0 0 0 0 0 0 0 0 0
12 0 0 0 0 0 0 0 0 0 0 0 0 0 0 0 0 0 0 0 0
13 0 0 0 0 0 0 0 0 0 0 0 0 0 0 0 0 0 0 0 0
14 0 0 0 0 0 0 0 0 0 0 0 0 0 0 0 0 0 0 0 0
15 0 0 0 0 0 0 0 0 0 0 0 0 0 0 0 0 0 0 0 0
16 0 0 0 0 0 0 0 0 0 0 0 0 0 0 0 0 0 0 0 0
17 0 0 0 0 0 0 0 0 0 0 0 0 0 0 0 0 0 0 0 0
18 0 0 0 0 0 0 0 0 0 0 0 0 0 0 0 0 0 0 0 0
19 0 0 0 0 0 0 0 0 0 0 0 0 0 0 0 0 0 0 0 0
20 0 0 0 0 0 0 0 0 0 0 0 0 0 0 0 0 0 0 0 0
21 0 0 0 0 0 0 0 0 0 0 0 0 0 0 0 0 0 0 0 0
22 0 0 0 0 0 0 0 0 0 0 0 0 0 0 0 0 0 0 0 0
23 0 0 0 0 0 0 0 0 0 0 0 0 0 0 0 0 0 0 0 0
24 0 0 0 0 0 0 0 0 0 0 0 0 0 0 0 0 0 0 0 0
25 0 0 0 0 0 0 0 0 0 0 0 0 0 0 0 0 0 0 0 0
26 0 0 0 0 0 0 0 0 0 0 0 0 0 0 0 0 0 0 0 0
27 0 0 0 0 0 0 0 0 0 0 0 0 0 0 0 0 0 0 0 0
28 0.069385 0.059726 0.056845 0.055672 0.055784 0.056151 0.056774 0.057249 0.056186 0.055124 0.053441 0.051138 0.048835 0.046409 0.043972 0.04134 0.038513 0.036342 0.035044 0.026069
29 0.074011 0.068214 0.064696 0.062191 0.060449 0.059162 0.058331 0.057364 0.054987 0.052609 0.049989 0.047128 0.044266 0.041691 0.039144 0.037325 0.036234 0.033989 0.030209 0.02801
30 0.076072 0.071491 0.068117 0.065722 0.064064 0.061786 0.058888 0.056029 0.053561 0.051093 0.048432 0.045579 0.042726 0.040395 0.038115 0.036007 0.034071 0.031737 0.028876 0.027241
31 0.075447 0.072843 0.070096 0.067084 0.063873 0.061006 0.058485 0.055956 0.053357 0.050758 0.04818 0.045622 0.043065 0.040738 0.038433 0.035956 0.033306 0.030802 0.02849 0.026504
32 0.075439 0.072946 0.070142 0.067176 0.064088 0.061164 0.058405 0.055674 0.053232 0.050789 0.04829 0.045735 0.043179 0.040693 0.038214 0.035782 0.033399 0.030989 0.028546 0.02612
33 0.077173 0.073755 0.070659 0.067539 0.0644 0.061422 0.058605 0.055803 0.05315 0.050496 0.047864 0.045254 0.042644 0.04019 0.037752 0.035361 0.033019 0.030677 0.028336 0.025901
34 0.077674 0.074311 0.071072 0.06807 0.065245 0.062243 0.059064 0.055922 0.053167 0.050412 0.047667 0.044932 0.042197 0.039744 0.03732 0.034873 0.032403 0.03007 0.027919 0.025694
35 0.078597 0.075257 0.071658 0.068303 0.065131 0.062079 0.059146 0.056217 0.053331 0.050446 0.047637 0.044905 0.042173 0.039538 0.036913 0.034385 0.031956 0.029625 0.027427 0.025275
36 0.078955 0.075602 0.072302 0.069033 0.065787 0.062583 0.059421 0.056277 0.053324 0.050372 0.047499 0.044708 0.041916 0.039244 0.036583 0.034028 0.031578 0.029191 0.026888 0.024708
37 0.079683 0.076243 0.07282 0.069452 0.066124 0.062833 0.05958 0.056348 0.053326 0.050305 0.047387 0.044572 0.041757 0.03901 0.03627 0.033658 0.031173 0.028759 0.02644 0.024259
38 0.080354 0.076855 0.073274 0.069782 0.066357 0.063013 0.059749 0.0565 0.053391 0.050282 0.04729 0.044414 0.041539 0.038761 0.035994 0.033352 0.030837 0.028382 0.026006 0.023866
39 0.08084 0.077313 0.07371 0.070151 0.066626 0.063225 0.059946 0.056674 0.053479 0.050283 0.047213 0.044268 0.041324 0.038533 0.035757 0.033086 0.030522 0.028016 0.025588 0.023448
40 0.089679 0.08565 0.081217 0.076722 0.072181 0.067827 0.063659 0.059486 0.055247 0.051008 0.046843 0.042752 0.038662 0.03484 0.031045 0.027404 0.023918 0.020527 0.01726 0.014073
41 0.090766 0.0864 0.081699 0.077116 0.072623 0.068181 0.063791 0.059416 0.055181 0.050946 0.046773 0.04266 0.038547 0.034637 0.030747 0.027008 0.02342 0.019964 0.016684 0.013441
42 0.091639 0.086892 0.082187 0.077566 0.073009 0.068467 0.063941 0.059437 0.055152 0.050867 0.046649 0.042498 0.038347 0.034404 0.030481 0.026696 0.023049 0.019548 0.016244 0.012927
43 0.092019 0.087302 0.082634 0.077987 0.073354 0.068723 0.064093 0.059489 0.055152 0.050815 0.046553 0.042366 0.03818 0.034215 0.030271 0.026453 0.022759 0.019223 0.015897 0.012516
44 0.092592 0.087693 0.082968 0.078283 0.07363 0.068983 0.064342 0.059717 0.055262 0.050806 0.046467 0.042244 0.038021 0.034026 0.030054 0.026191 0.022437 0.018823 0.015395 0.012064
45 0.093008 0.088031 0.083247 0.078531 0.073866 0.069211 0.064567 0.05993 0.055369 0.050808 0.0464 0.042145 0.03789 0.033869 0.02987 0.025968 0.022163 0.018482 0.014968 0.011678
46 0.093319 0.088465 0.083583 0.078774 0.074019 0.069333 0.064716 0.0601 0.055497 0.050893 0.046428 0.0421 0.037772 0.033713 0.02968 0.025733 0.021872 0.01814 0.01458 0.011284
47 0.093519 0.088864 0.083902 0.079013 0.074178 0.069458 0.064851 0.060242 0.055606 0.050969 0.046454 0.042062 0.03767 0.033573 0.029504 0.025516 0.021611 0.017837 0.014238 0.010934
48 0.094236 0.089063 0.084177 0.079286 0.074391 0.0696 0.06491 0.060228 0.055615 0.051003 0.046474 0.04203 0.037585 0.033426 0.029293 0.025266 0.021344 0.01755 0.013929 0.010594
49 0.094293 0.089313 0.084465 0.079569 0.074635 0.069785 0.065017 0.060263 0.055663 0.051063 0.046517 0.042023 0.03753 0.033321 0.029141 0.025074 0.02112 0.017294 0.013636 0.010277
50 0.094483 0.089498 0.084579 0.079692 0.074831 0.069981 0.065143 0.060326 0.055723 0.05112 0.046552 0.042019 0.037486 0.033266 0.029075 0.024968 0.020944 0.017046 0.013318 0.0099497
51 0.09457 0.08969 0.084722 0.079832 0.074999 0.070144 0.065266 0.060411 0.055793 0.051175 0.046586 0.042026 0.037465 0.033213 0.02899 0.024842 0.020769 0.016821 0.013041 0.0096439
52 0.094637 0.089767 0.084845 0.079944 0.075057 0.070198 0.065367 0.060551 0.0559 0.051248 0.046641 0.042079 0.037516 0.033197 0.028901 0.024706 0.020611 0.016638 0.012829 0.0093673
53 0.09488 0.089874 0.084965 0.080054 0.075141 0.070278 0.065465 0.060662 0.05598 0.051297 0.046669 0.042094 0.037519 0.033149 0.028799 0.024565 0.020447 0.01645 0.012615 0.0090969
54 0.095038 0.089958 0.085023 0.080125 0.075256 0.070406 0.065577 0.060758 0.056055 0.051352 0.046702 0.042103 0.037504 0.033103 0.028721 0.024457 0.02031 0.016284 0.012419 0.0088479
55 0.094982 0.090028 0.085091 0.080199 0.075341 0.070502 0.065684 0.060872 0.056138 0.051405 0.046736 0.042132 0.037529 0.033099 0.028685 0.024385 0.020196 0.016131 0.01223 0.0086364
56 0.094923 0.089992 0.085105 0.080226 0.075351 0.070532 0.065766 0.061 0.056229 0.051458 0.046779 0.042191 0.037604 0.033146 0.028701 0.024358 0.020116 0.016002 0.012058 0.0084604
57 0.094831 0.089953 0.0851 0.080249 0.0754 0.070601 0.065853 0.061102 0.056321 0.051539 0.046851 0.042256 0.037661 0.03317 0.028688 0.02431 0.020035 0.015886 0.011903 0.0082897
58 0.094702 0.089827 0.085011 0.080221 0.075452 0.070692 0.06594 0.061188 0.056422 0.051657 0.046966 0.04235 0.037734 0.033205 0.028684 0.024274 0.019976 0.015795 0.011771 0.0081344
59 0.094601 0.089746 0.084988 0.080237 0.07549 0.070749 0.066012 0.061274 0.056517 0.051761 0.04706 0.042413 0.037766 0.03321 0.028663 0.02424 0.01994 0.01573 0.011639 0.0079627
60 0.094437 0.089617 0.084953 0.08024 0.075492 0.070768 0.066069 0.061366 0.056623 0.051879 0.047168 0.042489 0.037811 0.033233 0.028665 0.024233 0.019938 0.015696 0.011525 0.0077995
61 0.094297 0.089524 0.084906 0.08023 0.075509 0.070809 0.06613 0.061446 0.056709 0.051971 0.047254 0.042558 0.037863 0.033269 0.028686 0.024231 0.019906 0.01563 0.011421 0.0076496
62 0.094033 0.089389 0.084809 0.080181 0.075516 0.070855 0.066197 0.061533 0.056805 0.052076 0.047358 0.042652 0.037946 0.033338 0.028739 0.024257 0.019891 0.015577 0.011333 0.0075121
63 0.09384 0.089217 0.084719 0.080153 0.075536 0.0709 0.066245 0.061584 0.056866 0.052148 0.047437 0.042733 0.03803 0.033408 0.028794 0.024285 0.01988 0.01554 0.011288 0.0073971
64 0.093508 0.088984 0.084602 0.080116 0.075554 0.070947 0.066296 0.06164 0.056938 0.052236 0.047536 0.042839 0.038142 0.033506 0.028876 0.024337 0.019888 0.015517 0.011251 0.0072869
65 0.093318 0.088817 0.084484 0.080056 0.075555 0.070975 0.066318 0.06166 0.057 0.05234 0.047656 0.042948 0.03824 0.033589 0.028944 0.024381 0.019901 0.01549 0.011173 0.0071549
66 0.092935 0.088633 0.084345 0.079978 0.075552 0.071009 0.066349 0.061694 0.057084 0.052474 0.047808 0.043085 0.038363 0.033695 0.029033 0.024443 0.019925 0.01547 0.0111 0.0070248
67 0.092714 0.088447 0.084203 0.079875 0.075484 0.070993 0.066402 0.061809 0.057183 0.052557 0.047889 0.043178 0.038468 0.033799 0.029134 0.024517 0.019947 0.015449 0.011044 0.0069081
68 0.09239 0.08824 0.08405 0.079768 0.075416 0.070983 0.066469 0.061943 0.057302 0.052661 0.047988 0.043284 0.038579 0.033906 0.029235 0.024592 0.019978 0.015435 0.010989 0.0067933
69 0.092163 0.088015 0.08383 0.079577 0.075272 0.070907 0.066479 0.062035 0.057423 0.05281 0.048144 0.043424 0.038704 0.03402 0.029339 0.024682 0.02005 0.015469 0.010955 0.0067021
70 0.091809 0.087829 0.083646 0.079421 0.075166 0.070863 0.066513 0.062141 0.057549 0.052957 0.048293 0.043556 0.03882 0.034125 0.029434 0.024762 0.02011 0.015491 0.010915 0.0066005
71 0.091482 0.087591 0.083535 0.079381 0.075152 0.070874 0.066545 0.062194 0.057612 0.053031 0.048376 0.043647 0.038918 0.034223 0.029532 0.024848 0.020169 0.015512 0.010883 0.0064969
72 0.091028 0.087339 0.083405 0.079317 0.075114 0.070859 0.066553 0.062226 0.057673 0.05312 0.048481 0.043757 0.039032 0.034339 0.029648 0.024953 0.020252 0.015562 0.010885 0.0064577
73 0.090654 0.087014 0.083121 0.079081 0.074931 0.070729 0.066474 0.0622 0.057739 0.053277 0.048679 0.043944 0.039209 0.034512 0.029818 0.02511 0.020389 0.015667 0.010946 0.0065054
74 0.090131 0.08671 0.082862 0.078876 0.074785 0.07064 0.066441 0.062225 0.05783 0.053434 0.048868 0.044133 0.039398 0.034693 0.02999 0.025256 0.02049 0.015736 0.010997 0.0065047
75 0.089721 0.086252 0.082523 0.078644 0.074651 0.070595 0.066476 0.062334 0.057952 0.053569 0.049023 0.044315 0.039607 0.034892 0.030177 0.025403 0.020569 0.015779 0.01105 0.0064696
76 0.089401 0.085814 0.0822 0.078426 0.07453 0.070556 0.066503 0.062422 0.058048 0.053674 0.049148 0.044471 0.039793 0.035072 0.030346 0.025551 0.020686 0.015856 0.011073 0.0064313
77 0.088945 0.085489 0.081953 0.078259 0.074446 0.070531 0.066515 0.062468 0.058103 0.053739 0.049239 0.044602 0.039964 0.035241 0.03051 0.02571 0.020842 0.015968 0.011084 0.0063924
78 0.088415 0.085179 0.081727 0.078116 0.074386 0.070536 0.066564 0.062557 0.058184 0.053812 0.049332 0.044744 0.040156 0.03542 0.03067 0.025839 0.020926 0.016006 0.011076 0.0063569
79 0.088033 0.084797 0.081454 0.077942 0.074304 0.070531 0.066624 0.062674 0.058277 0.05388 0.049419 0.044894 0.040369 0.035615 0.030839 0.025962 0.020984 0.016016 0.011064 0.006323
80 0.087523 0.08438 0.081181 0.077757 0.074166 0.070457 0.066629 0.062753 0.058375 0.053997 0.049567 0.045084 0.040602 0.035829 0.031029 0.026125 0.021117 0.016102 0.011079 0.0062457
81 0.086931 0.083997 0.080976 0.077611 0.073988 0.07031 0.066578 0.062793 0.05847 0.054146 0.049756 0.0453 0.040845 0.036051 0.031226 0.026299 0.021271 0.016207 0.011094 0.0061504
82 0.086469 0.083584 0.08066 0.077364 0.073789 0.070179 0.066533 0.062834 0.058587 0.054341 0.049993 0.045543 0.041094 0.036269 0.031409 0.026453 0.021403 0.016291 0.011099 0.0061069
83 0.086067 0.083216 0.080258 0.077024 0.073582 0.070077 0.066507 0.062885 0.058723 0.05456 0.050252 0.045797 0.041342 0.036481 0.031582 0.026597 0.021526 0.016369 0.011097 0.006058
84 0.085773 0.082696 0.079798 0.076682 0.073405 0.070001 0.066472 0.062895 0.058823 0.054752 0.050491 0.046041 0.041591 0.036706 0.031779 0.02676 0.021648 0.016463 0.011182 0.0060401
85 0.084837 0.082132 0.079384 0.076431 0.073325 0.070012 0.066493 0.062933 0.058953 0.054973 0.050761 0.046316 0.041871 0.036958 0.032 0.026944 0.021791 0.016575 0.011275 0.0060378
86 0.084402 0.081571 0.078906 0.076039 0.07302 0.069813 0.066418 0.062979 0.059079 0.055179 0.051001 0.046545 0.04209 0.037206 0.032281 0.027224 0.022035 0.016753 0.011346 0.0061136
87 0.083667 0.081182 0.078509 0.075651 0.072655 0.069548 0.06633 0.063058 0.059231 0.055404 0.051254 0.046782 0.04231 0.037462 0.032577 0.027521 0.022294 0.016946 0.011436 0.0061833
88 0.082712 0.080676 0.078053 0.075309 0.072474 0.06948 0.066327 0.063117 0.059321 0.055525 0.051427 0.047025 0.042623 0.037779 0.032893 0.027811 0.022534 0.017133 0.011568 0.0062127
89 0.082082 0.080115 0.07756 0.074965 0.07234 0.069464 0.066337 0.063152 0.059373 0.055594 0.051546 0.047231 0.042915 0.038078 0.033191 0.028085 0.022759 0.01731 0.011698 0.0062076
90 0.081325 0.079688 0.077253 0.074721 0.072116 0.069292 0.066249 0.06315 0.05947 0.055789 0.051803 0.047512 0.043221 0.038355 0.033433 0.028292 0.02293 0.01745 0.011814 0.0061348
91 0.080157 0.079366 0.07705 0.074538 0.071877 0.069076 0.066134 0.063137 0.059566 0.055995 0.052074 0.047803 0.043532 0.038656 0.033721 0.028546 0.02313 0.017603 0.011927 0.0061141
92 0.079822 0.078911 0.076705 0.074299 0.071741 0.069009 0.066104 0.063144 0.059622 0.0561 0.052198 0.047915 0.043633 0.038835 0.033987 0.028812 0.02331 0.017714 0.011993 0.006146
93 0.079836 0.078363 0.076262 0.073976 0.07155 0.068901 0.066029 0.063105 0.059652 0.0562 0.052339 0.048071 0.043803 0.039041 0.03423 0.029043 0.023478 0.017837 0.012096 0.0061876
94 0.079261 0.077999 0.075764 0.073582 0.071438 0.068952 0.066123 0.06324 0.059804 0.056368 0.052539 0.048317 0.044095 0.039244 0.034331 0.029094 0.023533 0.017907 0.012194 0.0062153
95 0.079154 0.07757 0.075103 0.073001 0.071174 0.068873 0.066099 0.063271 0.059885 0.0565 0.052725 0.048561 0.044396 0.039495 0.034521 0.029259 0.023708 0.018079 0.012347 0.006278
96 0.078084 0.076845 0.074864 0.072881 0.070897 0.068584 0.065944 0.063248 0.059977 0.056706 0.053001 0.048864 0.044726 0.039812 0.034822 0.029548 0.023989 0.018327 0.012528 0.0063536
97 0.07724 0.075953 0.074585 0.072772 0.070623 0.068306 0.06582 0.063272 0.06008 0.056888 0.053242 0.049142 0.045042 0.040147 0.035175 0.029904 0.024335 0.018587 0.012602 0.0062895
98 0.076659 0.075591 0.074308 0.072663 0.070747 0.068513 0.065963 0.063348 0.060068 0.056788 0.05314 0.049125 0.04511 0.040297 0.035407 0.030181 0.024621 0.018779 0.012562 0.006129
99 0.075616 0.075187 0.073831 0.072316 0.07068 0.068567 0.065975 0.063324 0.060058 0.056791 0.053205 0.049298 0.045392 0.040613 0.035751 0.030502 0.024867 0.018982 0.012764 0.006281
100 0.074753 0.074516 0.073352 0.071999 0.070504 0.068454 0.065847 0.063195 0.060084 0.056973 0.053493 0.049643 0.045794 0.040981 0.036075 0.030751 0.025008 0.019105 0.012989 0.0064831
101 0.073872 0.073445 0.072502 0.071373 0.070103 0.068194 0.065645 0.063064 0.060142 0.057221 0.053859 0.050056 0.046253 0.041436 0.036521 0.031174 0.025395 0.019485 0.013401 0.0068599
102 0.072703 0.072921 0.071674 0.070615 0.069697 0.068012 0.065559 0.063076 0.060287 0.057498 0.054201 0.050396 0.046592 0.04178 0.03687 0.031522 0.025736 0.01984 0.013797 0.0072247
103 0.071999 0.072571 0.071045 0.070047 0.069445 0.067973 0.065628 0.063248 0.060497 0.057746 0.054479 0.050697 0.046914 0.042018 0.037013 0.031682 0.026024 0.020081 0.013758 0.0071369
104 0.07211 0.072402 0.070919 0.069886 0.069191 0.067747 0.065554 0.063308 0.060517 0.057726 0.054485 0.050795 0.047104 0.042121 0.037013 0.03173 0.026274 0.020331 0.013739 0.0070463
105 0.072012 0.071685 0.070211 0.069229 0.068619 0.067335 0.065379 0.06335 0.060574 0.057797 0.054605 0.050997 0.04739 0.042531 0.037551 0.032215 0.026524 0.020585 0.014315 0.007096
106 0.071706 0.071144 0.069297 0.068393 0.068196 0.067212 0.065443 0.06358 0.060757 0.057935 0.054733 0.051152 0.047571 0.042864 0.038049 0.032666 0.026717 0.020736 0.014711 0.007139
107 0.071262 0.070545 0.068446 0.067599 0.067693 0.066926 0.065297 0.063586 0.061023 0.05846 0.055346 0.05168 0.048014 0.043173 0.038219 0.032864 0.027109 0.021022 0.014492 0.0072439
108 0.070615 0.070577 0.068343 0.067318 0.067202 0.066359 0.06479 0.063174 0.061068 0.058962 0.055989 0.052148 0.048308 0.043331 0.038244 0.032955 0.027464 0.021346 0.014393 0.007414
109 0.070693 0.069916 0.067679 0.066598 0.066386 0.065591 0.064212 0.062792 0.06095 0.059108 0.056293 0.052503 0.048714 0.043777 0.03873 0.033498 0.028083 0.021929 0.014794 0.0077523
110 0.070626 0.068849 0.066897 0.06594 0.065729 0.065033 0.063849 0.06262 0.060915 0.05921 0.056508 0.052808 0.049109 0.044213 0.039202 0.034028 0.028691 0.022515 0.015223 0.0080339
111 0.070384 0.067806 0.066119 0.065269 0.065046 0.064531 0.063724 0.062838 0.061144 0.05945 0.0568 0.053193 0.049586 0.0446 0.039481 0.034297 0.029049 0.022913 0.015594 0.0081765
112 0.070021 0.067751 0.065888 0.064841 0.064408 0.06399 0.063586 0.063058 0.061257 0.059457 0.056809 0.053313 0.049817 0.044845 0.039731 0.034543 0.029281 0.023164 0.015909 0.0083312
113 0.069501 0.067401 0.065718 0.064523 0.063694 0.063193 0.063021 0.062719 0.061086 0.059453 0.056948 0.053569 0.050191 0.045454 0.040585 0.0353 0.029598 0.023303 0.016217 0.0085267
114 0.069154 0.066692 0.065723 0.064444 0.062933 0.062177 0.062176 0.062054 0.060688 0.059322 0.057049 0.053868 0.050688 0.04611 0.041396 0.036064 0.030112 0.023729 0.01677 0.0088505
115 0.068979 0.065561 0.064841 0.063578 0.061906 0.061317 0.061811 0.062142 0.060791 0.059439 0.057313 0.054413 0.051512 0.046728 0.041762 0.036379 0.030581 0.024315 0.017425 0.0092074
