1 0 0 0 0 0 0 0 0 0 0 0 0 0 0 0 0 0 0 0 0
2 0 0 0 0 0 0 0 0 0 0 0 0 0 0 0 0 0 0 0 0
3 0 0 0 0 0 0 0 0 0 0 0 0 0 0 0 0 0 0 0 0
4 0 0 0 0 0 0 0 0 0 0 0 0 0 0 0 0 0 0 0 0
5 0 0 0 0 0 0 0 0 0 0 0 0 0 0 0 0 0 0 0 0
6 0 0 0 0 0 0 0 0 0 0 0 0 0 0 0 0 0 0 0 0
7 0 0 0 0 0 0 0 0 0 0 0 0 0 0 0 0 0 0 0 0
8 0 0 0 0 0 0 0 0 0 0 0 0 0 0 0 0 0 0 0 0
9 0 0 0 0 0 0 0 0 0 0 0 0 0 0 0 0 0 0 0 0
10 0 0 0 0 0 0 0 0 0 0 0 0 0 0 0 0 0 0 0 0
11 0 0 0 0 0 0 0 0 0 0 0 0 0 0 0 0 0 0 0 0
12 0 0 0 0 0 0 0 0 0 0 0 0 0 0 0 0 0 0 0 0
13 0 0 0 0 0 0 0 0 0 0 0 0 0 0 0 0 0 0 0 0
14 0 0 0 0 0 0 0 0 0 0 0 0 0 0 0 0 0 0 0 0
15 0 0 0 0 0 0 0 0 0 0 0 0 0 0 0 0 0 0 0 0
16 0 0 0 0 0 0 0 0 0 0 0 0 0 0 0 0 0 0 0 0
17 0 0 0 0 0 0 0 0 0 0 0 0 0 0 0 0 0 0 0 0
18 0 0 0 0 0 0 0 0 0 0 0 0 0 0 0 0 0 0 0 0
19 0 0 0 0 0 0 0 0 0 0 0 0 0 0 0 0 0 0 0 0
20 0 0 0 0 0 0 0 0 0 0 0 0 0 0 0 0 0 0 0 0
21 0 0 0 0 0 0 0 0 0 0 0 0 0 0 0 0 0 0 0 0
22 0 0 0 0 0 0 0 0 0 0 0 0 0 0 0 0 0 0 0 0
23 0 0 0 0 0 0 0 0 0 0 0 0 0 0 0 0 0 0 0 0
24 0 0 0 0 0 0 0 0 0 0 0 0 0 0 0 0 0 0 0 0
25 0 0 0 0 0 0 0 0 0 0 0 0 0 0 0 0 0 0 0 0
26 0 0 0 0 0 0 0 0 0 0 0 0 0 0 0 0 0 0 0 0
27 0 0 0 0 0 0 0 0 0 0 0 0 0 0 0 0 0 0 0 0
28 0 0 0 0 0 0 0 0 0 0 0 0 0 0 0 0 0 0 0 0
29 0 0 0 0 0 0 0 0 0 0 0 0 0 0 0 0 0 0 0 0
30 0.069378 0.059721 0.05684 0.055669 0.055781 0.056149 0.056773 0.057248 0.056186 0.055124 0.053442 0.05114 0.048837 0.046412 0.043975 0.041343 0.038517 0.036346 0.035048 0.026072
31 0.074125 0.068519 0.065232 0.062792 0.060988 0.059542 0.058454 0.057244 0.05478 0.052316 0.049654 0.046794 0.043935 0.04147 0.039043 0.037249 0.036089 0.03378 0.029942 0.028052
32 0.076244 0.071733 0.068523 0.066053 0.064141 0.061716 0.058778 0.055885 0.053449 0.051012 0.048363 0.045499 0.042636 0.040356 0.038132 0.036004 0.033971 0.031598 0.028774 0.027133
33 0.075343 0.072939 0.070115 0.067047 0.063794 0.06093 0.058455 0.055968 0.053349 0.050731 0.048161 0.045641 0.04312 0.040779 0.038456 0.035985 0.033366 0.030857 0.028494 0.026468
34 0.075598 0.0729 0.070153 0.067198 0.064086 0.061158 0.058412 0.055692 0.053237 0.050782 0.048273 0.045711 0.043149 0.040663 0.038185 0.035759 0.033388 0.030989 0.028556 0.02611
35 0.077214 0.073828 0.070702 0.067572 0.064439 0.061458 0.058629 0.055815 0.053151 0.050487 0.047845 0.045225 0.042605 0.040158 0.037727 0.035332 0.032974 0.030632 0.028312 0.025895
36 0.077715 0.074356 0.07109 0.068092 0.065296 0.062295 0.059091 0.055927 0.053182 0.050437 0.047688 0.044936 0.042183 0.039715 0.037274 0.034821 0.032356 0.030025 0.02787 0.025652
37 0.078671 0.07535 0.071718 0.068337 0.065146 0.062086 0.059158 0.056233 0.053338 0.050443 0.047628 0.044893 0.042158 0.039516 0.036882 0.03435 0.03192 0.029582 0.027365 0.025225
38 0.078967 0.075612 0.072338 0.069079 0.06583 0.062617 0.059439 0.05628 0.053324 0.050368 0.047492 0.044697 0.041902 0.039228 0.036565 0.034008 0.031557 0.029166 0.026857 0.024674
39 0.079736 0.07629 0.07285 0.069471 0.066137 0.062843 0.059588 0.056353 0.053327 0.050302 0.047381 0.044566 0.04175 0.038997 0.036251 0.033634 0.031148 0.028733 0.026412 0.024232
40 0.088796 0.08555 0.080433 0.075746 0.07138 0.06716 0.063085 0.058999 0.0548 0.050601 0.046553 0.042656 0.038758 0.035205 0.031685 0.028233 0.024849 0.021599 0.018526 0.015384
41 0.088909 0.085042 0.080711 0.076253 0.071699 0.067433 0.063455 0.059455 0.055219 0.050983 0.046842 0.042797 0.038751 0.035039 0.031359 0.027827 0.024443 0.021124 0.017894 0.014765
42 0.089503 0.085724 0.081271 0.07677 0.072234 0.067873 0.063687 0.059497 0.055259 0.05102 0.046854 0.042761 0.038668 0.034838 0.031034 0.027384 0.023888 0.020489 0.01722 0.014027
43 0.090883 0.086431 0.081716 0.07713 0.072642 0.068197 0.063795 0.059408 0.055175 0.050942 0.046769 0.042655 0.038542 0.034627 0.03073 0.026985 0.023391 0.019931 0.016649 0.013402
44 0.091622 0.086918 0.082218 0.077597 0.073035 0.068488 0.063956 0.059444 0.055156 0.050868 0.046647 0.042493 0.03834 0.034395 0.03047 0.026682 0.02303 0.019526 0.01622 0.012896
45 0.09211 0.087315 0.082653 0.078006 0.073371 0.068735 0.0641 0.059491 0.055152 0.050812 0.046548 0.042359 0.03817 0.034203 0.030258 0.026436 0.022738 0.019197 0.015864 0.012483
46 0.092593 0.087712 0.082984 0.078299 0.073647 0.069001 0.064361 0.059736 0.055273 0.05081 0.046466 0.042241 0.038016 0.034019 0.030045 0.026178 0.02242 0.0188 0.015364 0.012036
47 0.092997 0.088059 0.08327 0.078549 0.073878 0.069221 0.06458 0.059945 0.055382 0.050818 0.046406 0.042146 0.037885 0.033861 0.02986 0.025954 0.022143 0.018458 0.01494 0.011649
48 0.093341 0.088484 0.083598 0.078784 0.074025 0.069339 0.064725 0.060112 0.055506 0.050901 0.046432 0.042099 0.037767 0.033706 0.029671 0.025721 0.021856 0.018119 0.014555 0.011259
49 0.093551 0.088873 0.083919 0.079031 0.074193 0.069468 0.064857 0.060243 0.055609 0.050974 0.046459 0.042063 0.037667 0.033565 0.029491 0.025501 0.021593 0.017817 0.014216 0.010909
50 0.094229 0.089074 0.084194 0.079304 0.074407 0.069611 0.064918 0.060231 0.05562 0.05101 0.046481 0.042033 0.037585 0.033421 0.029284 0.025253 0.021329 0.017534 0.013911 0.010572
51 0.094299 0.089321 0.084469 0.079574 0.074648 0.069798 0.065026 0.060269 0.055669 0.05107 0.046522 0.042026 0.03753 0.03332 0.029139 0.025069 0.021109 0.017277 0.013613 0.010253
52 0.094469 0.089506 0.084583 0.079699 0.074843 0.069995 0.065153 0.060333 0.05573 0.051127 0.046558 0.042023 0.037487 0.033265 0.029074 0.024964 0.020934 0.017032 0.013297 0.009928
53 0.094578 0.089689 0.084726 0.079836 0.075001 0.070147 0.065273 0.060422 0.055802 0.051182 0.046592 0.042032 0.037471 0.033214 0.028986 0.024834 0.020758 0.016808 0.013026 0.0096234
54 0.09463 0.089768 0.08485 0.079949 0.07506 0.070201 0.065374 0.060562 0.055908 0.051255 0.046647 0.042085 0.037523 0.033199 0.028898 0.024699 0.020602 0.016627 0.012816 0.0093485
55 0.094903 0.089874 0.084964 0.080055 0.075147 0.070286 0.065472 0.060669 0.055986 0.051302 0.046672 0.042095 0.037519 0.033147 0.028795 0.024558 0.020438 0.016439 0.012601 0.0090784
56 0.095019 0.089962 0.085026 0.08013 0.075264 0.070417 0.065586 0.060767 0.056063 0.051359 0.046707 0.042106 0.037506 0.033103 0.028719 0.024452 0.020302 0.016274 0.012407 0.0088307
57 0.094985 0.090021 0.085088 0.080198 0.075339 0.070503 0.065689 0.060881 0.056145 0.051409 0.04674 0.042138 0.037535 0.033103 0.028688 0.024384 0.020191 0.016122 0.012218 0.0086234
58 0.094902 0.089988 0.085105 0.080227 0.075352 0.070534 0.065773 0.06101 0.056237 0.051464 0.046784 0.042198 0.037611 0.033152 0.028704 0.024358 0.020112 0.015994 0.012047 0.0084482
59 0.094827 0.089942 0.085091 0.080245 0.075402 0.070607 0.065859 0.061108 0.056328 0.051548 0.04686 0.042264 0.037668 0.033173 0.028688 0.024308 0.020031 0.015879 0.011893 0.0082781
60 0.09467 0.089818 0.085005 0.08022 0.075456 0.070699 0.065948 0.061195 0.056431 0.051667 0.046976 0.042359 0.037741 0.033209 0.028685 0.024273 0.019973 0.015789 0.011762 0.0081235
61 0.094589 0.089736 0.084985 0.080237 0.07549 0.07075 0.066016 0.06128 0.056525 0.05177 0.047068 0.042419 0.03777 0.033212 0.028664 0.02424 0.01994 0.015728 0.011631 0.0079504
62 0.094414 0.089608 0.084951 0.080241 0.075492 0.07077 0.066074 0.061374 0.056631 0.051888 0.047176 0.042496 0.037815 0.033235 0.028666 0.024233 0.019938 0.015694 0.011517 0.0077874
63 0.094297 0.089513 0.084898 0.080225 0.075508 0.070811 0.066134 0.061451 0.056714 0.051977 0.04726 0.042564 0.037868 0.033274 0.028689 0.024233 0.019904 0.015626 0.011414 0.0076389
64 0.094012 0.089381 0.084803 0.080178 0.075517 0.070859 0.066202 0.06154 0.056812 0.052083 0.047366 0.042659 0.037952 0.033343 0.028743 0.024259 0.019889 0.015573 0.011326 0.007501
65 0.093829 0.089202 0.084712 0.080151 0.075537 0.070903 0.066248 0.061587 0.05687 0.052153 0.047443 0.04274 0.038036 0.033414 0.028799 0.024288 0.01988 0.015538 0.011285 0.0073886
66 0.093486 0.088976 0.0846 0.08012 0.075561 0.070955 0.066304 0.061648 0.056947 0.052245 0.047545 0.042845 0.038146 0.033507 0.028874 0.024332 0.019882 0.01551 0.011242 0.0072744
67 0.093302 0.088807 0.084477 0.080051 0.075555 0.070977 0.066319 0.061661 0.057004 0.052348 0.047665 0.042956 0.038248 0.033596 0.028949 0.024384 0.019902 0.015488 0.011167 0.0071445
68 0.092915 0.088635 0.084349 0.079985 0.075562 0.07102 0.066357 0.061699 0.057086 0.052472 0.047805 0.043084 0.038363 0.033696 0.029034 0.024443 0.019922 0.015465 0.011093 0.0070143
69 0.092707 0.088436 0.084195 0.079869 0.075479 0.070992 0.066406 0.061817 0.05719 0.052563 0.047894 0.043184 0.038474 0.033805 0.02914 0.024521 0.019948 0.015446 0.011038 0.0068982
70 0.092382 0.088243 0.08405 0.079764 0.075408 0.070976 0.066466 0.061945 0.057306 0.052667 0.047994 0.043289 0.038583 0.033909 0.029238 0.024595 0.019979 0.015435 0.010984 0.0067851
71 0.092146 0.088005 0.083819 0.079567 0.075265 0.070903 0.06648 0.062041 0.057431 0.05282 0.048154 0.043432 0.038711 0.034026 0.029344 0.024687 0.020054 0.01547 0.010951 0.006694
72 0.091807 0.08782 0.083643 0.079422 0.075167 0.070865 0.066515 0.062143 0.057551 0.052959 0.048295 0.043559 0.038823 0.034128 0.029437 0.024765 0.020111 0.01549 0.01091 0.0065915
73 0.091462 0.087582 0.083534 0.079383 0.075155 0.070876 0.066548 0.062197 0.057616 0.053034 0.048379 0.04365 0.038922 0.034227 0.029536 0.024851 0.020171 0.015511 0.010878 0.0064874
74 0.091012 0.087326 0.083393 0.079306 0.075104 0.070852 0.066548 0.062223 0.057676 0.053128 0.048492 0.043766 0.03904 0.034347 0.029656 0.02496 0.020258 0.015567 0.010887 0.0064598
75 0.090633 0.087 0.083108 0.07907 0.074922 0.070722 0.066469 0.062198 0.057742 0.053286 0.04869 0.043954 0.039218 0.034521 0.029827 0.025118 0.020396 0.015672 0.010948 0.0065076
76 0.090121 0.08669 0.082847 0.078866 0.074779 0.070639 0.066444 0.062231 0.057835 0.053439 0.048875 0.044141 0.039407 0.034701 0.029998 0.025262 0.020492 0.015736 0.010998 0.0065003
77 0.089702 0.086231 0.082508 0.078633 0.074645 0.070594 0.066479 0.062341 0.057958 0.053575 0.04903 0.044324 0.039617 0.034902 0.030186 0.025409 0.02057 0.015779 0.011051 0.0064649
78 0.089391 0.085804 0.082193 0.078421 0.074528 0.070556 0.066504 0.062424 0.058049 0.053674 0.049149 0.044474 0.039799 0.035077 0.030352 0.025556 0.020692 0.01586 0.01107 0.0064264
79 0.088923 0.08548 0.081946 0.078254 0.074445 0.070532 0.066516 0.06247 0.058105 0.05374 0.049241 0.044606 0.039971 0.035248 0.030516 0.025717 0.020849 0.015972 0.011081 0.0063872
80 0.088404 0.085169 0.08172 0.078113 0.074386 0.070538 0.066569 0.062563 0.058188 0.053812 0.049333 0.044748 0.040164 0.035427 0.030675 0.025841 0.020924 0.016002 0.011072 0.0063522
81 0.088028 0.084785 0.081446 0.077938 0.074303 0.070533 0.066629 0.062681 0.058281 0.053881 0.04942 0.044899 0.040377 0.035622 0.030844 0.025964 0.020982 0.016012 0.011059 0.0063178
82 0.087505 0.084371 0.081179 0.077756 0.07416 0.070451 0.066627 0.062754 0.058378 0.054002 0.049574 0.045092 0.040611 0.035837 0.031035 0.02613 0.021121 0.016104 0.011075 0.0062362
83 0.086924 0.083985 0.080973 0.077608 0.07398 0.070302 0.066574 0.062793 0.058472 0.054151 0.049763 0.045308 0.040854 0.036059 0.031232 0.026304 0.021275 0.016209 0.011091 0.0061429
84 0.086457 0.083577 0.080648 0.077352 0.073783 0.070176 0.066532 0.062836 0.058594 0.054351 0.050004 0.045554 0.041103 0.036276 0.031412 0.026455 0.021404 0.016291 0.011094 0.0061005
85 0.086083 0.083205 0.08024 0.077007 0.073572 0.070071 0.066504 0.062885 0.058727 0.054569 0.050262 0.045806 0.04135 0.036487 0.031585 0.026598 0.021527 0.01637 0.011099 0.0060544
86 0.085739 0.082679 0.079786 0.076677 0.073406 0.070005 0.066474 0.062895 0.058828 0.054761 0.050502 0.046052 0.041601 0.036714 0.031785 0.026763 0.021649 0.016464 0.011184 0.0060356
87 0.084835 0.082104 0.079362 0.076417 0.073319 0.07001 0.066488 0.062927 0.058952 0.054978 0.050768 0.046322 0.041877 0.036968 0.032013 0.026958 0.021803 0.016582 0.011276 0.006041
88 0.084397 0.081564 0.078894 0.076024 0.073003 0.069799 0.066412 0.062981 0.059084 0.055187 0.051009 0.046551 0.042094 0.037212 0.03229 0.027234 0.022044 0.016758 0.011345 0.0061161
89 0.08363 0.081171 0.078493 0.075633 0.072634 0.069531 0.066322 0.063059 0.059235 0.055411 0.051265 0.046796 0.042328 0.037479 0.032593 0.027536 0.022306 0.016955 0.011441 0.0061832
90 0.082695 0.080661 0.078038 0.075299 0.072474 0.069483 0.066328 0.063117 0.05932 0.055523 0.051426 0.047029 0.042631 0.037789 0.032903 0.02782 0.022541 0.017138 0.011572 0.006211
91 0.082065 0.080094 0.077539 0.07495 0.072335 0.069463 0.066335 0.06315 0.059377 0.055604 0.051559 0.047244 0.042928 0.038089 0.0332 0.028091 0.022763 0.017313 0.011701 0.0061994
92 0.0813 0.079689 0.077257 0.074721 0.072109 0.069283 0.066243 0.063147 0.059471 0.055795 0.051812 0.047521 0.043231 0.038363 0.033439 0.028295 0.022932 0.017452 0.011816 0.006125
93 0.080155 0.07936 0.077047 0.074531 0.071862 0.069062 0.066129 0.06314 0.059571 0.056001 0.052079 0.047806 0.043532 0.03866 0.033731 0.028556 0.023134 0.017604 0.011927 0.0061134
94 0.079862 0.078904 0.076699 0.074295 0.071741 0.06901 0.066102 0.06314 0.059619 0.056098 0.052195 0.04791 0.043625 0.038833 0.033992 0.028818 0.023311 0.017712 0.01199 0.0061442
95 0.079829 0.078337 0.076239 0.073959 0.071544 0.068904 0.066038 0.063121 0.059666 0.056211 0.05235 0.048083 0.043816 0.039046 0.034228 0.029037 0.023473 0.017835 0.012097 0.0061864
96 0.07927 0.078007 0.075753 0.07357 0.07144 0.06896 0.06613 0.063246 0.059808 0.05637 0.052541 0.048322 0.044102 0.039243 0.034323 0.029083 0.023524 0.017901 0.012194 0.006213
97 0.079177 0.077555 0.075067 0.072967 0.071156 0.068866 0.066096 0.063271 0.05989 0.056508 0.052735 0.048571 0.044407 0.039504 0.034529 0.029267 0.023716 0.018087 0.012353 0.0062794
98 0.077998 0.076827 0.074875 0.072894 0.070893 0.068574 0.065938 0.063247 0.05998 0.056714 0.053013 0.048875 0.044738 0.039822 0.034831 0.029557 0.023999 0.018336 0.012534 0.0063552
99 0.077231 0.075906 0.074577 0.072786 0.070648 0.068333 0.065838 0.063282 0.060081 0.05688 0.053231 0.049134 0.045037 0.040146 0.035179 0.029911 0.024343 0.018591 0.012592 0.0062741
100 0.076658 0.07561 0.074316 0.072673 0.070767 0.068534 0.065975 0.063351 0.060061 0.056771 0.053121 0.04911 0.045099 0.040291 0.035407 0.030186 0.024628 0.018781 0.01255 0.0061109
101 0.07556 0.075178 0.073828 0.072317 0.070685 0.06857 0.065973 0.063317 0.060057 0.056797 0.053214 0.049309 0.045404 0.040623 0.035758 0.030504 0.024863 0.018979 0.012772 0.0062908
102 0.074751 0.0745 0.073342 0.071994 0.070503 0.068452 0.065839 0.063183 0.060079 0.056976 0.0535 0.049653 0.045806 0.04099 0.036081 0.030752 0.025003 0.019101 0.012996 0.0064991
103 0.073834 0.073441 0.072476 0.071346 0.07009 0.068189 0.065642 0.063062 0.060146 0.05723 0.053869 0.050064 0.046259 0.041442 0.036527 0.031181 0.025403 0.019497 0.013419 0.0068824
104 0.072676 0.072921 0.071648 0.070588 0.069688 0.068012 0.06556 0.063079 0.060296 0.057512 0.054217 0.05041 0.046603 0.041791 0.036881 0.031534 0.025748 0.019844 0.013782 0.0072115
105 0.072042 0.072595 0.071066 0.07006 0.069448 0.067971 0.06563 0.063253 0.060495 0.057737 0.054468 0.050689 0.04691 0.042006 0.036994 0.031667 0.026024 0.020082 0.013741 0.0071224
106 0.072173 0.072421 0.070934 0.069893 0.069186 0.067738 0.065549 0.063307 0.060509 0.05771 0.054468 0.050782 0.047095 0.042105 0.036988 0.031709 0.026268 0.020343 0.013775 0.0070468
107 0.072025 0.071687 0.070186 0.069203 0.068609 0.067337 0.065387 0.063363 0.06058 0.057796 0.0546 0.050991 0.047383 0.042533 0.037564 0.032225 0.026516 0.020581 0.014344 0.0070902
108 0.071738 0.071146 0.069269 0.068363 0.068186 0.067217 0.065454 0.063597 0.060767 0.057936 0.05473 0.051148 0.047566 0.04286 0.038046 0.03267 0.026733 0.020745 0.014687 0.0071418
109 0.071264 0.070584 0.068471 0.067609 0.067685 0.066908 0.065277 0.063565 0.061025 0.058485 0.055376 0.051696 0.048017 0.043164 0.038198 0.032846 0.027111 0.02102 0.014456 0.0072429
110 0.070673 0.070592 0.068344 0.067301 0.067165 0.066311 0.06474 0.063125 0.061047 0.058969 0.056003 0.052151 0.048298 0.043332 0.038258 0.032978 0.027493 0.021375 0.014412 0.0074327
111 0.070726 0.069893 0.067663 0.066582 0.066364 0.065568 0.064195 0.06278 0.060942 0.059103 0.05629 0.052504 0.048717 0.043783 0.038738 0.033512 0.028105 0.021954 0.01481 0.007771
112 0.070675 0.068816 0.066874 0.065917 0.0657 0.065003 0.063827 0.062604 0.060903 0.059203 0.05651 0.052824 0.049138 0.044235 0.039214 0.034037 0.028706 0.022533 0.015241 0.0080394
113 0.070403 0.06784 0.066138 0.06527 0.065031 0.064516 0.063725 0.062855 0.061149 0.059444 0.05679 0.053186 0.049582 0.044589 0.039463 0.034281 0.029044 0.022916 0.015603 0.0081765
114 0.07004 0.067775 0.065894 0.064828 0.064375 0.063957 0.063574 0.063064 0.061251 0.059439 0.05679 0.053305 0.049821 0.044864 0.039764 0.03457 0.029281 0.023155 0.015916 0.0083366
115 0.069516 0.067408 0.065755 0.064548 0.063675 0.063154 0.062984 0.062686 0.061063 0.059439 0.056941 0.053567 0.050193 0.045473 0.040623 0.03533 0.029596 0.023291 0.016225 0.0085328
