1 0 0 0 0 0 0 0 0 0 0 0 0 0 0 0 0 0 0 0 0
2 0 0 0 0 0 0 0 0 0 0 0 0 0 0 0 0 0 0 0 0
3 0 0 0 0 0 0 0 0 0 0 0 0 0 0 0 0 0 0 0 0
4 0 0 0 0 0 0 0 0 0 0 0 0 0 0 0 0 0 0 0 0
5 0 0 0 0 0 0 0 0 0 0 0 0 0 0 0 0 0 0 0 0
6 0 0 0 0 0 0 0 0 0 0 0 0 0 0 0 0 0 0 0 0
7 0 0 0 0 0 0 0 0 0 0 0 0 0 0 0 0 0 0 0 0
8 0 0 0 0 0 0 0 0 0 0 0 0 0 0 0 0 0 0 0 0
9 0 0 0 0 0 0 0 0 0 0 0 0 0 0 0 0 0 0 0 0
10 0 0 0 0 0 0 0 0 0 0 0 0 0 0 0 0 0 0 0 0
11 0 0 0 0 0 0 0 0 0 0 0 0 0 0 0 0 0 0 0 0
12 0 0 0 0 0 0 0 0 0 0 0 0 0 0 0 0 0 0 0 0
13 0 0 0 0 0 0 0 0 0 0 0 0 0 0 0 0 0 0 0 0
14 0 0 0 0 0 0 0 0 0 0 0 0 0 0 0 0 0 0 0 0
15 0 0 0 0 0 0 0 0 0 0 0 0 0 0 0 0 0 0 0 0
16 0 0 0 0 0 0 0 0 0 0 0 0 0 0 0 0 0 0 0 0
17 0 0 0 0 0 0 0 0 0 0 0 0 0 0 0 0 0 0 0 0
18 0 0 0 0 0 0 0 0 0 0 0 0 0 0 0 0 0 0 0 0
19 0 0 0 0 0 0 0 0 0 0 0 0 0 0 0 0 0 0 0 0
20 0 0 0 0 0 0 0 0 0 0 0 0 0 0 0 0 0 0 0 0
21 0 0 0 0 0 0 0 0 0 0 0 0 0 0 0 0 0 0 0 0
22 0 0 0 0 0 0 0 0 0 0 0 0 0 0 0 0 0 0 0 0
23 0 0 0 0 0 0 0 0 0 0 0 0 0 0 0 0 0 0 0 0
24 0 0 0 0 0 0 0 0 0 0 0 0 0 0 0 0 0 0 0 0
25 0 0 0 0 0 0 0 0 0 0 0 0 0 0 0 0 0 0 0 0
26 0 0 0 0 0 0 0 0 0 0 0 0 0 0 0 0 0 0 0 0
27 0 0 0 0 0 0 0 0 0 0 0 0 0 0 0 0 0 0 0 0
28 0 0 0 0 0 0 0 0 0 0 0 0 0 0 0 0 0 0 0 0
29 0.069323 0.059679 0.056806 0.05564 0.055758 0.056131 0.05676 0.05724 0.056184 0.055128 0.05345 0.051152 0.048854 0.046432 0.043998 0.041368 0.038544 0.036375 0.03508 0.026098
30 0.071956 0.064608 0.061748 0.060115 0.059403 0.05881 0.058335 0.057726 0.055723 0.05372 0.051317 0.048512 0.045707 0.042975 0.04025 0.038237 0.036936 0.034792 0.031528 0.027601
31 0.074412 0.06961 0.066418 0.064536 0.063638 0.061994 0.059604 0.057172 0.054316 0.05146 0.048649 0.045884 0.043118 0.040477 0.037847 0.035962 0.03482 0.032758 0.02947 0.027856
32 0.07579 0.072161 0.06975 0.067041 0.064109 0.061302 0.058621 0.05595 0.053381 0.050812 0.048212 0.04558 0.042947 0.040595 0.03827 0.035887 0.033444 0.030981 0.028492 0.026675
33 0.075418 0.073057 0.069928 0.066911 0.063978 0.061138 0.058392 0.055672 0.053222 0.050771 0.04829 0.045779 0.043267 0.040809 0.038356 0.035904 0.033454 0.030984 0.028488 0.026181
34 0.076656 0.073294 0.070392 0.067357 0.064223 0.061267 0.058491 0.055732 0.053151 0.050569 0.048001 0.045445 0.04289 0.040408 0.037934 0.035547 0.033248 0.030906 0.02851 0.025978
35 0.077484 0.074086 0.070927 0.067869 0.064887 0.061889 0.058875 0.055885 0.053142 0.050399 0.04769 0.045015 0.04234 0.039926 0.037536 0.035116 0.032664 0.030322 0.028125 0.025822
36 0.078248 0.074902 0.071433 0.068218 0.065195 0.062163 0.059124 0.056103 0.053273 0.050443 0.047658 0.044918 0.042178 0.039608 0.037055 0.034557 0.032114 0.029783 0.027603 0.025424
37 0.07884 0.075509 0.072069 0.068752 0.065529 0.062383 0.059314 0.056259 0.053329 0.0504 0.047551 0.044782 0.042013 0.039353 0.036703 0.034157 0.031715 0.029348 0.027079 0.024915
38 0.07935 0.075947 0.072633 0.069331 0.066037 0.062772 0.059535 0.05632 0.053325 0.050331 0.047429 0.044619 0.041809 0.039095 0.036391 0.033802 0.031327 0.028921 0.026606 0.024422
39 0.08015 0.07666 0.073105 0.069647 0.066264 0.062936 0.059666 0.056413 0.053345 0.050277 0.047324 0.044487 0.041649 0.038868 0.036092 0.033453 0.030952 0.02852 0.026178 0.024013
40 0.089085 0.085243 0.080575 0.076018 0.071546 0.0673 0.063281 0.059244 0.055025 0.050806 0.046706 0.042724 0.038743 0.035101 0.03149 0.027994 0.02461 0.021322 0.01816 0.015027
41 0.089255 0.085274 0.080972 0.076521 0.07196 0.067649 0.063589 0.059513 0.055273 0.051033 0.046874 0.042795 0.038716 0.034937 0.031187 0.027593 0.024156 0.020794 0.017534 0.014374
42 0.089744 0.086177 0.081573 0.077021 0.072508 0.068097 0.063786 0.059482 0.055244 0.051005 0.046833 0.042726 0.038619 0.034738 0.03088 0.027174 0.02362 0.020185 0.016907 0.013682
43 0.091457 0.086696 0.081975 0.077368 0.072847 0.068348 0.063871 0.059414 0.055153 0.050893 0.046696 0.042562 0.038427 0.034494 0.030581 0.026811 0.023184 0.0197 0.016406 0.013117
44 0.091647 0.087164 0.082483 0.077846 0.073242 0.068644 0.064052 0.059485 0.055167 0.050848 0.046602 0.042428 0.038254 0.034296 0.03036 0.026552 0.022875 0.019351 0.016031 0.012672
45 0.092415 0.087536 0.082838 0.07817 0.073523 0.068881 0.064242 0.059624 0.055215 0.050807 0.046499 0.04229 0.038081 0.034098 0.030137 0.026291 0.022559 0.018975 0.015585 0.012234
46 0.092933 0.087886 0.083126 0.078424 0.073765 0.069115 0.064474 0.059843 0.055323 0.050802 0.046422 0.04218 0.037939 0.033929 0.029941 0.026055 0.02227 0.018614 0.015131 0.011827
47 0.093121 0.088302 0.083459 0.078686 0.073965 0.069292 0.064664 0.060041 0.055454 0.050867 0.046423 0.042122 0.037822 0.033777 0.029757 0.025827 0.021986 0.018272 0.014729 0.011434
48 0.093425 0.088696 0.083763 0.078904 0.074103 0.069401 0.0648 0.060196 0.05557 0.050944 0.046448 0.042081 0.037713 0.033634 0.029583 0.025612 0.02172 0.01796 0.014373 0.011075
49 0.093971 0.088981 0.084067 0.079177 0.074307 0.069543 0.064887 0.060233 0.055612 0.050991 0.046468 0.042044 0.037619 0.033483 0.029375 0.025363 0.021447 0.017661 0.014048 0.010724
50 0.094249 0.089204 0.084358 0.079465 0.074537 0.069705 0.06497 0.060246 0.055645 0.051044 0.046506 0.042032 0.037557 0.033361 0.029192 0.025141 0.021208 0.017402 0.013767 0.010412
51 0.09451 0.089412 0.084522 0.079633 0.074745 0.069897 0.065087 0.060296 0.055695 0.051094 0.046535 0.042018 0.037501 0.033285 0.029099 0.025007 0.021011 0.017141 0.013439 0.010075
52 0.094498 0.089605 0.084646 0.079766 0.074945 0.070097 0.06522 0.060368 0.055763 0.051158 0.046578 0.042023 0.037468 0.03324 0.029043 0.024913 0.020849 0.016911 0.013142 0.0097681
53 0.094636 0.08973 0.084792 0.079896 0.075031 0.070174 0.065326 0.060496 0.055858 0.051219 0.04662 0.042059 0.037497 0.033204 0.028936 0.024759 0.020672 0.016709 0.012911 0.0094742
54 0.094737 0.089807 0.084912 0.080005 0.075089 0.070228 0.065424 0.060631 0.055961 0.051291 0.046673 0.042108 0.037542 0.033183 0.028845 0.024621 0.020513 0.016527 0.012701 0.0092032
55 0.095018 0.089918 0.084994 0.080092 0.075206 0.070352 0.06553 0.060718 0.056024 0.05133 0.046688 0.042098 0.037509 0.033121 0.028751 0.024499 0.020363 0.016349 0.012495 0.0089444
56 0.094934 0.090041 0.085088 0.080193 0.075342 0.070496 0.065655 0.060826 0.056107 0.051388 0.046723 0.042113 0.037502 0.033083 0.028683 0.024399 0.020231 0.016186 0.012302 0.0087088
57 0.095021 0.089996 0.08509 0.080207 0.07534 0.070514 0.065728 0.060945 0.056189 0.051434 0.046759 0.042166 0.037572 0.033126 0.028694 0.024367 0.020147 0.016052 0.012125 0.0085285
58 0.094839 0.090007 0.085139 0.080263 0.075382 0.070568 0.065821 0.061071 0.056283 0.051495 0.046808 0.042221 0.037635 0.033158 0.028692 0.024326 0.02006 0.015923 0.011957 0.0083525
59 0.094814 0.089869 0.085039 0.080226 0.075425 0.070651 0.065901 0.06115 0.056379 0.051608 0.046918 0.042311 0.037704 0.033189 0.028684 0.024287 0.019998 0.01583 0.011822 0.0081947
60 0.094578 0.089806 0.08501 0.080243 0.075497 0.070748 0.065996 0.061243 0.056481 0.051719 0.047021 0.042387 0.037753 0.033205 0.028666 0.024245 0.019943 0.015745 0.011686 0.0080281
61 0.094501 0.089668 0.084966 0.080239 0.075491 0.07076 0.066047 0.06133 0.056581 0.051833 0.047125 0.042459 0.037793 0.033224 0.028665 0.024236 0.019939 0.01571 0.01157 0.0078635
62 0.094303 0.089587 0.084954 0.080258 0.075515 0.070799 0.066111 0.061419 0.056677 0.051935 0.047218 0.042526 0.037834 0.033246 0.028668 0.024224 0.019914 0.015652 0.011456 0.0077042
63 0.094161 0.089441 0.084846 0.080199 0.075512 0.070835 0.066169 0.061497 0.056765 0.052033 0.047316 0.042614 0.037912 0.03331 0.028717 0.024246 0.019896 0.015598 0.011367 0.0075659
64 0.093924 0.089316 0.084772 0.080173 0.075534 0.070886 0.066229 0.061565 0.05684 0.052116 0.0474 0.042694 0.037987 0.033371 0.028764 0.024265 0.019877 0.015548 0.0113 0.0074386
65 0.093685 0.089074 0.084645 0.080127 0.075543 0.070925 0.066272 0.061614 0.056906 0.052197 0.047493 0.042794 0.038094 0.033464 0.028841 0.024314 0.019884 0.015527 0.011268 0.007332
66 0.093435 0.088897 0.084546 0.080093 0.075562 0.070968 0.06631 0.06165 0.05697 0.05229 0.047598 0.042895 0.038191 0.033546 0.028907 0.024354 0.019888 0.015495 0.0112 0.0072043
67 0.093143 0.088701 0.084395 0.080003 0.075546 0.070989 0.06633 0.061674 0.057044 0.052415 0.047743 0.043028 0.038314 0.033654 0.028998 0.02442 0.019918 0.015481 0.011129 0.0070763
68 0.092793 0.08854 0.084274 0.079927 0.07552 0.071005 0.066382 0.06176 0.057139 0.052519 0.047851 0.043136 0.038421 0.033753 0.029089 0.024484 0.019935 0.015455 0.011064 0.0069532
69 0.092548 0.088317 0.084105 0.079804 0.075436 0.070981 0.066438 0.061888 0.057253 0.052618 0.047948 0.043243 0.038539 0.033868 0.029201 0.024566 0.019964 0.015437 0.01101 0.0068358
70 0.092275 0.088115 0.083925 0.079657 0.075331 0.070936 0.066472 0.061995 0.057371 0.052747 0.048078 0.043364 0.03865 0.033971 0.029294 0.024643 0.020019 0.015453 0.010967 0.0067374
71 0.09194 0.087879 0.083697 0.079464 0.075192 0.070868 0.066494 0.0621 0.057504 0.052909 0.048246 0.043516 0.038785 0.034093 0.029405 0.02474 0.020097 0.015491 0.010935 0.0066448
72 0.091642 0.087691 0.083582 0.079398 0.075158 0.070869 0.066531 0.06217 0.057584 0.052998 0.048339 0.043607 0.038875 0.03418 0.029489 0.02481 0.020143 0.015501 0.010894 0.0065372
73 0.091217 0.087451 0.083475 0.079363 0.07515 0.070885 0.066568 0.062229 0.057654 0.053079 0.048429 0.043704 0.038979 0.034285 0.029593 0.024901 0.020206 0.015526 0.010865 0.0064413
74 0.090836 0.08715 0.083239 0.079178 0.075006 0.070781 0.066504 0.062208 0.057709 0.05321 0.048595 0.043865 0.039134 0.034438 0.029746 0.025043 0.020331 0.015622 0.01092 0.006485
75 0.09033 0.086831 0.082961 0.07895 0.074832 0.07066 0.066436 0.062195 0.057789 0.053384 0.04881 0.044067 0.039325 0.034622 0.029924 0.025204 0.020463 0.015721 0.010978 0.0065182
76 0.089921 0.086444 0.082665 0.07874 0.074706 0.070613 0.066461 0.062288 0.057899 0.05351 0.048956 0.044237 0.039517 0.034807 0.030097 0.025339 0.020533 0.015759 0.011026 0.0064822
77 0.089544 0.085967 0.082312 0.078498 0.074566 0.070566 0.066497 0.062401 0.058024 0.053647 0.049112 0.044419 0.039725 0.035005 0.030281 0.025488 0.020624 0.015812 0.011066 0.0064445
78 0.089158 0.085629 0.082059 0.07833 0.074482 0.070542 0.066509 0.062447 0.058078 0.053709 0.049198 0.044544 0.03989 0.035168 0.030439 0.025641 0.020775 0.015919 0.011077 0.0064064
79 0.088624 0.085315 0.081825 0.078179 0.074416 0.070537 0.06654 0.062511 0.058147 0.053782 0.049295 0.044683 0.040071 0.035342 0.030602 0.025788 0.0209 0.015999 0.011078 0.0063677
80 0.088181 0.084966 0.081576 0.078021 0.074343 0.070537 0.066602 0.062627 0.058238 0.05385 0.049381 0.044829 0.040278 0.035531 0.030766 0.025908 0.020956 0.016009 0.011066 0.0063351
81 0.08776 0.084542 0.081267 0.077817 0.074236 0.070513 0.066648 0.062736 0.058337 0.053938 0.049492 0.044999 0.040506 0.035741 0.03095 0.026055 0.021055 0.016059 0.01107 0.0062789
82 0.087153 0.084169 0.081072 0.077681 0.074068 0.070376 0.066602 0.062778 0.058431 0.054084 0.049676 0.045209 0.040742 0.035957 0.031141 0.026224 0.021204 0.016161 0.011085 0.0061873
83 0.086676 0.083728 0.080815 0.077494 0.073867 0.070215 0.066539 0.06281 0.058532 0.054253 0.04989 0.045442 0.040994 0.036183 0.031337 0.026393 0.021351 0.016258 0.011097 0.0061235
84 0.086165 0.083388 0.080441 0.077178 0.073679 0.070128 0.066525 0.062869 0.05867 0.054472 0.050146 0.045692 0.041238 0.036392 0.031508 0.026535 0.021472 0.016334 0.011093 0.0060749
85 0.085978 0.082931 0.079974 0.076795 0.07345 0.07001 0.066475 0.062889 0.058782 0.054675 0.050395 0.045942 0.041489 0.036613 0.031697 0.026691 0.021597 0.016424 0.011147 0.0060466
86 0.085196 0.082385 0.079571 0.076548 0.073368 0.070015 0.06649 0.062921 0.058901 0.054882 0.050649 0.046201 0.041753 0.036851 0.031905 0.026862 0.021723 0.01652 0.011234 0.0060259
87 0.084584 0.081736 0.079071 0.076198 0.073168 0.069921 0.066458 0.062954 0.059026 0.055098 0.050908 0.046457 0.042007 0.03711 0.032171 0.027113 0.021938 0.016681 0.011317 0.0060829
88 0.084038 0.081354 0.078682 0.075818 0.072809 0.069659 0.066365 0.063022 0.059164 0.055305 0.051143 0.046676 0.042209 0.037346 0.032444 0.027388 0.02218 0.016857 0.011383 0.0061584
89 0.083016 0.080895 0.078243 0.075442 0.072527 0.069486 0.066321 0.0631 0.059297 0.055494 0.051376 0.046942 0.042509 0.037661 0.032773 0.0277 0.022441 0.01706 0.011516 0.0062015
90 0.082334 0.080363 0.077776 0.075116 0.072401 0.069474 0.066334 0.063136 0.059348 0.05556 0.05149 0.047136 0.042783 0.037947 0.033064 0.02797 0.022665 0.017236 0.011641 0.0062241
91 0.081664 0.079829 0.077346 0.074804 0.072217 0.069382 0.066299 0.063159 0.059437 0.055714 0.051702 0.047399 0.043096 0.038241 0.033333 0.028205 0.022857 0.01739 0.011765 0.006163
92 0.080562 0.079529 0.07716 0.074635 0.071995 0.069181 0.066194 0.063151 0.059532 0.055912 0.051965 0.04769 0.043414 0.038528 0.033584 0.028419 0.023034 0.017536 0.011885 0.0060928
93 0.079834 0.079114 0.076867 0.074413 0.071804 0.069042 0.066127 0.063156 0.059612 0.056067 0.052155 0.047875 0.043595 0.038763 0.033878 0.028702 0.023235 0.017667 0.011964 0.0061319
94 0.079977 0.078622 0.076474 0.074133 0.071649 0.068958 0.066061 0.063112 0.059622 0.056132 0.052242 0.047953 0.043665 0.038921 0.034134 0.028963 0.023409 0.017774 0.012035 0.0061642
95 0.079463 0.078124 0.075972 0.073758 0.071496 0.068942 0.066095 0.063196 0.05975 0.056304 0.05246 0.048217 0.043974 0.039158 0.034286 0.029069 0.023506 0.017875 0.012151 0.0062022
96 0.07919 0.077818 0.075442 0.073302 0.071338 0.068952 0.066145 0.063283 0.059858 0.056433 0.052626 0.048437 0.044248 0.03935 0.034382 0.029127 0.023583 0.017971 0.012269 0.0062439
97 0.078881 0.077146 0.074936 0.072899 0.070991 0.068688 0.06599 0.063237 0.059917 0.056597 0.052863 0.048714 0.044566 0.039658 0.034677 0.02941 0.023857 0.018212 0.012444 0.0063174
98 0.077583 0.076368 0.074738 0.072831 0.070718 0.068384 0.06583 0.063219 0.060023 0.056826 0.053168 0.049046 0.044925 0.04001 0.035017 0.02974 0.024178 0.018476 0.012587 0.006332
99 0.07692 0.075674 0.07442 0.072731 0.070714 0.068443 0.065916 0.063326 0.060079 0.056832 0.053183 0.049131 0.045078 0.04023 0.035305 0.030061 0.024497 0.018694 0.012574 0.0061923
100 0.076184 0.075466 0.074128 0.072545 0.070779 0.068599 0.066005 0.063345 0.060007 0.056668 0.053037 0.049113 0.045188 0.040427 0.035585 0.03037 0.02478 0.01891 0.012664 0.0061989
101 0.075014 0.074829 0.07358 0.072154 0.070597 0.068516 0.065911 0.063257 0.060078 0.056899 0.053372 0.049497 0.045622 0.040822 0.035934 0.030641 0.024942 0.019048 0.012891 0.0063975
102 0.074339 0.073989 0.072948 0.0717 0.070298 0.068288 0.065671 0.063021 0.060036 0.057051 0.053659 0.04986 0.046061 0.041248 0.036337 0.030997 0.02523 0.019324 0.013234 0.0067079
103 0.073169 0.073163 0.07204 0.070948 0.069878 0.068095 0.065599 0.063071 0.060225 0.057378 0.054052 0.050246 0.046441 0.041626 0.036714 0.031367 0.025585 0.019686 0.01363 0.0070868
104 0.072152 0.072709 0.071252 0.070234 0.069545 0.068002 0.065606 0.063178 0.06044 0.057702 0.054426 0.050613 0.046799 0.041936 0.036971 0.031627 0.025903 0.019972 0.013765 0.0071678
105 0.072078 0.072504 0.070998 0.069976 0.069316 0.067856 0.065595 0.063288 0.06051 0.057732 0.054478 0.050747 0.047015 0.042067 0.037001 0.031699 0.02616 0.020209 0.013707 0.0070645
106 0.072204 0.072068 0.070613 0.069555 0.068795 0.067392 0.065346 0.063236 0.060474 0.057713 0.054523 0.050906 0.047289 0.042378 0.037341 0.032031 0.026447 0.020507 0.014096 0.0070841
107 0.071849 0.071394 0.0697 0.068759 0.068382 0.067268 0.065416 0.06348 0.060674 0.057867 0.054667 0.051073 0.047479 0.042709 0.037825 0.032454 0.026595 0.020667 0.014645 0.0070972
108 0.071551 0.070733 0.068632 0.067778 0.06786 0.067075 0.065422 0.063674 0.060946 0.058219 0.055054 0.051453 0.047851 0.043072 0.03818 0.032812 0.02697 0.02092 0.014593 0.0072055
109 0.070871 0.070624 0.068441 0.067487 0.067455 0.06664 0.06504 0.063379 0.061076 0.058774 0.055737 0.051966 0.048195 0.043255 0.038202 0.032875 0.027274 0.021136 0.014284 0.0072871
110 0.070761 0.070309 0.06799 0.066867 0.066642 0.065803 0.06435 0.062857 0.060963 0.059068 0.056209 0.052387 0.048564 0.04361 0.038546 0.033289 0.027839 0.021697 0.014633 0.0076151
111 0.070677 0.069322 0.067243 0.066228 0.066013 0.06527 0.064 0.062686 0.060919 0.059153 0.0564 0.052659 0.048918 0.044009 0.038987 0.0338 0.028446 0.022281 0.015035 0.0079539
112 0.070595 0.067982 0.06624 0.065407 0.065257 0.064703 0.063746 0.062728 0.06107 0.059412 0.056761 0.053118 0.049475 0.044516 0.039431 0.03424 0.028946 0.022782 0.015463 0.0081289
113 0.070184 0.067826 0.066032 0.065063 0.064715 0.064251 0.063672 0.062989 0.061229 0.059469 0.056813 0.05326 0.049708 0.044677 0.039502 0.034332 0.029167 0.023083 0.015778 0.0082501
114 0.069776 0.067642 0.065703 0.064535 0.063947 0.063534 0.063295 0.062925 0.061195 0.059465 0.056886 0.053458 0.050031 0.045194 0.040221 0.034975 0.029456 0.023236 0.016082 0.0084415
115 0.069163 0.067064 0.065783 0.064533 0.063307 0.062655 0.062575 0.062372 0.060886 0.059399 0.057005 0.053701 0.050397 0.045824 0.041128 0.035794 0.029823 0.023429 0.016473 0.0086897
