1 0 0 0 0 0 0 0 0 0 0 0 0 0 0 0 0 0 0 0 0
2 0 0 0 0 0 0 0 0 0 0 0 0 0 0 0 0 0 0 0 0
3 0 0 0 0 0 0 0 0 0 0 0 0 0 0 0 0 0 0 0 0
4 0 0 0 0 0 0 0 0 0 0 0 0 0 0 0 0 0 0 0 0
5 0 0 0 0 0 0 0 0 0 0 0 0 0 0 0 0 0 0 0 0
6 0 0 0 0 0 0 0 0 0 0 0 0 0 0 0 0 0 0 0 0
7 0 0 0 0 0 0 0 0 0 0 0 0 0 0 0 0 0 0 0 0
8 0 0 0 0 0 0 0 0 0 0 0 0 0 0 0 0 0 0 0 0
9 0 0 0 0 0 0 0 0 0 0 0 0 0 0 0 0 0 0 0 0
10 0 0 0 0 0 0 0 0 0 0 0 0 0 0 0 0 0 0 0 0
11 0 0 0 0 0 0 0 0 0 0 0 0 0 0 0 0 0 0 0 0
12 0 0 0 0 0 0 0 0 0 0 0 0 0 0 0 0 0 0 0 0
13 0 0 0 0 0 0 0 0 0 0 0 0 0 0 0 0 0 0 0 0
14 0 0 0 0 0 0 0 0 0 0 0 0 0 0 0 0 0 0 0 0
15 0 0 0 0 0 0 0 0 0 0 0 0 0 0 0 0 0 0 0 0
16 0 0 0 0 0 0 0 0 0 0 0 0 0 0 0 0 0 0 0 0
17 0 0 0 0 0 0 0 0 0 0 0 0 0 0 0 0 0 0 0 0
18 0 0 0 0 0 0 0 0 0 0 0 0 0 0 0 0 0 0 0 0
19 0 0 0 0 0 0 0 0 0 0 0 0 0 0 0 0 0 0 0 0
20 0 0 0 0 0 0 0 0 0 0 0 0 0 0 0 0 0 0 0 0
21 0 0 0 0 0 0 0 0 0 0 0 0 0 0 0 0 0 0 0 0
22 0 0 0 0 0 0 0 0 0 0 0 0 0 0 0 0 0 0 0 0
23 0 0 0 0 0 0 0 0 0 0 0 0 0 0 0 0 0 0 0 0
24 0 0 0 0 0 0 0 0 0 0 0 0 0 0 0 0 0 0 0 0
25 0 0 0 0 0 0 0 0 0 0 0 0 0 0 0 0 0 0 0 0
26 0 0 0 0 0 0 0 0 0 0 0 0 0 0 0 0 0 0 0 0
27 0 0 0 0 0 0 0 0 0 0 0 0 0 0 0 0 0 0 0 0
28 0 0 0 0 0 0 0 0 0 0 0 0 0 0 0 0 0 0 0 0
29 0 0 0 0 0 0 0 0 0 0 0 0 0 0 0 0 0 0 0 0
30 0 0 0 0 0 0 0 0 0 0 0 0 0 0 0 0 0 0 0 0
31 0 0 0 0 0 0 0 0 0 0 0 0 0 0 0 0 0 0 0 0
32 0.069259 0.059631 0.056766 0.055607 0.055731 0.05611 0.056745 0.057232 0.056181 0.055131 0.05346 0.051166 0.048873 0.046455 0.044025 0.041398 0.038576 0.03641 0.035117 0.026128
33 0.071422 0.063836 0.060928 0.059395 0.058896 0.058484 0.058159 0.0577 0.055858 0.054016 0.051709 0.048937 0.046165 0.043469 0.040781 0.038688 0.037189 0.035026 0.031981 0.027362
34 0.073579 0.068801 0.066233 0.064539 0.063501 0.061882 0.059683 0.057415 0.054429 0.051443 0.048588 0.045864 0.043139 0.04063 0.038141 0.03632 0.035166 0.033036 0.029606 0.028004
35 0.075886 0.072107 0.06965 0.066977 0.064144 0.061369 0.058654 0.055951 0.053381 0.050812 0.0482 0.045545 0.042891 0.040533 0.038203 0.035868 0.033528 0.031082 0.028493 0.026725
36 0.075416 0.073051 0.069872 0.066842 0.063924 0.06112 0.05843 0.055757 0.053261 0.050766 0.048269 0.045771 0.043274 0.040828 0.038388 0.035932 0.033463 0.030975 0.028464 0.026196
37 0.076441 0.073167 0.070327 0.06732 0.064187 0.061238 0.058473 0.055726 0.053169 0.050612 0.048056 0.0455 0.042944 0.040463 0.037988 0.035595 0.033283 0.030939 0.028555 0.026017
38 0.077419 0.074037 0.070877 0.067804 0.064796 0.061803 0.058825 0.05587 0.053143 0.050416 0.047721 0.045057 0.042394 0.039974 0.037577 0.035162 0.032728 0.030386 0.028167 0.025843
39 0.078132 0.074786 0.071358 0.068187 0.065209 0.062185 0.059116 0.056069 0.053256 0.050444 0.047666 0.044925 0.042184 0.039634 0.037102 0.034613 0.032166 0.029835 0.02766 0.025474
40 0.085291 0.083863 0.079126 0.074595 0.070218 0.066076 0.062171 0.058248 0.054135 0.050023 0.046248 0.042811 0.039373 0.036184 0.033019 0.029886 0.026785 0.023718 0.020694 0.017534
41 0.086508 0.085311 0.079873 0.075105 0.070839 0.066668 0.062592 0.05851 0.054359 0.050208 0.046311 0.042669 0.039027 0.035695 0.032393 0.029104 0.02583 0.022691 0.019733 0.016575
42 0.087861 0.08599 0.080286 0.075426 0.071201 0.067014 0.062865 0.058714 0.05454 0.050367 0.046385 0.042596 0.038806 0.035369 0.031965 0.02857 0.025182 0.021979 0.019019 0.015866
43 0.089107 0.085275 0.080525 0.075947 0.071499 0.067261 0.063235 0.059191 0.054978 0.050765 0.046677 0.042713 0.03875 0.035125 0.031532 0.028044 0.024661 0.02138 0.018235 0.015099
44 0.088719 0.085181 0.08092 0.076484 0.071918 0.067621 0.063594 0.059548 0.055308 0.051067 0.046909 0.042832 0.038756 0.034988 0.03125 0.027669 0.024244 0.020889 0.017629 0.014474
45 0.089487 0.086089 0.081517 0.076978 0.072463 0.068063 0.063779 0.059499 0.055261 0.051023 0.046852 0.042748 0.038644 0.034773 0.030924 0.027228 0.023684 0.020255 0.016977 0.013756
46 0.091348 0.086625 0.081903 0.077303 0.072796 0.068312 0.063852 0.05941 0.055159 0.050907 0.046717 0.042588 0.038459 0.034529 0.030619 0.026853 0.023232 0.019752 0.016459 0.013177
47 0.091606 0.0871 0.082419 0.077789 0.073196 0.068611 0.064033 0.059479 0.055168 0.050857 0.046617 0.042448 0.038279 0.034324 0.030389 0.026585 0.022912 0.019392 0.016074 0.012721
48 0.092308 0.08748 0.082793 0.078132 0.07349 0.068851 0.064215 0.0596 0.055207 0.050814 0.046515 0.042311 0.038107 0.034127 0.030168 0.026327 0.022602 0.019025 0.015645 0.012287
49 0.09285 0.087836 0.083086 0.07839 0.073736 0.069089 0.06445 0.059823 0.055315 0.050808 0.046435 0.042198 0.037961 0.033953 0.029969 0.026086 0.022305 0.018656 0.015181 0.011872
50 0.093048 0.088242 0.083413 0.078653 0.073945 0.069277 0.064649 0.060025 0.055444 0.050863 0.046426 0.042134 0.037842 0.033801 0.029785 0.025859 0.022023 0.018315 0.014775 0.011481
51 0.093403 0.088638 0.083718 0.078871 0.074081 0.069385 0.064783 0.060179 0.055559 0.050939 0.046449 0.042089 0.03773 0.033654 0.029607 0.025639 0.021752 0.017996 0.014413 0.011114
52 0.093857 0.088948 0.084028 0.079142 0.07428 0.069527 0.064881 0.060237 0.055615 0.050992 0.046471 0.042053 0.037635 0.033506 0.029405 0.025396 0.021481 0.017697 0.014085 0.010764
53 0.094231 0.089165 0.084315 0.079425 0.074506 0.069684 0.064958 0.060244 0.055642 0.051041 0.046505 0.042037 0.037568 0.033379 0.029216 0.025169 0.021237 0.017433 0.013799 0.010447
54 0.09445 0.089383 0.084503 0.079615 0.074722 0.069875 0.065074 0.060291 0.055692 0.051092 0.046536 0.042024 0.037512 0.033298 0.029112 0.025025 0.021035 0.017172 0.013477 0.010113
55 0.094492 0.089573 0.084624 0.079745 0.074919 0.070073 0.065205 0.060361 0.055757 0.051154 0.046577 0.042027 0.037476 0.033249 0.029054 0.024927 0.02087 0.016939 0.013176 0.0098022
56 0.094617 0.089713 0.084771 0.079878 0.075021 0.070167 0.065314 0.060481 0.055847 0.051214 0.046617 0.042057 0.037496 0.03321 0.02895 0.024778 0.020693 0.016732 0.012937 0.0095058
57 0.094698 0.089786 0.084888 0.079984 0.075076 0.070218 0.06541 0.060614 0.055949 0.051284 0.04667 0.042107 0.037545 0.033194 0.028864 0.024646 0.020541 0.016556 0.012733 0.009239
58 0.09499 0.089902 0.084982 0.08008 0.075191 0.070337 0.065517 0.060709 0.056017 0.051326 0.046687 0.042101 0.037514 0.033129 0.028763 0.024514 0.020381 0.016369 0.012518 0.0089726
59 0.094931 0.090005 0.08506 0.080169 0.075321 0.070479 0.065643 0.060817 0.056105 0.051392 0.04673 0.04212 0.037509 0.033092 0.028694 0.024413 0.02025 0.016208 0.012327 0.0087328
60 0.095022 0.089994 0.085084 0.0802 0.075336 0.070509 0.065718 0.060931 0.05618 0.051429 0.046756 0.042162 0.037567 0.033123 0.028695 0.024373 0.020158 0.016068 0.012145 0.0085485
61 0.094813 0.089996 0.085133 0.080259 0.075377 0.070564 0.065819 0.06107 0.05628 0.05149 0.046802 0.042218 0.037633 0.03316 0.028698 0.024335 0.020071 0.015937 0.011974 0.0083714
62 0.094813 0.089881 0.085047 0.080228 0.075419 0.07064 0.065892 0.061142 0.056369 0.051596 0.046907 0.042303 0.037698 0.033188 0.028687 0.024293 0.020006 0.015841 0.011838 0.0082122
63 0.09456 0.089823 0.085017 0.080245 0.075499 0.070748 0.065992 0.061234 0.056471 0.051708 0.047012 0.042381 0.03775 0.033204 0.028667 0.024247 0.019945 0.01575 0.011699 0.0080462
64 0.094519 0.089681 0.084969 0.080237 0.07549 0.070758 0.06604 0.061319 0.056569 0.05182 0.047114 0.042451 0.037789 0.033222 0.028665 0.024237 0.01994 0.015714 0.011582 0.0078812
65 0.094306 0.089607 0.084969 0.080267 0.075516 0.070796 0.066106 0.061411 0.056668 0.051924 0.047207 0.042516 0.037825 0.033239 0.028663 0.024222 0.019916 0.015658 0.011466 0.0077189
66 0.0942 0.089457 0.084857 0.080204 0.075511 0.070829 0.066161 0.061487 0.056753 0.05202 0.047303 0.042603 0.037902 0.033302 0.028711 0.024243 0.019897 0.015603 0.011376 0.0075803
67 0.093952 0.089347 0.084789 0.08018 0.075534 0.070882 0.066224 0.061559 0.056833 0.052106 0.047389 0.042682 0.037974 0.03336 0.028754 0.024259 0.019875 0.01555 0.011302 0.0074493
68 0.093741 0.089103 0.08466 0.080132 0.075541 0.070918 0.066265 0.061606 0.056896 0.052186 0.04748 0.04278 0.03808 0.033452 0.02883 0.024307 0.019881 0.015528 0.01127 0.0073427
69 0.093456 0.088927 0.08457 0.080108 0.075567 0.070967 0.066309 0.061648 0.056962 0.052276 0.047581 0.042878 0.038176 0.033533 0.028895 0.024346 0.019883 0.015495 0.011206 0.0072169
70 0.093188 0.088729 0.084417 0.080016 0.07555 0.070987 0.066327 0.06167 0.057034 0.052398 0.047724 0.04301 0.038297 0.033639 0.028985 0.02441 0.019913 0.01548 0.011135 0.007089
71 0.092825 0.088574 0.0843 0.079946 0.075533 0.071009 0.066376 0.061744 0.057125 0.052506 0.047838 0.043121 0.038405 0.033737 0.029074 0.024471 0.019929 0.015454 0.011068 0.0069641
72 0.092607 0.08835 0.084129 0.079821 0.075447 0.070984 0.06643 0.06187 0.057236 0.052603 0.047933 0.043227 0.038521 0.033851 0.029184 0.024553 0.019957 0.015436 0.011014 0.0068469
73 0.09231 0.088153 0.08396 0.079686 0.075351 0.070946 0.066471 0.061983 0.057355 0.052727 0.048056 0.043344 0.038632 0.033953 0.029278 0.024629 0.020007 0.015446 0.010968 0.0067454
74 0.092003 0.087916 0.083731 0.079492 0.075211 0.070877 0.066491 0.062085 0.057486 0.052886 0.048222 0.043493 0.038764 0.034074 0.029388 0.024724 0.020084 0.015483 0.010935 0.006653
75 0.0917 0.087731 0.083604 0.07941 0.075164 0.07087 0.066527 0.062163 0.057574 0.052986 0.048325 0.043591 0.038858 0.034163 0.029472 0.024795 0.020132 0.015495 0.010894 0.0065461
76 0.091291 0.087495 0.083499 0.079375 0.075156 0.070886 0.066565 0.062221 0.057644 0.053066 0.048414 0.043688 0.038961 0.034267 0.029576 0.024885 0.020194 0.015518 0.010861 0.0064399
77 0.090892 0.087203 0.083284 0.079214 0.075032 0.070799 0.066514 0.06221 0.057699 0.053188 0.048567 0.043837 0.039107 0.034412 0.02972 0.025019 0.02031 0.015606 0.010909 0.0064775
78 0.090424 0.086879 0.083 0.07898 0.074853 0.070673 0.066439 0.06219 0.057772 0.053354 0.048775 0.044034 0.039293 0.034594 0.029898 0.025184 0.020452 0.015715 0.010971 0.0065203
79 0.089999 0.086516 0.082718 0.078777 0.074727 0.07062 0.066456 0.062272 0.05788 0.053488 0.048931 0.044208 0.039485 0.034776 0.030068 0.025315 0.020517 0.015748 0.011016 0.0064829
80 0.089597 0.086043 0.082367 0.078536 0.074587 0.070572 0.066491 0.062384 0.058005 0.053626 0.04909 0.044395 0.0397 0.03498 0.030257 0.025465 0.020603 0.015795 0.011061 0.0064457
81 0.08924 0.085688 0.082104 0.078361 0.074499 0.070548 0.066508 0.062439 0.058067 0.053695 0.049179 0.04452 0.039861 0.035139 0.030411 0.025614 0.02075 0.0159 0.01107 0.0064072
82 0.088715 0.085367 0.081862 0.078202 0.074425 0.070535 0.066532 0.062497 0.058134 0.053772 0.04928 0.044661 0.040041 0.035314 0.030576 0.025767 0.020887 0.015991 0.011074 0.0063678
83 0.088256 0.085036 0.081626 0.078055 0.074362 0.070542 0.066595 0.06261 0.058223 0.053835 0.049362 0.044802 0.040243 0.035498 0.030736 0.025883 0.02094 0.016 0.011062 0.0063349
84 0.087857 0.084626 0.08133 0.077862 0.074264 0.070526 0.066648 0.062723 0.058316 0.053909 0.049458 0.044962 0.040465 0.035703 0.030915 0.026024 0.021027 0.016039 0.011061 0.0062836
85 0.08727 0.08424 0.081115 0.077711 0.074098 0.070397 0.066609 0.06277 0.058414 0.054058 0.049644 0.045172 0.040701 0.035918 0.031106 0.026192 0.021176 0.01614 0.011076 0.0061932
86 0.086771 0.083819 0.080881 0.077539 0.073894 0.070228 0.06654 0.062799 0.058509 0.054219 0.04985 0.045402 0.040953 0.036146 0.031305 0.026365 0.021327 0.01624 0.01109 0.0061239
87 0.086267 0.083458 0.080509 0.077234 0.073713 0.070144 0.066528 0.062859 0.058648 0.054436 0.050104 0.045649 0.041195 0.036353 0.031474 0.026505 0.021446 0.016315 0.011086 0.0060758
88 0.086063 0.083028 0.080046 0.076843 0.073473 0.070018 0.066477 0.062886 0.058765 0.054645 0.050358 0.045903 0.041447 0.036575 0.031662 0.026661 0.021572 0.016404 0.011131 0.0060444
89 0.085362 0.082483 0.079644 0.076595 0.073387 0.070018 0.066487 0.062912 0.058879 0.054845 0.050604 0.046154 0.041704 0.036806 0.031864 0.026826 0.021694 0.016498 0.011216 0.0060231
90 0.084681 0.08181 0.079139 0.076259 0.07322 0.069958 0.06647 0.062943 0.059004 0.055065 0.05087 0.04642 0.04197 0.03707 0.032126 0.02707 0.021899 0.016652 0.011302 0.0060704
91 0.084183 0.081432 0.078754 0.075882 0.072865 0.069696 0.066376 0.063008 0.059137 0.055267 0.051099 0.046633 0.042167 0.037299 0.032393 0.027339 0.022136 0.016824 0.011366 0.0061444
92 0.083214 0.080981 0.078316 0.075491 0.072547 0.069488 0.066315 0.063087 0.059279 0.055472 0.051346 0.046903 0.042459 0.03761 0.032722 0.027653 0.022401 0.017028 0.011493 0.0061934
93 0.082453 0.080467 0.077864 0.075179 0.072431 0.069483 0.066334 0.063129 0.059336 0.055542 0.051463 0.047098 0.042733 0.037895 0.033012 0.027922 0.022624 0.017203 0.011617 0.0062159
94 0.081805 0.0799 0.077397 0.074845 0.072258 0.069415 0.066315 0.06316 0.059422 0.055684 0.051661 0.047353 0.043045 0.038193 0.033288 0.028165 0.022823 0.017362 0.011743 0.0061654
95 0.080791 0.079603 0.07721 0.074676 0.072036 0.069213 0.066208 0.063147 0.059511 0.055874 0.051916 0.047635 0.043354 0.038472 0.033533 0.028374 0.022996 0.017504 0.011861 0.0060859
96 0.079957 0.079202 0.076935 0.07446 0.07183 0.069053 0.066131 0.063152 0.059598 0.056043 0.052125 0.047844 0.043563 0.038723 0.033828 0.028652 0.023197 0.017639 0.011946 0.0061223
97 0.079993 0.078731 0.07656 0.074197 0.071688 0.068981 0.066075 0.063117 0.059616 0.056114 0.052218 0.047927 0.043637 0.038882 0.034082 0.028912 0.023369 0.017743 0.012007 0.0061518
98 0.079599 0.078192 0.07606 0.07383 0.071526 0.068945 0.066088 0.063179 0.059726 0.056274 0.052422 0.048171 0.043921 0.039114 0.034254 0.029043 0.023482 0.017851 0.012129 0.0061928
99 0.079226 0.077915 0.075561 0.073402 0.071389 0.068973 0.066154 0.063281 0.059848 0.056415 0.052599 0.048399 0.0442 0.039302 0.034336 0.02908 0.023533 0.017925 0.012235 0.0062278
100 0.079112 0.077279 0.074991 0.072929 0.071039 0.068733 0.066011 0.063234 0.059896 0.056557 0.052811 0.048657 0.044503 0.039596 0.034617 0.029353 0.023804 0.018166 0.012411 0.0063018
101 0.077727 0.076527 0.074806 0.072873 0.070779 0.068442 0.065861 0.063223 0.060006 0.056788 0.053115 0.048988 0.044862 0.039942 0.034946 0.02967 0.024114 0.018428 0.012569 0.0063356
102 0.077048 0.075738 0.074486 0.072776 0.070722 0.068432 0.065906 0.063318 0.060076 0.056835 0.053181 0.049115 0.045049 0.04019 0.035255 0.030006 0.024444 0.018655 0.012565 0.0062022
103 0.076379 0.075562 0.074226 0.072619 0.07081 0.068608 0.066015 0.063356 0.060022 0.056688 0.053036 0.049065 0.045095 0.040337 0.035502 0.030299 0.024727 0.018866 0.01262 0.0061682
104 0.075141 0.074965 0.073682 0.072226 0.070642 0.068545 0.065935 0.063273 0.060069 0.056865 0.053321 0.049436 0.04555 0.040755 0.035871 0.030587 0.024904 0.019015 0.012852 0.0063678
105 0.074496 0.07418 0.073099 0.071817 0.070383 0.068354 0.06573 0.063069 0.060034 0.056999 0.053577 0.049769 0.045961 0.041151 0.036243 0.03091 0.025151 0.019253 0.013169 0.0066571
106 0.07339 0.073274 0.072183 0.071073 0.069948 0.068128 0.065612 0.063065 0.060197 0.057328 0.05399 0.050182 0.046374 0.041558 0.036645 0.0313 0.025522 0.019625 0.01357 0.0070356
107 0.072332 0.072799 0.07138 0.070343 0.069592 0.068007 0.06559 0.063144 0.060406 0.057667 0.054385 0.050559 0.046733 0.04188 0.036927 0.031581 0.025842 0.019918 0.013749 0.0071657
108 0.07213 0.072581 0.071059 0.070032 0.069375 0.067902 0.065613 0.06328 0.0605 0.05772 0.054457 0.05071 0.046963 0.042024 0.036969 0.031662 0.026103 0.020157 0.013696 0.0070664
109 0.072285 0.072241 0.070767 0.069703 0.068946 0.067506 0.065383 0.063202 0.060428 0.057653 0.054455 0.050833 0.047211 0.042287 0.037237 0.031937 0.026387 0.020455 0.014014 0.0070684
110 0.071953 0.07152 0.069866 0.068904 0.068463 0.0673 0.065416 0.06345 0.060642 0.057835 0.054631 0.051029 0.047427 0.042639 0.037735 0.032372 0.026549 0.020624 0.014562 0.0070852
111 0.071674 0.070905 0.06885 0.06797 0.067973 0.067132 0.065447 0.063665 0.060884 0.058103 0.054921 0.051336 0.047752 0.042992 0.038119 0.032752 0.026891 0.020858 0.014594 0.0071822
112 0.071041 0.070668 0.068494 0.067553 0.06754 0.066725 0.065108 0.063425 0.061058 0.058691 0.055631 0.051877 0.048123 0.043202 0.038167 0.032836 0.027208 0.021084 0.0143 0.0072669
113 0.07082 0.070458 0.068145 0.067015 0.066775 0.065904 0.064403 0.062866 0.060949 0.059033 0.056157 0.052322 0.048486 0.043527 0.038459 0.033197 0.02774 0.021606 0.01457 0.0075678
114 0.070752 0.069525 0.067395 0.066352 0.066126 0.06536 0.064055 0.062706 0.060915 0.059123 0.05635 0.052593 0.048837 0.043922 0.038894 0.033699 0.028337 0.02218 0.014965 0.007913
115 0.070714 0.068288 0.066466 0.06556 0.065344 0.064731 0.063721 0.062655 0.061002 0.05935 0.056696 0.05304 0.049384 0.044436 0.039362 0.034173 0.028871 0.022708 0.015399 0.0081003
