1 0 0 0 0 0 0 0 0 0 0 0 0 0 0 0 0 0 0 0 0
2 0 0 0 0 0 0 0 0 0 0 0 0 0 0 0 0 0 0 0 0
3 0 0 0 0 0 0 0 0 0 0 0 0 0 0 0 0 0 0 0 0
4 0 0 0 0 0 0 0 0 0 0 0 0 0 0 0 0 0 0 0 0
5 0 0 0 0 0 0 0 0 0 0 0 0 0 0 0 0 0 0 0 0
6 0 0 0 0 0 0 0 0 0 0 0 0 0 0 0 0 0 0 0 0
7 0 0 0 0 0 0 0 0 0 0 0 0 0 0 0 0 0 0 0 0
8 0 0 0 0 0 0 0 0 0 0 0 0 0 0 0 0 0 0 0 0
9 0 0 0 0 0 0 0 0 0 0 0 0 0 0 0 0 0 0 0 0
10 0 0 0 0 0 0 0 0 0 0 0 0 0 0 0 0 0 0 0 0
11 0 0 0 0 0 0 0 0 0 0 0 0 0 0 0 0 0 0 0 0
12 0 0 0 0 0 0 0 0 0 0 0 0 0 0 0 0 0 0 0 0
13 0 0 0 0 0 0 0 0 0 0 0 0 0 0 0 0 0 0 0 0
14 0 0 0 0 0 0 0 0 0 0 0 0 0 0 0 0 0 0 0 0
15 0 0 0 0 0 0 0 0 0 0 0 0 0 0 0 0 0 0 0 0
16 0 0 0 0 0 0 0 0 0 0 0 0 0 0 0 0 0 0 0 0
17 0 0 0 0 0 0 0 0 0 0 0 0 0 0 0 0 0 0 0 0
18 0 0 0 0 0 0 0 0 0 0 0 0 0 0 0 0 0 0 0 0
19 0 0 0 0 0 0 0 0 0 0 0 0 0 0 0 0 0 0 0 0
20 0 0 0 0 0 0 0 0 0 0 0 0 0 0 0 0 0 0 0 0
21 0 0 0 0 0 0 0 0 0 0 0 0 0 0 0 0 0 0 0 0
22 0 0 0 0 0 0 0 0 0 0 0 0 0 0 0 0 0 0 0 0
23 0 0 0 0 0 0 0 0 0 0 0 0 0 0 0 0 0 0 0 0
24 0 0 0 0 0 0 0 0 0 0 0 0 0 0 0 0 0 0 0 0
25 0 0 0 0 0 0 0 0 0 0 0 0 0 0 0 0 0 0 0 0
26 0 0 0 0 0 0 0 0 0 0 0 0 0 0 0 0 0 0 0 0
27 0 0 0 0 0 0 0 0 0 0 0 0 0 0 0 0 0 0 0 0
28 0 0 0 0 0 0 0 0 0 0 0 0 0 0 0 0 0 0 0 0
29 0 0 0 0 0 0 0 0 0 0 0 0 0 0 0 0 0 0 0 0
30 0.068835 0.05931 0.056501 0.055389 0.055553 0.055972 0.056647 0.057174 0.056164 0.055155 0.05352 0.051261 0.049001 0.046608 0.044202 0.041595 0.038787 0.036636 0.035361 0.026328
31 0.069551 0.061464 0.058019 0.056705 0.056991 0.057247 0.057471 0.057566 0.05632 0.055075 0.053125 0.050472 0.04782 0.045259 0.042707 0.040309 0.038062 0.035829 0.033614 0.026392
32 0.073983 0.068741 0.065875 0.063805 0.062331 0.060804 0.059221 0.057521 0.054607 0.051693 0.048815 0.045972 0.043129 0.040869 0.038666 0.036974 0.035794 0.033474 0.029636 0.02809
33 0.076265 0.071991 0.069092 0.066518 0.064188 0.061611 0.058786 0.055983 0.053403 0.050823 0.048171 0.045446 0.042721 0.040405 0.038127 0.035928 0.033806 0.031369 0.02851 0.026857
34 0.075358 0.073034 0.070064 0.066991 0.06384 0.060996 0.058459 0.055915 0.053291 0.050667 0.048125 0.045666 0.043207 0.040823 0.038446 0.03598 0.033425 0.030911 0.028451 0.026352
35 0.075932 0.072882 0.0702 0.067258 0.064121 0.061182 0.058441 0.055722 0.053225 0.050729 0.0482 0.04564 0.043079 0.040594 0.038117 0.035703 0.033355 0.030978 0.028563 0.02608
36 0.077298 0.073952 0.07078 0.067659 0.064575 0.06159 0.058703 0.055833 0.053144 0.050455 0.047793 0.045156 0.042519 0.040082 0.037665 0.035262 0.032875 0.030533 0.028253 0.025873
37 0.077877 0.074524 0.071194 0.068129 0.065262 0.062253 0.059101 0.055982 0.053211 0.050439 0.047679 0.044931 0.042183 0.039683 0.037207 0.03474 0.032282 0.029951 0.027788 0.025583
38 0.07872 0.075413 0.071828 0.068462 0.065261 0.062175 0.059204 0.056239 0.053334 0.050429 0.047604 0.044859 0.042113 0.039466 0.036827 0.034291 0.031857 0.02951 0.027278 0.02513
39 0.079008 0.075646 0.072424 0.069183 0.065927 0.062693 0.059481 0.05629 0.053325 0.050361 0.047477 0.044673 0.04187 0.039191 0.036525 0.033959 0.031493 0.029094 0.026784 0.024596
40 0.087084 0.086077 0.080274 0.07538 0.071169 0.066981 0.062816 0.058649 0.054477 0.050305 0.046345 0.042595 0.038846 0.03544 0.032066 0.028697 0.025332 0.022157 0.019233 0.016076
41 0.088923 0.085443 0.080469 0.075824 0.071426 0.067199 0.063143 0.059074 0.054869 0.050665 0.046601 0.042678 0.038754 0.035173 0.031625 0.028159 0.024775 0.021513 0.018412 0.015273
42 0.088773 0.084984 0.080757 0.076329 0.07175 0.067478 0.063514 0.059525 0.055284 0.051043 0.04689 0.042824 0.038759 0.035025 0.031323 0.02778 0.024395 0.021067 0.017815 0.014685
43 0.08916 0.085898 0.081397 0.076879 0.072349 0.067972 0.063746 0.05952 0.05528 0.05104 0.04687 0.042772 0.038673 0.034825 0.031002 0.027333 0.023818 0.020406 0.017132 0.013927
44 0.091082 0.086509 0.081771 0.077178 0.072693 0.068238 0.063811 0.059401 0.055166 0.050931 0.046754 0.042636 0.038518 0.034595 0.030691 0.026936 0.02333 0.019862 0.016577 0.013317
45 0.091609 0.08699 0.082297 0.077672 0.073098 0.068536 0.063986 0.059458 0.055161 0.050864 0.046636 0.042476 0.038316 0.034367 0.030439 0.026645 0.022985 0.019475 0.016164 0.012829
46 0.092183 0.087381 0.082711 0.078058 0.073418 0.06878 0.064144 0.059531 0.055171 0.050812 0.046534 0.04234 0.038145 0.034173 0.030223 0.026394 0.022685 0.01913 0.01578 0.012408
47 0.092665 0.087763 0.083026 0.078337 0.073683 0.069037 0.064397 0.059771 0.055291 0.05081 0.046455 0.042225 0.037995 0.033995 0.030016 0.026143 0.022377 0.018746 0.015295 0.011973
48 0.092993 0.088132 0.083327 0.078591 0.073906 0.069245 0.064608 0.059977 0.055407 0.050836 0.046415 0.042142 0.037869 0.033839 0.029832 0.025918 0.022098 0.018404 0.014878 0.011585
49 0.093401 0.08854 0.083641 0.078815 0.074044 0.069354 0.064744 0.060135 0.055524 0.050913 0.046436 0.042094 0.037751 0.033685 0.029645 0.025689 0.021815 0.018072 0.014501 0.011203
50 0.093667 0.088902 0.083961 0.079073 0.074226 0.069491 0.064866 0.060241 0.055611 0.050981 0.046464 0.042059 0.037655 0.033542 0.029458 0.025461 0.02155 0.017771 0.014167 0.010854
51 0.09423 0.089109 0.08424 0.07935 0.074445 0.069639 0.064933 0.060236 0.055629 0.051021 0.04649 0.042034 0.037578 0.033404 0.029258 0.025221 0.021294 0.017495 0.013868 0.010525
52 0.094338 0.089346 0.084484 0.079592 0.074677 0.069829 0.065045 0.060279 0.055679 0.051079 0.046528 0.042026 0.037523 0.033312 0.029129 0.025052 0.021082 0.017237 0.013562 0.0102
53 0.094477 0.089532 0.084599 0.079716 0.074872 0.070024 0.065173 0.060343 0.05574 0.051137 0.046565 0.042024 0.037483 0.033259 0.029066 0.02495 0.02091 0.016997 0.013251 0.0098804
54 0.094593 0.089698 0.084743 0.079852 0.075009 0.070154 0.065289 0.060444 0.055819 0.051194 0.046601 0.042041 0.037481 0.033212 0.028972 0.024813 0.020734 0.01678 0.012992 0.009579
55 0.094655 0.089775 0.084865 0.079962 0.075066 0.070208 0.065387 0.060582 0.055924 0.051266 0.046656 0.042093 0.037531 0.033197 0.028885 0.024679 0.020579 0.0166 0.012784 0.0093072
56 0.094951 0.089883 0.08497 0.080063 0.075162 0.070304 0.065488 0.060683 0.055996 0.05131 0.046677 0.042097 0.037516 0.033139 0.028782 0.024541 0.020416 0.016412 0.01257 0.0090384
57 0.094986 0.089978 0.085038 0.080145 0.075286 0.07044 0.065607 0.060786 0.056078 0.051371 0.046715 0.042111 0.037507 0.033099 0.028709 0.024438 0.020283 0.01625 0.012378 0.0087936
58 0.094999 0.090011 0.085087 0.080199 0.075338 0.070505 0.0657 0.0609 0.056158 0.051416 0.046746 0.042146 0.037547 0.033111 0.02869 0.02438 0.020179 0.016102 0.012191 0.0085953
59 0.094861 0.089984 0.085109 0.080233 0.075356 0.07054 0.065787 0.061032 0.056253 0.051474 0.046793 0.042209 0.037625 0.033161 0.028709 0.024355 0.020101 0.015975 0.012021 0.0084217
60 0.094822 0.089919 0.085075 0.080239 0.075408 0.070619 0.065871 0.061121 0.056343 0.051566 0.046878 0.042278 0.037679 0.033179 0.028688 0.024302 0.020022 0.015865 0.011872 0.0082534
61 0.094603 0.089802 0.084995 0.080219 0.075468 0.070716 0.065964 0.061212 0.05645 0.051688 0.046996 0.042376 0.037755 0.033217 0.028686 0.024269 0.019965 0.015777 0.011743 0.0080995
62 0.094563 0.089716 0.084979 0.080237 0.07549 0.070753 0.066025 0.061295 0.056542 0.051789 0.047085 0.042431 0.037777 0.033216 0.028664 0.024239 0.01994 0.015723 0.011613 0.0079245
63 0.09434 0.089597 0.084953 0.080249 0.0755 0.07078 0.066089 0.061394 0.056653 0.051912 0.047198 0.042511 0.037824 0.03324 0.028665 0.024229 0.019931 0.015681 0.011495 0.0077597
64 0.094282 0.08949 0.084881 0.080215 0.075507 0.070816 0.066142 0.061463 0.056728 0.051992 0.047275 0.042577 0.03788 0.033283 0.028697 0.024236 0.019901 0.015617 0.0114 0.0076169
65 0.093979 0.089376 0.084803 0.080185 0.075532 0.070877 0.066221 0.061557 0.056826 0.052094 0.047373 0.042663 0.037954 0.033342 0.028739 0.024251 0.019877 0.015558 0.011313 0.007479
66 0.093797 0.089165 0.084692 0.080144 0.075538 0.070909 0.066254 0.061594 0.05688 0.052165 0.047457 0.042755 0.038053 0.033428 0.028811 0.024295 0.01988 0.015534 0.011279 0.0073715
67 0.09346 0.08898 0.084612 0.080135 0.075576 0.070967 0.066309 0.061647 0.056948 0.052249 0.047549 0.042849 0.038148 0.033509 0.028875 0.024332 0.019878 0.015501 0.011226 0.0072514
68 0.09326 0.088778 0.084454 0.080038 0.075553 0.070981 0.066322 0.061665 0.057016 0.052367 0.047687 0.042977 0.038266 0.033612 0.028963 0.024394 0.019906 0.015485 0.011155 0.007124
69 0.092879 0.088626 0.08434 0.079975 0.075553 0.071015 0.066362 0.061713 0.057097 0.052482 0.047815 0.043096 0.038377 0.03371 0.029047 0.024452 0.019924 0.01546 0.011083 0.0069953
70 0.092681 0.088402 0.084169 0.07985 0.075466 0.070988 0.066414 0.061836 0.057207 0.052577 0.047908 0.043199 0.038491 0.033822 0.029156 0.024532 0.019951 0.015442 0.011029 0.0068792
71 0.092355 0.08821 0.084017 0.079735 0.075387 0.070965 0.066468 0.061959 0.057324 0.052689 0.048017 0.043309 0.038601 0.033926 0.029253 0.024608 0.01999 0.015439 0.010978 0.0067705
72 0.092092 0.087972 0.083786 0.079539 0.075245 0.070893 0.066484 0.062058 0.057451 0.052845 0.048179 0.043455 0.038731 0.034044 0.02936 0.024701 0.020065 0.015475 0.010946 0.0066789
73 0.091781 0.087785 0.083627 0.079416 0.075164 0.070865 0.066518 0.06215 0.057559 0.052968 0.048306 0.04357 0.038835 0.034141 0.02945 0.024776 0.020119 0.015492 0.010904 0.0065747
74 0.091397 0.087549 0.083521 0.07938 0.075155 0.07088 0.066554 0.062206 0.057626 0.053046 0.048392 0.043664 0.038937 0.034242 0.029551 0.024864 0.02018 0.015514 0.010872 0.0064699
75 0.090966 0.08728 0.083352 0.079272 0.075078 0.070832 0.066536 0.062218 0.057684 0.05315 0.04852 0.043793 0.039065 0.034371 0.02968 0.024982 0.020278 0.015581 0.010896 0.0064664
76 0.090563 0.086954 0.083066 0.079035 0.074895 0.070702 0.066457 0.062194 0.057752 0.053311 0.048721 0.043984 0.039246 0.034548 0.029853 0.025143 0.020417 0.015688 0.010957 0.0065148
77 0.090076 0.086624 0.082799 0.078832 0.07476 0.070632 0.066448 0.062246 0.057852 0.053458 0.048896 0.044166 0.039436 0.034729 0.030024 0.025282 0.020501 0.01574 0.011005 0.006494
78 0.08966 0.086161 0.082455 0.078597 0.074623 0.070586 0.066484 0.062357 0.057976 0.053594 0.049053 0.04435 0.039648 0.034932 0.030214 0.02543 0.02058 0.015784 0.011058 0.0064581
79 0.089339 0.08576 0.082159 0.078398 0.074517 0.070552 0.066505 0.062429 0.058056 0.053682 0.049161 0.044491 0.039822 0.0351 0.030374 0.025578 0.020714 0.015875 0.01107 0.0064194
80 0.088842 0.085434 0.081911 0.078231 0.074434 0.07053 0.066519 0.062477 0.058114 0.05375 0.049254 0.044626 0.039997 0.035274 0.030541 0.025741 0.020873 0.015989 0.011082 0.0063799
81 0.088348 0.085119 0.081685 0.078091 0.074377 0.070539 0.066579 0.062581 0.058201 0.053821 0.049344 0.044769 0.040193 0.035454 0.030698 0.025857 0.020931 0.016001 0.011068 0.006346
82 0.087971 0.084729 0.081406 0.077913 0.074292 0.070534 0.066639 0.062699 0.058294 0.05389 0.049432 0.04492 0.040409 0.035651 0.030869 0.025982 0.020991 0.016014 0.011058 0.006307
83 0.087426 0.084321 0.081154 0.077738 0.074136 0.07043 0.066619 0.062759 0.058391 0.054023 0.0496 0.045122 0.040644 0.035867 0.031061 0.026153 0.021142 0.016117 0.011076 0.0062205
84 0.086869 0.083926 0.080941 0.077585 0.07395 0.070276 0.066563 0.062796 0.058483 0.05417 0.049789 0.045339 0.040889 0.036091 0.03126 0.026328 0.021296 0.016221 0.011091 0.0061363
85 0.086387 0.083532 0.080596 0.077308 0.073756 0.070164 0.06653 0.062844 0.058614 0.054383 0.050041 0.045589 0.041137 0.036305 0.031436 0.026474 0.02142 0.0163 0.011092 0.0060916
86 0.086078 0.083142 0.080171 0.076946 0.073532 0.070047 0.066492 0.062885 0.05874 0.054596 0.050296 0.045841 0.041385 0.03652 0.031615 0.026623 0.021545 0.016384 0.011112 0.0060512
87 0.085599 0.082605 0.079732 0.076646 0.073399 0.07001 0.066479 0.062901 0.058847 0.054792 0.05054 0.04609 0.04164 0.036748 0.031815 0.026787 0.021666 0.016477 0.011196 0.0060312
88 0.084785 0.081997 0.079279 0.076359 0.073289 0.069994 0.066474 0.062915 0.05896 0.055005 0.050805 0.04636 0.041916 0.03701 0.032059 0.027003 0.021841 0.01661 0.011287 0.0060527
89 0.084341 0.081511 0.078839 0.075969 0.07295 0.069759 0.066397 0.062989 0.059102 0.055215 0.051041 0.046581 0.04212 0.037244 0.032328 0.027273 0.022078 0.016783 0.011353 0.0061265
90 0.083492 0.081108 0.078427 0.075566 0.07257 0.069481 0.066301 0.063064 0.059253 0.055442 0.051307 0.046847 0.042387 0.037537 0.032649 0.027586 0.022347 0.016986 0.011463 0.0061886
91 0.082604 0.080588 0.077973 0.075254 0.072457 0.069483 0.066331 0.063122 0.059326 0.055531 0.05144 0.047055 0.042669 0.037829 0.032944 0.027858 0.022572 0.017162 0.011589 0.006213
92 0.081972 0.079999 0.077454 0.074888 0.072305 0.069455 0.066336 0.06316 0.0594 0.05564 0.051603 0.04729 0.042977 0.038133 0.033237 0.028122 0.022788 0.017334 0.011718 0.0061879
93 0.081117 0.079655 0.077238 0.074703 0.072081 0.069257 0.06623 0.063147 0.059485 0.055824 0.05185 0.047564 0.043277 0.038404 0.033474 0.028324 0.022956 0.017471 0.011833 0.0061108
94 0.080083 0.079287 0.076995 0.074496 0.071841 0.069053 0.06613 0.06315 0.059586 0.056022 0.052101 0.047825 0.043548 0.038687 0.03377 0.028594 0.02316 0.017619 0.011935 0.0061174
95 0.079909 0.078839 0.076647 0.074258 0.071721 0.068999 0.066092 0.063132 0.059618 0.056104 0.052204 0.047917 0.04363 0.038852 0.034026 0.028853 0.023333 0.017724 0.011996 0.0061469
96 0.07974 0.078229 0.076153 0.07391 0.071542 0.068926 0.066064 0.063149 0.059695 0.056241 0.052383 0.048122 0.04386 0.039077 0.034243 0.029044 0.02348 0.017844 0.012111 0.0061897
97 0.07923 0.077974 0.075684 0.07351 0.071424 0.068968 0.066141 0.063261 0.059825 0.056389 0.052565 0.048353 0.044141 0.039267 0.03433 0.029083 0.023525 0.017907 0.012206 0.0062152
98 0.079151 0.077455 0.075038 0.072951 0.071112 0.068816 0.066064 0.063258 0.059892 0.056526 0.052763 0.048603 0.044443 0.039538 0.034562 0.029299 0.023749 0.018117 0.012374 0.0062878
99 0.077865 0.076715 0.074848 0.072886 0.07085 0.068525 0.06591 0.063239 0.05999 0.056742 0.053051 0.048918 0.044784 0.039867 0.034873 0.029598 0.024039 0.018372 0.012561 0.0063657
100 0.077155 0.075749 0.074522 0.072793 0.070686 0.068379 0.065873 0.063305 0.060089 0.056873 0.053221 0.049135 0.045049 0.04017 0.035213 0.029952 0.024385 0.018618 0.012584 0.006249
101 0.076569 0.075595 0.074286 0.072656 0.070786 0.068565 0.065993 0.063357 0.060051 0.056745 0.053093 0.049095 0.045098 0.040305 0.035435 0.030223 0.024668 0.018811 0.012553 0.0061148
102 0.075345 0.075102 0.073777 0.072287 0.070673 0.068565 0.065963 0.063305 0.060066 0.056826 0.053258 0.04936 0.045462 0.040675 0.035802 0.030538 0.024881 0.018994 0.012803 0.0063197
103 0.074665 0.074391 0.073261 0.071937 0.070468 0.068425 0.065808 0.06315 0.060071 0.056993 0.053534 0.049697 0.045859 0.041038 0.036123 0.030788 0.025035 0.019141 0.013058 0.0065579
104 0.073668 0.073378 0.072367 0.071244 0.070037 0.068166 0.065631 0.063064 0.060165 0.057267 0.053914 0.050108 0.046302 0.041486 0.036572 0.031226 0.025448 0.019545 0.013475 0.0069389
105 0.072537 0.072864 0.071538 0.070487 0.069642 0.068 0.065562 0.063095 0.060331 0.057567 0.054281 0.050472 0.046663 0.041842 0.036924 0.031573 0.02579 0.019871 0.013769 0.0071941
106 0.072072 0.072588 0.071062 0.070048 0.06942 0.067945 0.065623 0.063263 0.060497 0.057731 0.054465 0.050698 0.04693 0.042014 0.036986 0.031666 0.026054 0.02011 0.013726 0.0071024
107 0.072232 0.072373 0.070891 0.069841 0.069116 0.067671 0.065506 0.063285 0.060479 0.057674 0.054436 0.050765 0.047095 0.042144 0.037068 0.031792 0.026316 0.020391 0.013867 0.0070571
108 0.071995 0.071623 0.070066 0.069092 0.068555 0.067323 0.065397 0.063395 0.060603 0.057811 0.054612 0.051006 0.0474 0.042573 0.037628 0.03228 0.026529 0.020597 0.014424 0.0070888
109 0.071728 0.071072 0.069129 0.068233 0.068123 0.0672 0.065466 0.063635 0.060795 0.057955 0.054752 0.051188 0.047624 0.042907 0.038078 0.032709 0.026798 0.020792 0.014658 0.0071586
110 0.071179 0.070613 0.068478 0.067587 0.067631 0.06684 0.065214 0.063514 0.061038 0.058561 0.05547 0.051764 0.048057 0.043179 0.038188 0.032844 0.027148 0.021044 0.0144 0.0072521
111 0.070732 0.070548 0.068275 0.067201 0.067027 0.066159 0.064597 0.062996 0.060995 0.058993 0.056069 0.052221 0.048373 0.043409 0.038337 0.033063 0.027588 0.021463 0.014472 0.0074833
112 0.070733 0.069755 0.067562 0.066496 0.066275 0.065491 0.064143 0.062753 0.060932 0.059111 0.056313 0.052538 0.048762 0.043835 0.038797 0.033582 0.028192 0.022038 0.014867 0.0078233
113 0.070707 0.068639 0.066741 0.065801 0.065582 0.064899 0.063753 0.062561 0.0609 0.059238 0.056575 0.052909 0.049243 0.044323 0.039281 0.034099 0.028776 0.022605 0.015304 0.0080645
114 0.070357 0.067856 0.066125 0.065227 0.064954 0.06445 0.063715 0.062893 0.06117 0.059447 0.05679 0.053199 0.049608 0.044604 0.039463 0.034284 0.029068 0.022955 0.015646 0.0081899
115 0.069987 0.067751 0.065838 0.064737 0.064247 0.063842 0.063523 0.063073 0.06126 0.059447 0.056806 0.053335 0.049865 0.044942 0.039879 0.03467 0.029317 0.023166 0.015955 0.0083617
