1 0 0 0 0 0 0 0 0 0 0 0 0 0 0 0 0 0 0 0 0
2 0 0 0 0 0 0 0 0 0 0 0 0 0 0 0 0 0 0 0 0
3 0 0 0 0 0 0 0 0 0 0 0 0 0 0 0 0 0 0 0 0
4 0 0 0 0 0 0 0 0 0 0 0 0 0 0 0 0 0 0 0 0
5 0 0 0 0 0 0 0 0 0 0 0 0 0 0 0 0 0 0 0 0
6 0 0 0 0 0 0 0 0 0 0 0 0 0 0 0 0 0 0 0 0
7 0 0 0 0 0 0 0 0 0 0 0 0 0 0 0 0 0 0 0 0
8 0 0 0 0 0 0 0 0 0 0 0 0 0 0 0 0 0 0 0 0
9 0 0 0 0 0 0 0 0 0 0 0 0 0 0 0 0 0 0 0 0
10 0 0 0 0 0 0 0 0 0 0 0 0 0 0 0 0 0 0 0 0
11 0 0 0 0 0 0 0 0 0 0 0 0 0 0 0 0 0 0 0 0
12 0 0 0 0 0 0 0 0 0 0 0 0 0 0 0 0 0 0 0 0
13 0 0 0 0 0 0 0 0 0 0 0 0 0 0 0 0 0 0 0 0
14 0 0 0 0 0 0 0 0 0 0 0 0 0 0 0 0 0 0 0 0
15 0 0 0 0 0 0 0 0 0 0 0 0 0 0 0 0 0 0 0 0
16 0 0 0 0 0 0 0 0 0 0 0 0 0 0 0 0 0 0 0 0
17 0 0 0 0 0 0 0 0 0 0 0 0 0 0 0 0 0 0 0 0
18 0 0 0 0 0 0 0 0 0 0 0 0 0 0 0 0 0 0 0 0
19 0 0 0 0 0 0 0 0 0 0 0 0 0 0 0 0 0 0 0 0
20 0 0 0 0 0 0 0 0 0 0 0 0 0 0 0 0 0 0 0 0
21 0 0 0 0 0 0 0 0 0 0 0 0 0 0 0 0 0 0 0 0
22 0 0 0 0 0 0 0 0 0 0 0 0 0 0 0 0 0 0 0 0
23 0 0 0 0 0 0 0 0 0 0 0 0 0 0 0 0 0 0 0 0
24 0 0 0 0 0 0 0 0 0 0 0 0 0 0 0 0 0 0 0 0
25 0 0 0 0 0 0 0 0 0 0 0 0 0 0 0 0 0 0 0 0
26 0 0 0 0 0 0 0 0 0 0 0 0 0 0 0 0 0 0 0 0
27 0 0 0 0 0 0 0 0 0 0 0 0 0 0 0 0 0 0 0 0
28 0 0 0 0 0 0 0 0 0 0 0 0 0 0 0 0 0 0 0 0
29 0.069259 0.059631 0.056766 0.055608 0.055731 0.05611 0.056745 0.057232 0.056181 0.055131 0.053459 0.051166 0.048873 0.046455 0.044024 0.041398 0.038576 0.036409 0.035116 0.026128
30 0.071148 0.06348 0.060485 0.058984 0.058605 0.058295 0.058054 0.05768 0.05593 0.05418 0.051928 0.049173 0.046418 0.043744 0.041076 0.038934 0.037316 0.035142 0.032228 0.027199
31 0.073421 0.068591 0.066185 0.064515 0.063397 0.06179 0.059694 0.057513 0.054455 0.051397 0.048517 0.045814 0.043112 0.040677 0.038267 0.036482 0.035321 0.033154 0.029646 0.028052
32 0.075977 0.072106 0.069566 0.066909 0.064164 0.061423 0.058685 0.055962 0.053389 0.050816 0.048195 0.045526 0.042858 0.040495 0.038161 0.035851 0.033566 0.031126 0.028483 0.026742
33 0.075428 0.073068 0.069925 0.066884 0.063921 0.061107 0.058444 0.055793 0.053271 0.05075 0.048244 0.045752 0.04326 0.04082 0.038386 0.035928 0.033448 0.030951 0.028432 0.026189
34 0.076362 0.073127 0.070314 0.067316 0.06418 0.061231 0.058469 0.055726 0.053179 0.050632 0.04808 0.045522 0.042965 0.040482 0.038006 0.035609 0.033289 0.030939 0.028549 0.026021
35 0.07741 0.074032 0.070868 0.067784 0.06476 0.061767 0.058804 0.055863 0.053143 0.050422 0.047732 0.045073 0.042413 0.039989 0.037588 0.035175 0.03275 0.030408 0.028177 0.025842
36 0.078096 0.074747 0.071335 0.068182 0.065223 0.062201 0.059115 0.056053 0.053247 0.050441 0.047666 0.044923 0.042179 0.039639 0.037117 0.034632 0.032183 0.029852 0.027679 0.025489
37 0.078791 0.07547 0.071969 0.068632 0.065417 0.062296 0.059269 0.05625 0.053331 0.050412 0.047573 0.044814 0.042055 0.039399 0.036754 0.034213 0.031774 0.029415 0.027162 0.025005
38 0.079209 0.075822 0.072554 0.06928 0.066 0.062746 0.059516 0.056308 0.053325 0.050342 0.047447 0.044638 0.04183 0.039131 0.036442 0.033862 0.031392 0.028989 0.026676 0.024491
39 0.080029 0.076551 0.073016 0.069579 0.066216 0.0629 0.059631 0.056381 0.053332 0.050282 0.047347 0.044527 0.041707 0.038923 0.036143 0.033505 0.031009 0.028585 0.026258 0.024081
40 0.089103 0.085321 0.080526 0.075933 0.071491 0.067253 0.063218 0.059168 0.054955 0.050742 0.046657 0.0427 0.038743 0.035126 0.031542 0.028059 0.024675 0.021398 0.018262 0.015127
41 0.088508 0.085164 0.080916 0.076481 0.071907 0.067613 0.063597 0.059562 0.055319 0.051076 0.046916 0.042839 0.038763 0.035 0.031268 0.027693 0.024275 0.020925 0.017665 0.014515
42 0.089402 0.086073 0.08151 0.076972 0.072451 0.068053 0.063777 0.059504 0.055265 0.051025 0.046853 0.042749 0.038644 0.034777 0.030933 0.027242 0.023704 0.020279 0.017002 0.013785
43 0.091319 0.086619 0.08189 0.077289 0.072782 0.068301 0.063845 0.059407 0.055157 0.050907 0.046719 0.042591 0.038464 0.034535 0.030625 0.026862 0.023244 0.019767 0.016476 0.0132
44 0.091616 0.087095 0.082408 0.077776 0.073184 0.0686 0.064026 0.059475 0.055165 0.050855 0.046616 0.042448 0.03828 0.034326 0.030392 0.026591 0.02292 0.019402 0.016086 0.012738
45 0.092288 0.087477 0.082789 0.078127 0.073483 0.068841 0.064203 0.059587 0.055199 0.05081 0.046515 0.042312 0.038108 0.03413 0.030173 0.026334 0.022612 0.01904 0.015667 0.012307
46 0.092833 0.087835 0.083085 0.078388 0.073731 0.069082 0.064441 0.059812 0.055308 0.050805 0.046435 0.042198 0.037961 0.033955 0.029972 0.026091 0.022314 0.018668 0.015199 0.011888
47 0.09304 0.088235 0.083408 0.078649 0.073943 0.069274 0.064643 0.060016 0.055435 0.050855 0.04642 0.042131 0.037842 0.033803 0.029789 0.025865 0.022033 0.018328 0.014791 0.011498
48 0.093417 0.088632 0.083713 0.078868 0.074078 0.069381 0.064776 0.06017 0.05555 0.050931 0.046442 0.042085 0.037728 0.033655 0.029608 0.025643 0.02176 0.018006 0.014427 0.011129
49 0.093836 0.08895 0.084024 0.079135 0.074274 0.069522 0.064879 0.060237 0.055612 0.050986 0.046466 0.04205 0.037634 0.033508 0.02941 0.025404 0.02149 0.017707 0.014098 0.010779
50 0.094243 0.089166 0.084309 0.079417 0.074498 0.069677 0.064954 0.060241 0.055638 0.051034 0.046499 0.042032 0.037565 0.033379 0.029219 0.025174 0.021243 0.017441 0.013809 0.01046
51 0.094442 0.089385 0.084506 0.079616 0.074717 0.069868 0.065069 0.060288 0.055688 0.051087 0.046531 0.04202 0.03751 0.033296 0.029111 0.025026 0.02104 0.017181 0.013491 0.010127
52 0.094501 0.089575 0.084626 0.079745 0.074914 0.070066 0.065199 0.060356 0.055752 0.051148 0.046572 0.042022 0.037473 0.033247 0.029052 0.024927 0.020874 0.016947 0.013188 0.0098154
53 0.094623 0.089718 0.084772 0.079878 0.075022 0.070166 0.06531 0.060473 0.055841 0.051208 0.046611 0.04205 0.037489 0.033207 0.028951 0.024781 0.020698 0.016739 0.012945 0.0095186
54 0.094701 0.089791 0.08489 0.079985 0.075077 0.070217 0.065406 0.060607 0.055943 0.051278 0.046664 0.042101 0.037538 0.033191 0.028864 0.024649 0.020545 0.016562 0.012741 0.0092508
55 0.094991 0.089904 0.084984 0.08008 0.075188 0.070332 0.065512 0.060703 0.056012 0.051321 0.046683 0.042097 0.037512 0.033128 0.028764 0.024517 0.020385 0.016376 0.012527 0.0089844
56 0.094947 0.090006 0.08506 0.080168 0.075316 0.070472 0.065636 0.06081 0.056098 0.051386 0.046725 0.042115 0.037506 0.033091 0.028695 0.024416 0.020256 0.016216 0.012338 0.0087433
57 0.095025 0.090002 0.085088 0.080203 0.075338 0.070509 0.065715 0.060925 0.056175 0.051425 0.046753 0.042157 0.037561 0.033119 0.028692 0.024372 0.02016 0.016073 0.012153 0.0085568
58 0.094818 0.089991 0.085125 0.08025 0.075368 0.070556 0.065813 0.061066 0.056278 0.05149 0.046804 0.042219 0.037635 0.033163 0.028702 0.024339 0.020077 0.015943 0.011982 0.0083807
59 0.094818 0.089891 0.085055 0.080232 0.075418 0.070637 0.065889 0.061138 0.056364 0.05159 0.046901 0.042297 0.037693 0.033185 0.028685 0.024293 0.020008 0.015845 0.011844 0.0082198
60 0.094556 0.089824 0.085019 0.080248 0.075502 0.070749 0.065991 0.061232 0.056468 0.051704 0.047007 0.042378 0.037748 0.033204 0.028667 0.024248 0.019945 0.015752 0.011705 0.008055
61 0.094527 0.089688 0.084972 0.080238 0.075491 0.070757 0.066037 0.061315 0.056564 0.051814 0.047108 0.042447 0.037786 0.033221 0.028664 0.024237 0.01994 0.015715 0.011588 0.0078897
62 0.094306 0.089613 0.084974 0.08027 0.075517 0.070795 0.066103 0.061408 0.056664 0.05192 0.047203 0.042513 0.037822 0.033236 0.028661 0.024221 0.019917 0.015662 0.011471 0.0077265
63 0.094212 0.089462 0.084861 0.080206 0.07551 0.070827 0.066158 0.061483 0.056749 0.052015 0.047298 0.042598 0.037898 0.033299 0.028708 0.024242 0.019898 0.015606 0.011381 0.0075878
64 0.093957 0.089355 0.084792 0.080181 0.075533 0.07088 0.066222 0.061558 0.05683 0.052103 0.047385 0.042678 0.037971 0.033356 0.028751 0.024258 0.019876 0.015552 0.011305 0.0074556
65 0.093751 0.08911 0.084663 0.080132 0.075539 0.070916 0.066263 0.061604 0.056894 0.052183 0.047477 0.042776 0.038076 0.033448 0.028828 0.024306 0.019882 0.01553 0.011273 0.007349
66 0.093452 0.088931 0.084573 0.08011 0.075567 0.070967 0.066309 0.061649 0.05696 0.052272 0.047577 0.042875 0.038173 0.03353 0.028894 0.024345 0.019884 0.015498 0.011211 0.0072247
67 0.093194 0.088733 0.084419 0.080017 0.075549 0.070985 0.066327 0.06167 0.057032 0.052394 0.047719 0.043006 0.038294 0.033636 0.028983 0.024409 0.019913 0.015483 0.011141 0.007097
68 0.092826 0.088576 0.084302 0.079948 0.075534 0.071009 0.066374 0.06174 0.057122 0.052503 0.047836 0.043119 0.038403 0.033735 0.029072 0.024471 0.019931 0.015457 0.011073 0.0069716
69 0.092615 0.088351 0.08413 0.079822 0.075448 0.070983 0.066427 0.061865 0.057232 0.0526 0.047931 0.043224 0.038518 0.033848 0.029182 0.024552 0.019959 0.01544 0.011019 0.0068546
70 0.092308 0.088154 0.083963 0.07969 0.075354 0.070948 0.06647 0.06198 0.057351 0.052722 0.048053 0.043341 0.03863 0.033952 0.029277 0.024629 0.020007 0.015448 0.010972 0.0067519
71 0.092006 0.087917 0.083734 0.079495 0.075214 0.070879 0.066489 0.062082 0.057482 0.052882 0.048218 0.04349 0.038762 0.034073 0.029386 0.024723 0.020084 0.015485 0.01094 0.0066597
72 0.091699 0.087729 0.0836 0.079405 0.07516 0.070867 0.066525 0.062162 0.057574 0.052986 0.048325 0.043592 0.038859 0.034164 0.029473 0.024796 0.020133 0.015498 0.010899 0.0065537
73 0.091293 0.087492 0.083494 0.07937 0.075152 0.070883 0.066563 0.06222 0.057643 0.053066 0.048414 0.043688 0.038962 0.034268 0.029576 0.024886 0.020195 0.015521 0.010866 0.0064479
74 0.090889 0.087204 0.083286 0.079217 0.075036 0.070803 0.066518 0.062213 0.057699 0.053185 0.048564 0.043834 0.039105 0.03441 0.029718 0.025018 0.020309 0.015605 0.01091 0.0064773
75 0.090431 0.086878 0.083001 0.078981 0.074855 0.070675 0.066442 0.062192 0.057771 0.053351 0.04877 0.044031 0.039291 0.034591 0.029895 0.025182 0.020451 0.015715 0.010973 0.0065253
76 0.089995 0.086518 0.08272 0.078778 0.074727 0.07062 0.066454 0.062269 0.057879 0.053488 0.048931 0.044207 0.039483 0.034774 0.030066 0.025315 0.02052 0.015751 0.011017 0.0064876
77 0.089588 0.086045 0.082369 0.078537 0.074588 0.070572 0.066489 0.062381 0.058003 0.053626 0.049089 0.044393 0.039698 0.034979 0.030259 0.025467 0.020603 0.015797 0.011066 0.0064509
78 0.089236 0.085682 0.0821 0.078358 0.074496 0.070545 0.066507 0.062439 0.058069 0.053698 0.049183 0.044522 0.039862 0.03514 0.030412 0.025615 0.020749 0.015901 0.011075 0.0064125
79 0.088711 0.085358 0.081855 0.078196 0.074419 0.07053 0.066528 0.062495 0.058134 0.053773 0.049282 0.044663 0.040043 0.035317 0.030579 0.025772 0.020893 0.015998 0.011081 0.0063732
80 0.088245 0.085029 0.08162 0.078049 0.074357 0.070538 0.066592 0.062607 0.058223 0.053839 0.049366 0.044805 0.040243 0.035499 0.030738 0.025887 0.020947 0.016007 0.011068 0.0063404
81 0.08785 0.084622 0.081328 0.07786 0.074262 0.070525 0.066647 0.062723 0.058316 0.053909 0.049458 0.044961 0.040465 0.035704 0.030917 0.026026 0.021029 0.016042 0.011066 0.0062919
82 0.087267 0.084231 0.081104 0.077703 0.074096 0.070398 0.066609 0.06277 0.058414 0.054058 0.049645 0.045173 0.040701 0.03592 0.031108 0.026195 0.021179 0.016143 0.011082 0.0062023
83 0.086759 0.083814 0.080874 0.077535 0.073895 0.07023 0.066541 0.062799 0.058508 0.054216 0.049847 0.0454 0.040954 0.036148 0.031308 0.026369 0.021331 0.016245 0.011096 0.0061302
84 0.086255 0.083446 0.080504 0.077232 0.073711 0.070143 0.066527 0.062859 0.058647 0.054435 0.050102 0.045649 0.041197 0.036356 0.031479 0.02651 0.021451 0.01632 0.011094 0.0060828
85 0.08604 0.083022 0.080046 0.076842 0.073468 0.070013 0.066476 0.062887 0.058766 0.054646 0.050358 0.045904 0.04145 0.036578 0.031666 0.026666 0.021578 0.016409 0.011134 0.0060498
86 0.085363 0.082475 0.079637 0.076588 0.07338 0.070012 0.066485 0.062913 0.058879 0.054845 0.050604 0.046155 0.041706 0.036809 0.031868 0.026832 0.0217 0.016503 0.011219 0.0060289
87 0.084666 0.081801 0.079133 0.076256 0.073222 0.069961 0.066472 0.062943 0.059004 0.055065 0.050872 0.046423 0.041975 0.037074 0.032129 0.027071 0.021901 0.016654 0.011307 0.0060712
88 0.084176 0.081416 0.078745 0.075879 0.072867 0.0697 0.066378 0.063008 0.059137 0.055267 0.0511 0.046636 0.042172 0.037304 0.032395 0.02734 0.022137 0.016826 0.011371 0.0061452
89 0.083218 0.080968 0.078307 0.075484 0.072538 0.069481 0.066312 0.063087 0.059282 0.055477 0.051353 0.046908 0.042462 0.037613 0.032725 0.027655 0.022404 0.017031 0.011496 0.0061972
90 0.082439 0.080455 0.077858 0.075173 0.072424 0.069477 0.066332 0.063131 0.05934 0.055549 0.05147 0.047103 0.042737 0.037899 0.033015 0.027924 0.022627 0.017206 0.01162 0.0062201
91 0.081791 0.079879 0.077379 0.074833 0.072254 0.069415 0.066317 0.063163 0.059425 0.055687 0.051664 0.047357 0.043049 0.038199 0.033295 0.028173 0.022831 0.017368 0.011746 0.0061749
92 0.080793 0.079579 0.07719 0.074662 0.07203 0.069212 0.066209 0.06315 0.059513 0.055876 0.051918 0.047638 0.043358 0.038477 0.033539 0.028381 0.023003 0.01751 0.011865 0.0060961
93 0.079934 0.07918 0.076917 0.074446 0.071818 0.069046 0.066128 0.063154 0.059602 0.056049 0.052134 0.047856 0.043577 0.038733 0.033834 0.028658 0.023205 0.017648 0.011953 0.0061265
94 0.079943 0.07871 0.076545 0.074184 0.071678 0.068975 0.066075 0.063121 0.059622 0.056122 0.052228 0.047941 0.043653 0.038895 0.03409 0.028918 0.023378 0.017753 0.012014 0.0061557
95 0.079575 0.078164 0.076045 0.07382 0.071514 0.068934 0.066081 0.063176 0.059727 0.056278 0.052429 0.048178 0.043928 0.039126 0.03427 0.029061 0.023497 0.017863 0.012135 0.0061977
96 0.079177 0.077889 0.07555 0.073397 0.071381 0.068966 0.066151 0.063282 0.059852 0.056423 0.052608 0.048409 0.04421 0.039317 0.034356 0.029097 0.023541 0.017927 0.012237 0.0062298
97 0.079075 0.077265 0.074969 0.072912 0.071034 0.068735 0.066015 0.06324 0.059902 0.056563 0.052817 0.048664 0.044512 0.039606 0.034627 0.029362 0.023811 0.018171 0.012414 0.006305
98 0.077698 0.076512 0.074781 0.072852 0.070773 0.068444 0.065865 0.063229 0.060011 0.056793 0.053121 0.048995 0.04487 0.03995 0.034953 0.029675 0.024117 0.018433 0.012581 0.0063489
99 0.077013 0.0757 0.074459 0.072754 0.070699 0.068414 0.065897 0.063317 0.060084 0.056851 0.053202 0.049135 0.045069 0.040207 0.035269 0.030017 0.024451 0.018664 0.01258 0.0062181
100 0.076353 0.075527 0.074202 0.0726 0.070791 0.068594 0.06601 0.06336 0.060035 0.056711 0.053061 0.049087 0.045113 0.040349 0.035509 0.030304 0.024736 0.018873 0.01262 0.0061643
101 0.075107 0.074943 0.073663 0.072211 0.07063 0.068538 0.065936 0.063281 0.060076 0.056872 0.053328 0.049443 0.045558 0.040764 0.035882 0.030601 0.02492 0.019028 0.012855 0.0063649
102 0.074471 0.074167 0.073089 0.07181 0.07038 0.068357 0.06574 0.063087 0.06005 0.057013 0.053588 0.049774 0.045961 0.04115 0.036244 0.030911 0.025151 0.01925 0.013162 0.0066447
103 0.073375 0.073249 0.072175 0.071071 0.069944 0.068124 0.065612 0.063069 0.0602 0.057332 0.053995 0.05019 0.046385 0.041569 0.036656 0.03131 0.025529 0.019627 0.013565 0.0070235
104 0.072298 0.072758 0.071359 0.070328 0.069574 0.06799 0.065577 0.063136 0.060405 0.057674 0.054397 0.050572 0.046748 0.041899 0.036952 0.031603 0.025854 0.019928 0.013767 0.0071797
105 0.072067 0.072533 0.071019 0.070002 0.069357 0.067891 0.065606 0.063277 0.060505 0.057734 0.054475 0.050729 0.046983 0.042048 0.036999 0.031689 0.026118 0.020169 0.013718 0.0070825
106 0.072229 0.072213 0.070747 0.069694 0.06895 0.067518 0.065398 0.063219 0.060438 0.057657 0.054457 0.050839 0.047221 0.042293 0.037238 0.031941 0.026402 0.020466 0.014003 0.0070759
107 0.071903 0.071485 0.069851 0.068897 0.068453 0.06729 0.065407 0.063444 0.060644 0.057845 0.054646 0.051048 0.047449 0.042655 0.037744 0.032383 0.026571 0.02064 0.014551 0.007095
108 0.071624 0.070876 0.068844 0.067971 0.06797 0.067128 0.065445 0.063665 0.060877 0.058089 0.054908 0.051334 0.04776 0.043009 0.038144 0.032775 0.026902 0.020869 0.014625 0.0071871
109 0.070993 0.070612 0.068451 0.067525 0.067527 0.066723 0.065114 0.063437 0.061061 0.058684 0.055625 0.051882 0.04814 0.043227 0.038201 0.032866 0.027223 0.0211 0.014337 0.0072733
110 0.07076 0.070423 0.068125 0.067011 0.066788 0.065921 0.064413 0.062868 0.060955 0.059041 0.056168 0.052334 0.0485 0.04354 0.038471 0.033205 0.027742 0.021605 0.01457 0.0075612
111 0.070692 0.069499 0.067373 0.066338 0.066121 0.065362 0.06406 0.062714 0.060926 0.059137 0.056365 0.05261 0.048855 0.043939 0.03891 0.03371 0.02834 0.022179 0.014965 0.0079057
112 0.070658 0.068277 0.066458 0.065556 0.065341 0.064725 0.063708 0.062636 0.060994 0.059351 0.056704 0.05305 0.049397 0.044453 0.039385 0.034196 0.028887 0.022717 0.015402 0.0081054
113 0.070229 0.067833 0.066067 0.06513 0.064815 0.064336 0.063691 0.062949 0.061206 0.059463 0.056807 0.053239 0.049671 0.044651 0.039491 0.034317 0.029129 0.023032 0.015724 0.0082185
114 0.069864 0.067684 0.06573 0.064588 0.064054 0.063656 0.063394 0.062998 0.061233 0.059467 0.056861 0.053415 0.049969 0.045095 0.040082 0.034852 0.029404 0.023213 0.016032 0.0084095
115 0.069282 0.06718 0.065783 0.064546 0.06343 0.062819 0.062711 0.062478 0.060949 0.05942 0.056992 0.053666 0.05034 0.04572 0.040975 0.035644 0.029725 0.023349 0.016363 0.0086273
