1 0 0 0 0 0 0 0 0 0 0 0 0 0 0 0 0 0 0 0 0
2 0 0 0 0 0 0 0 0 0 0 0 0 0 0 0 0 0 0 0 0
3 0 0 0 0 0 0 0 0 0 0 0 0 0 0 0 0 0 0 0 0
4 0 0 0 0 0 0 0 0 0 0 0 0 0 0 0 0 0 0 0 0
5 0 0 0 0 0 0 0 0 0 0 0 0 0 0 0 0 0 0 0 0
6 0 0 0 0 0 0 0 0 0 0 0 0 0 0 0 0 0 0 0 0
7 0 0 0 0 0 0 0 0 0 0 0 0 0 0 0 0 0 0 0 0
8 0 0 0 0 0 0 0 0 0 0 0 0 0 0 0 0 0 0 0 0
9 0 0 0 0 0 0 0 0 0 0 0 0 0 0 0 0 0 0 0 0
10 0 0 0 0 0 0 0 0 0 0 0 0 0 0 0 0 0 0 0 0
11 0 0 0 0 0 0 0 0 0 0 0 0 0 0 0 0 0 0 0 0
12 0 0 0 0 0 0 0 0 0 0 0 0 0 0 0 0 0 0 0 0
13 0 0 0 0 0 0 0 0 0 0 0 0 0 0 0 0 0 0 0 0
14 0 0 0 0 0 0 0 0 0 0 0 0 0 0 0 0 0 0 0 0
15 0 0 0 0 0 0 0 0 0 0 0 0 0 0 0 0 0 0 0 0
16 0 0 0 0 0 0 0 0 0 0 0 0 0 0 0 0 0 0 0 0
17 0 0 0 0 0 0 0 0 0 0 0 0 0 0 0 0 0 0 0 0
18 0 0 0 0 0 0 0 0 0 0 0 0 0 0 0 0 0 0 0 0
19 0 0 0 0 0 0 0 0 0 0 0 0 0 0 0 0 0 0 0 0
20 0 0 0 0 0 0 0 0 0 0 0 0 0 0 0 0 0 0 0 0
21 0 0 0 0 0 0 0 0 0 0 0 0 0 0 0 0 0 0 0 0
22 0 0 0 0 0 0 0 0 0 0 0 0 0 0 0 0 0 0 0 0
23 0 0 0 0 0 0 0 0 0 0 0 0 0 0 0 0 0 0 0 0
24 0 0 0 0 0 0 0 0 0 0 0 0 0 0 0 0 0 0 0 0
25 0 0 0 0 0 0 0 0 0 0 0 0 0 0 0 0 0 0 0 0
26 0 0 0 0 0 0 0 0 0 0 0 0 0 0 0 0 0 0 0 0
27 0 0 0 0 0 0 0 0 0 0 0 0 0 0 0 0 0 0 0 0
28 0 0 0 0 0 0 0 0 0 0 0 0 0 0 0 0 0 0 0 0
29 0 0 0 0 0 0 0 0 0 0 0 0 0 0 0 0 0 0 0 0
30 0 0 0 0 0 0 0 0 0 0 0 0 0 0 0 0 0 0 0 0
31 0.069311 0.05967 0.056798 0.055634 0.055753 0.056127 0.056757 0.057239 0.056183 0.055128 0.053452 0.051155 0.048858 0.046436 0.044003 0.041374 0.03855 0.036382 0.035087 0.026104
32 0.072018 0.064799 0.061869 0.060191 0.059453 0.058838 0.058346 0.057719 0.055696 0.053674 0.051259 0.048451 0.045643 0.042908 0.040179 0.038178 0.036904 0.034764 0.03147 0.027638
33 0.074497 0.069695 0.066422 0.064518 0.063641 0.061996 0.059581 0.05713 0.054293 0.051456 0.048653 0.045884 0.043114 0.040482 0.037862 0.035966 0.034793 0.032722 0.029455 0.02784
34 0.075762 0.072156 0.069752 0.067041 0.064098 0.061289 0.058614 0.055949 0.053381 0.050814 0.048216 0.045588 0.04296 0.04061 0.038286 0.035896 0.033439 0.030974 0.0285 0.026675
35 0.075403 0.073045 0.069932 0.066919 0.06398 0.061135 0.058383 0.055659 0.053216 0.050773 0.048295 0.045783 0.04327 0.040811 0.038356 0.035906 0.033459 0.030992 0.028498 0.026186
36 0.076671 0.0733 0.070392 0.067355 0.064222 0.061268 0.058491 0.055732 0.053149 0.050565 0.047996 0.045442 0.042887 0.040406 0.037932 0.035547 0.033249 0.030908 0.028508 0.02598
37 0.07748 0.074082 0.070925 0.067871 0.064894 0.061897 0.05888 0.055886 0.053142 0.050398 0.047689 0.045013 0.042337 0.039924 0.037536 0.035115 0.032661 0.030319 0.028126 0.025825
38 0.078252 0.074908 0.071435 0.068217 0.065189 0.062158 0.059124 0.056107 0.053276 0.050444 0.047659 0.04492 0.042181 0.039609 0.037053 0.034554 0.032112 0.029781 0.0276 0.025423
39 0.078836 0.075506 0.072072 0.068759 0.065535 0.062388 0.059317 0.056259 0.053329 0.0504 0.04755 0.044781 0.042012 0.039352 0.036702 0.034156 0.031713 0.029345 0.027075 0.024911
40 0.08663 0.085459 0.079952 0.075159 0.070902 0.066727 0.062634 0.058535 0.05438 0.050225 0.046316 0.042653 0.038991 0.035645 0.032329 0.029026 0.025734 0.022589 0.019637 0.01648
41 0.088178 0.085883 0.080314 0.075494 0.071236 0.067041 0.062909 0.058773 0.054594 0.050415 0.046418 0.042604 0.038789 0.035326 0.031895 0.028487 0.025101 0.021887 0.018902 0.015752
42 0.089066 0.085225 0.08057 0.076019 0.071546 0.067301 0.063285 0.059251 0.055033 0.050814 0.046714 0.042731 0.038749 0.035104 0.031491 0.027993 0.02461 0.02132 0.018156 0.015022
43 0.089298 0.085272 0.080967 0.076518 0.07196 0.06765 0.063588 0.05951 0.055272 0.051033 0.046875 0.042796 0.038718 0.034937 0.031186 0.02759 0.024151 0.020788 0.017527 0.014365
44 0.089756 0.086175 0.081569 0.077018 0.072509 0.068098 0.063786 0.059481 0.055244 0.051007 0.046835 0.042728 0.038622 0.03474 0.03088 0.027173 0.023618 0.020181 0.016903 0.013676
45 0.09145 0.086691 0.081973 0.077368 0.072848 0.06835 0.063873 0.059415 0.055155 0.050895 0.046698 0.042564 0.038429 0.034496 0.030583 0.026812 0.023184 0.019699 0.016403 0.013113
46 0.091636 0.087159 0.082481 0.077846 0.073242 0.068645 0.064054 0.059487 0.055169 0.050851 0.046605 0.042431 0.038257 0.034299 0.030362 0.026554 0.022875 0.01935 0.01603 0.01267
47 0.092412 0.087531 0.082834 0.078167 0.073523 0.068882 0.064245 0.059628 0.055219 0.05081 0.046501 0.042292 0.038083 0.0341 0.030138 0.026291 0.022559 0.018973 0.015581 0.01223
48 0.092924 0.087881 0.083122 0.078422 0.073765 0.069116 0.064476 0.059847 0.055326 0.050805 0.046424 0.042183 0.037942 0.033931 0.029944 0.026056 0.02227 0.018613 0.015128 0.011824
49 0.093116 0.088298 0.083456 0.078684 0.073964 0.069291 0.064666 0.060044 0.055457 0.05087 0.046427 0.042125 0.037824 0.033779 0.029758 0.025827 0.021985 0.018271 0.014726 0.011431
50 0.093414 0.088692 0.08376 0.078902 0.074101 0.069401 0.064801 0.060199 0.055573 0.050948 0.046451 0.042084 0.037716 0.033637 0.029585 0.025613 0.02172 0.017959 0.014371 0.011072
51 0.09397 0.088975 0.084064 0.079176 0.074307 0.069544 0.064887 0.060234 0.055614 0.050993 0.046471 0.042046 0.037622 0.033485 0.029376 0.025363 0.021446 0.01766 0.014046 0.010721
52 0.09424 0.089199 0.084355 0.079464 0.074537 0.069706 0.06497 0.060247 0.055647 0.051047 0.04651 0.042035 0.03756 0.033363 0.029193 0.025142 0.021208 0.017401 0.013765 0.01041
53 0.0945 0.089407 0.084518 0.079631 0.074745 0.069898 0.065088 0.060297 0.055697 0.051097 0.046538 0.042021 0.037504 0.033288 0.029101 0.025009 0.021011 0.01714 0.013437 0.010071
54 0.094487 0.0896 0.084642 0.079764 0.074945 0.070098 0.065222 0.060369 0.055765 0.051161 0.046582 0.042026 0.037471 0.033242 0.029045 0.024915 0.020849 0.016911 0.01314 0.0097653
55 0.094628 0.089726 0.084789 0.079894 0.07503 0.070174 0.065327 0.060498 0.05586 0.051222 0.046623 0.042062 0.037501 0.033206 0.028938 0.02476 0.020673 0.016709 0.01291 0.0094713
56 0.094731 0.089805 0.084912 0.080005 0.07509 0.07023 0.065427 0.060635 0.055965 0.051294 0.046676 0.042109 0.037542 0.033183 0.028844 0.02462 0.020512 0.016524 0.012699 0.0091995
57 0.095014 0.089914 0.084991 0.08009 0.075206 0.070353 0.065531 0.06072 0.056026 0.051332 0.04669 0.042101 0.037511 0.033122 0.028753 0.0245 0.020363 0.016348 0.012494 0.0089416
58 0.094931 0.090041 0.085086 0.080191 0.07534 0.070495 0.065656 0.060827 0.056108 0.051389 0.046725 0.042115 0.037505 0.033085 0.028684 0.0244 0.020232 0.016185 0.0123 0.0087067
59 0.095014 0.089992 0.085088 0.080205 0.075339 0.070513 0.065729 0.060947 0.056191 0.051435 0.046761 0.042168 0.037575 0.033128 0.028696 0.024369 0.020147 0.016051 0.012123 0.0085266
60 0.094836 0.090004 0.085136 0.080261 0.075381 0.070568 0.065822 0.061072 0.056285 0.051497 0.04681 0.042223 0.037637 0.03316 0.028693 0.024326 0.02006 0.015923 0.011955 0.0083505
61 0.094811 0.089865 0.085036 0.080224 0.075425 0.070651 0.065902 0.061151 0.05638 0.05161 0.04692 0.042313 0.037706 0.033191 0.028685 0.024288 0.019998 0.015829 0.011821 0.0081928
62 0.094578 0.089804 0.085009 0.080242 0.075496 0.070748 0.065996 0.061244 0.056482 0.051721 0.047023 0.042388 0.037754 0.033206 0.028666 0.024245 0.019944 0.015745 0.011684 0.0080256
63 0.094499 0.089666 0.084965 0.080238 0.075491 0.07076 0.066047 0.061331 0.056583 0.051834 0.047127 0.042461 0.037794 0.033225 0.028665 0.024236 0.019939 0.015709 0.011568 0.0078611
64 0.094304 0.089586 0.084954 0.080258 0.075515 0.070799 0.066112 0.061419 0.056678 0.051936 0.047219 0.042527 0.037834 0.033246 0.028668 0.024224 0.019913 0.015651 0.011455 0.0077019
65 0.094159 0.089441 0.084846 0.080198 0.075512 0.070836 0.06617 0.061498 0.056766 0.052034 0.047317 0.042615 0.037913 0.033311 0.028718 0.024246 0.019896 0.015597 0.011366 0.0075636
66 0.093925 0.089315 0.084772 0.080174 0.075535 0.070887 0.066229 0.061565 0.056841 0.052116 0.0474 0.042694 0.037988 0.033371 0.028764 0.024265 0.019876 0.015547 0.011299 0.0074366
67 0.093684 0.089074 0.084645 0.080128 0.075544 0.070925 0.066272 0.061615 0.056906 0.052198 0.047494 0.042794 0.038095 0.033465 0.028841 0.024314 0.019883 0.015526 0.011267 0.00733
68 0.093437 0.088899 0.084547 0.080094 0.075563 0.070968 0.06631 0.06165 0.05697 0.052291 0.047599 0.042895 0.038191 0.033546 0.028907 0.024354 0.019887 0.015494 0.011198 0.0072017
69 0.093144 0.088703 0.084396 0.080004 0.075547 0.070989 0.06633 0.061674 0.057044 0.052415 0.047743 0.043028 0.038314 0.033653 0.028998 0.024419 0.019917 0.015479 0.011127 0.0070735
70 0.092797 0.088543 0.084276 0.079929 0.075521 0.071005 0.066383 0.06176 0.057139 0.052518 0.04785 0.043135 0.03842 0.033752 0.029089 0.024483 0.019934 0.015453 0.011062 0.0069505
71 0.092551 0.08832 0.084107 0.079806 0.075437 0.070982 0.066439 0.061888 0.057253 0.052617 0.047947 0.043242 0.038538 0.033867 0.0292 0.024565 0.019963 0.015435 0.011008 0.006833
72 0.09228 0.088119 0.083928 0.079659 0.075331 0.070936 0.066472 0.061995 0.057371 0.052747 0.048077 0.043363 0.038649 0.033969 0.029292 0.024642 0.020017 0.015452 0.010965 0.0067349
73 0.091945 0.087883 0.0837 0.079465 0.075193 0.070869 0.066494 0.0621 0.057504 0.052909 0.048246 0.043515 0.038784 0.034092 0.029404 0.024738 0.020096 0.01549 0.010933 0.0066421
74 0.09165 0.087697 0.083587 0.079402 0.075161 0.07087 0.066531 0.06217 0.057583 0.052997 0.048337 0.043605 0.038872 0.034178 0.029487 0.024808 0.020141 0.015499 0.010891 0.0065342
75 0.091224 0.087457 0.08348 0.079367 0.075152 0.070886 0.066569 0.062228 0.057653 0.053077 0.048426 0.043701 0.038976 0.034282 0.029591 0.024898 0.020204 0.015525 0.010864 0.0064404
76 0.090845 0.087156 0.083243 0.079181 0.075007 0.070781 0.066504 0.062207 0.057708 0.053209 0.048594 0.043863 0.039131 0.034436 0.029744 0.025041 0.020329 0.015621 0.010918 0.0064842
77 0.090339 0.086839 0.082967 0.078954 0.074834 0.070662 0.066436 0.062194 0.057788 0.053383 0.048809 0.044065 0.039322 0.034619 0.02992 0.025201 0.02046 0.015718 0.010976 0.0065158
78 0.089932 0.086452 0.082671 0.078744 0.074709 0.070614 0.066461 0.062287 0.057897 0.053508 0.048953 0.044234 0.039514 0.034804 0.030094 0.025336 0.02053 0.015756 0.011024 0.0064797
79 0.089557 0.085976 0.082319 0.078503 0.074569 0.070568 0.066498 0.062401 0.058023 0.053644 0.049108 0.044415 0.039721 0.035001 0.030277 0.025484 0.020621 0.015809 0.011063 0.0064418
80 0.089171 0.08564 0.082067 0.078336 0.074486 0.070544 0.06651 0.062446 0.058076 0.053706 0.049194 0.04454 0.039886 0.035163 0.030435 0.025637 0.020772 0.015916 0.011073 0.0064037
81 0.088638 0.085327 0.081834 0.078186 0.074421 0.07054 0.066541 0.06251 0.058144 0.053779 0.04929 0.044678 0.040067 0.035337 0.030597 0.025783 0.020895 0.015994 0.011074 0.0063648
82 0.088197 0.084979 0.081585 0.078028 0.074348 0.07054 0.066603 0.062626 0.058236 0.053847 0.049376 0.044825 0.040273 0.035526 0.030761 0.025902 0.020951 0.016004 0.011062 0.0063321
83 0.087776 0.084554 0.081277 0.077824 0.07424 0.070515 0.066648 0.062735 0.058335 0.053934 0.049488 0.044994 0.040501 0.035736 0.030945 0.02605 0.02105 0.016055 0.011066 0.006275
84 0.08717 0.084183 0.081083 0.077688 0.074073 0.070378 0.066603 0.062777 0.058428 0.05408 0.049672 0.045204 0.040736 0.035951 0.031136 0.026218 0.0212 0.016156 0.011081 0.0061831
85 0.086694 0.083743 0.080826 0.077501 0.073872 0.070218 0.06654 0.062809 0.05853 0.05425 0.049886 0.045437 0.040989 0.036177 0.031331 0.026387 0.021346 0.016253 0.011092 0.00612
86 0.086184 0.083403 0.080452 0.077186 0.073684 0.070131 0.066525 0.062868 0.058668 0.054468 0.050141 0.045687 0.041232 0.036386 0.031501 0.026528 0.021466 0.016328 0.011089 0.0060712
87 0.085998 0.082947 0.079986 0.076804 0.073456 0.070013 0.066476 0.062888 0.058779 0.054671 0.05039 0.045936 0.041482 0.036606 0.03169 0.026685 0.02159 0.016418 0.011143 0.0060433
88 0.085216 0.082401 0.079584 0.076558 0.073375 0.070019 0.066491 0.062919 0.058898 0.054878 0.050643 0.046194 0.041746 0.036843 0.031897 0.026855 0.021716 0.016515 0.01123 0.0060224
89 0.084606 0.081753 0.079084 0.076207 0.073173 0.069923 0.066458 0.062953 0.059023 0.055093 0.050902 0.046451 0.041999 0.037103 0.032164 0.027107 0.021932 0.016676 0.011313 0.0060809
90 0.08406 0.081372 0.078695 0.075827 0.072815 0.069661 0.066366 0.063021 0.05916 0.0553 0.051136 0.046669 0.042201 0.037338 0.032436 0.027382 0.022174 0.016852 0.011378 0.0061563
91 0.083038 0.080913 0.078257 0.075452 0.072534 0.06949 0.066322 0.063098 0.059293 0.055488 0.051369 0.046935 0.042501 0.037653 0.032765 0.027692 0.022435 0.017055 0.011512 0.0061985
92 0.082358 0.080382 0.077791 0.075127 0.072409 0.069478 0.066335 0.063134 0.059344 0.055554 0.051482 0.047128 0.042774 0.037939 0.033056 0.027963 0.022658 0.01723 0.011637 0.0062208
93 0.081689 0.079849 0.077362 0.074816 0.072224 0.069386 0.0663 0.063157 0.059433 0.055709 0.051695 0.047391 0.043087 0.038232 0.033323 0.028196 0.022849 0.017383 0.01176 0.0061581
94 0.080589 0.079551 0.077177 0.074648 0.072003 0.069185 0.066195 0.063149 0.059528 0.055907 0.051958 0.047681 0.043405 0.038519 0.033574 0.028409 0.023026 0.017528 0.011879 0.0060896
95 0.079861 0.079137 0.076885 0.074426 0.071813 0.069047 0.066129 0.063155 0.059608 0.056061 0.052146 0.047865 0.043583 0.038752 0.033868 0.028693 0.023226 0.017658 0.011958 0.0061284
96 0.080006 0.078647 0.076493 0.074148 0.071659 0.068964 0.066063 0.06311 0.059618 0.056125 0.052233 0.047943 0.043652 0.038909 0.034123 0.028953 0.023399 0.017766 0.012029 0.0061607
97 0.079493 0.078148 0.075991 0.073772 0.071507 0.068949 0.066098 0.063195 0.059746 0.056298 0.052452 0.048208 0.043964 0.039146 0.034273 0.029056 0.023495 0.017865 0.012145 0.0061984
98 0.079219 0.077843 0.075462 0.073316 0.071348 0.068958 0.066147 0.063281 0.059853 0.056426 0.052617 0.048426 0.044236 0.039338 0.034371 0.029116 0.023574 0.017964 0.012264 0.0062407
99 0.078914 0.077171 0.074956 0.072914 0.071001 0.068694 0.065991 0.063234 0.059912 0.05659 0.052854 0.048704 0.044554 0.039646 0.034665 0.029398 0.023847 0.018204 0.012438 0.0063138
100 0.077617 0.076396 0.07476 0.072848 0.070729 0.06839 0.065832 0.063217 0.060018 0.056819 0.053158 0.049035 0.044912 0.039997 0.035005 0.029729 0.024169 0.018467 0.012578 0.0063252
101 0.076955 0.075702 0.074444 0.072749 0.070728 0.068451 0.06592 0.063325 0.060074 0.056824 0.053172 0.049118 0.045064 0.040216 0.035291 0.030048 0.024486 0.018685 0.012564 0.0061848
102 0.076219 0.075494 0.074149 0.072561 0.07079 0.068605 0.066006 0.063341 0.060001 0.056661 0.053028 0.049102 0.045176 0.040415 0.035572 0.030356 0.024768 0.018899 0.012658 0.006197
103 0.075048 0.074858 0.073603 0.072172 0.070609 0.068523 0.065914 0.063254 0.060073 0.056891 0.053362 0.049485 0.045609 0.040809 0.03592 0.030626 0.024929 0.019036 0.012885 0.0063953
104 0.074373 0.074018 0.07297 0.071716 0.070308 0.068293 0.065671 0.063016 0.06003 0.057043 0.05365 0.049849 0.046048 0.041235 0.036323 0.030985 0.025219 0.019316 0.01323 0.0067081
105 0.073205 0.073191 0.072063 0.070965 0.069889 0.068101 0.065601 0.063069 0.060219 0.05737 0.054041 0.050234 0.046426 0.041612 0.0367 0.031353 0.025573 0.019677 0.013625 0.007087
106 0.072193 0.072742 0.07128 0.070256 0.069561 0.068013 0.065611 0.063179 0.060436 0.057694 0.054415 0.050599 0.046783 0.041918 0.036952 0.031609 0.025889 0.01996 0.013753 0.0071598
107 0.072119 0.072541 0.071028 0.069999 0.069333 0.067867 0.065601 0.063289 0.060506 0.057723 0.054465 0.050732 0.046998 0.042048 0.036981 0.031679 0.026145 0.020196 0.013694 0.0070559
108 0.072242 0.072103 0.070641 0.069576 0.068809 0.0674 0.065349 0.063235 0.06047 0.057704 0.054511 0.050892 0.047272 0.042362 0.037326 0.032016 0.02643 0.020494 0.014092 0.0070777
109 0.071889 0.071429 0.069729 0.068781 0.068398 0.067278 0.065421 0.063479 0.060669 0.057858 0.054654 0.051057 0.047461 0.042691 0.037809 0.032438 0.026578 0.020652 0.01464 0.0070903
110 0.071594 0.070771 0.068663 0.067801 0.067876 0.067085 0.065426 0.063673 0.060942 0.058212 0.055045 0.051439 0.047834 0.043053 0.038159 0.032792 0.026954 0.020905 0.014576 0.0071999
111 0.070918 0.070661 0.068471 0.067511 0.067473 0.066652 0.065046 0.063378 0.061073 0.058768 0.055727 0.051952 0.048177 0.043235 0.038179 0.032853 0.027257 0.021121 0.014265 0.007281
112 0.0708 0.070345 0.068018 0.066889 0.066658 0.065813 0.064354 0.062856 0.060957 0.059058 0.056196 0.052371 0.048546 0.043592 0.038528 0.033273 0.027825 0.021686 0.014625 0.0076126
113 0.070719 0.069363 0.067274 0.066252 0.06603 0.06528 0.064004 0.062684 0.060913 0.059142 0.056385 0.052642 0.048899 0.043989 0.038968 0.033782 0.028431 0.022269 0.015026 0.0079481
114 0.07064 0.068025 0.066271 0.065429 0.065273 0.064714 0.063752 0.062728 0.061065 0.059402 0.056748 0.053102 0.049456 0.044496 0.039409 0.034219 0.028927 0.022768 0.015453 0.0081224
115 0.070231 0.067864 0.066063 0.065089 0.064735 0.064265 0.06368 0.062991 0.061225 0.05946 0.056799 0.053244 0.049689 0.044655 0.039479 0.034309 0.029146 0.023066 0.015767 0.0082444
